0.83125 0.834375 596
0.83125 0.834375 596
0.83125 0.828125 596
0.83125 0.828125 596
0.83125 0.828125 596
0.83125 0.828125 596
0.83125 0.828125 596
0.83125 0.825 596
0.83125 0.825 596
0.83125 0.825 596
0.83125 0.83125 596
0.83125 0.828125 596
0.83125 0.828125 596
0.83125 0.825 596
0.83125 0.81875 598
0.83125 0.81875 598
0.83125 0.81875 598
0.83125 0.81875 600
0.83125 0.825 602
0.83125 0.825 602
0.828125 0.821875 622
0.828125 0.81875 652
0.828125 0.81875 652
0.828125 0.81875 652
0.828125 0.81875 652
0.828125 0.81875 652
0.828125 0.81875 652
0.828125 0.825 658
0.828125 0.825 658
0.828125 0.825 658
0.828125 0.825 658
0.828125 0.825 660
0.828125 0.825 660
0.828125 0.825 660
0.828125 0.825 660
0.828125 0.825 660
0.828125 0.825 660
0.828125 0.825 660
0.828125 0.825 672
0.828125 0.825 672
0.828125 0.825 672
0.828125 0.825 672
0.828125 0.81875 678
0.828125 0.81875 678
0.828125 0.81875 680
0.828125 0.81875 682
0.828125 0.81875 688
0.828125 0.81875 688
0.828125 0.81875 688
0.821875 0.821875 730
0.821875 0.821875 730
0.821875 0.81875 730
0.821875 0.821875 730
0.821875 0.821875 730
0.821875 0.825 730
0.821875 0.825 730
0.821875 0.83125 730
0.821875 0.834375 732
0.821875 0.834375 732
0.821875 0.834375 732
0.821875 0.83125 732
0.821875 0.828125 734
0.821875 0.828125 734
0.821875 0.828125 734
0.821875 0.821875 734
0.821875 0.821875 734
0.815625 0.8125 754
0.815625 0.8125 754
0.815625 0.8125 754
0.815625 0.8125 754
0.815625 0.8125 756
0.815625 0.8125 756
0.815625 0.8125 756
0.815625 0.8125 762
0.815625 0.8125 764
0.815625 0.809375 770
0.815625 0.809375 772
0.815625 0.809375 772
0.815625 0.809375 772
0.815625 0.809375 772
0.815625 0.809375 772
0.815625 0.809375 772
0.815625 0.809375 772
0.815625 0.809375 772
0.815625 0.809375 772
0.815625 0.809375 772
0.815625 0.809375 772
0.815625 0.809375 772
0.815625 0.809375 774
0.815625 0.809375 774
0.815625 0.809375 774
0.815625 0.80625 774
0.815625 0.80625 774
0.815625 0.80625 774
0.815625 0.80625 780
0.815625 0.80625 782
0.815625 0.803125 782
0.815625 0.803125 782
0.815625 0.803125 784
0.809375 0.79375 814
0.809375 0.79375 814
0.809375 0.79375 814
0.809375 0.79375 814
0.809375 0.79375 814
0.809375 0.79375 814
0.809375 0.79375 814
0.809375 0.79375 814
0.809375 0.79375 814
0.809375 0.79375 814
0.809375 0.796875 816
0.809375 0.796875 816
0.809375 0.796875 816
0.809375 0.796875 816
0.809375 0.796875 816
0.809375 0.803125 816
0.809375 0.803125 816
0.809375 0.8 816
0.809375 0.8 816
0.809375 0.8 816
0.809375 0.8 816
0.809375 0.8 816
0.809375 0.8 816
0.821875 0.803125 822
0.821875 0.803125 824
0.821875 0.803125 824
0.821875 0.803125 824
0.821875 0.803125 824
0.821875 0.8 824
0.821875 0.8 824
0.821875 0.8 824
0.821875 0.796875 824
0.821875 0.796875 824
0.81875 0.796875 830
0.81875 0.8 836
0.81875 0.80625 838
0.81875 0.80625 838
0.81875 0.80625 840
0.81875 0.80625 842
0.81875 0.80625 842
0.81875 0.80625 842
0.81875 0.80625 842
0.81875 0.80625 842
0.81875 0.80625 842
0.815625 0.80625 872
0.815625 0.80625 872
0.815625 0.80625 872
0.815625 0.80625 872
0.815625 0.80625 872
0.815625 0.803125 872
0.815625 0.803125 872
0.815625 0.809375 874
0.815625 0.809375 874
0.815625 0.809375 874
0.815625 0.809375 874
0.815625 0.80625 880
0.815625 0.80625 880
0.815625 0.80625 880
0.815625 0.80625 880
0.815625 0.80625 880
0.815625 0.803125 882
0.815625 0.803125 884
0.815625 0.803125 896
0.815625 0.803125 896
0.815625 0.803125 896
0.815625 0.803125 896
0.815625 0.803125 896
0.815625 0.803125 896
0.815625 0.80625 896
0.815625 0.80625 896
0.815625 0.80625 898
0.815625 0.80625 898
0.815625 0.809375 900
0.815625 0.809375 902
0.815625 0.809375 902
0.815625 0.80625 908
0.815625 0.80625 914
0.815625 0.80625 916
0.815625 0.80625 916
0.815625 0.80625 916
0.815625 0.80625 916
0.815625 0.80625 916
0.815625 0.80625 916
0.8125 0.80625 918
0.8125 0.80625 918
0.8125 0.803125 920
0.8125 0.803125 922
0.8125 0.803125 922
0.8125 0.803125 924
0.8125 0.803125 926
0.8125 0.803125 926
0.8125 0.803125 926
0.8125 0.803125 926
0.809375 0.80625 938
0.809375 0.80625 938
0.809375 0.80625 938
0.809375 0.80625 938
0.809375 0.80625 944
0.809375 0.80625 944
0.803125 0.80625 950
0.803125 0.80625 950
0.803125 0.80625 950
0.803125 0.80625 950
0.803125 0.803125 962
0.803125 0.80625 964
0.803125 0.80625 964
0.803125 0.80625 964
0.8 0.80625 976
0.8 0.80625 976
0.8 0.80625 978
0.8 0.80625 978
0.8 0.80625 978
0.8 0.80625 978
0.8 0.80625 980
0.8 0.80625 982
0.8 0.80625 982
0.8 0.80625 982
0.8 0.80625 982
0.8 0.80625 982
0.8 0.80625 982
0.8 0.80625 982
0.8 0.80625 982
0.8 0.803125 982
0.803125 0.8 994
0.803125 0.8 994
0.803125 0.8 994
0.803125 0.8 994
0.803125 0.80625 994
0.803125 0.80625 994
0.803125 0.80625 996
0.803125 0.80625 996
0.803125 0.80625 996
0.803125 0.80625 996
0.803125 0.803125 998
0.8 0.803125 1000
0.8 0.803125 1000
0.8 0.803125 1000
0.8 0.803125 1000
0.8 0.803125 1000
0.8 0.803125 1000
0.8 0.803125 1000
0.8 0.8 1012
0.8 0.796875 1012
0.8 0.79375 1012
0.8 0.796875 1014
0.8 0.796875 1014
0.8 0.8 1014
0.8 0.8 1014
0.8 0.8 1014
0.8 0.8 1014
0.8 0.8 1014
0.8 0.796875 1014
0.8 0.8 1014
0.8 0.796875 1014
0.8 0.796875 1014
0.8 0.796875 1014
0.8 0.8 1014
0.8 0.8 1014
0.8 0.8 1014
0.8 0.8 1016
0.8 0.8 1016
0.8 0.8 1016
0.8 0.8 1016
0.8 0.8 1016
0.8 0.8 1016
0.8 0.8 1016
0.8 0.8 1028
0.796875 0.8 1040
0.796875 0.8 1040
0.796875 0.8 1060
0.796875 0.8 1060
0.796875 0.8 1060
0.796875 0.8 1060
0.796875 0.8 1060
0.796875 0.8 1060
0.796875 0.8 1060
0.796875 0.8 1060
0.796875 0.8 1080
0.796875 0.8 1082
0.796875 0.8 1082
0.796875 0.8 1102
0.796875 0.8 1102
0.796875 0.8 1102
0.796875 0.79375 1108
0.796875 0.79375 1108
0.796875 0.79375 1108
0.796875 0.79375 1108
0.796875 0.79375 1108
0.796875 0.79375 1108
0.796875 0.79375 1110
0.796875 0.79375 1110
0.796875 0.79375 1110
0.796875 0.79375 1110
0.796875 0.79375 1110
0.796875 0.79375 1116
0.796875 0.79375 1116
0.796875 0.79375 1122
0.796875 0.79375 1122
0.796875 0.790625 1128
0.796875 0.790625 1130
0.79375 0.790625 1150
0.79375 0.790625 1150
0.79375 0.790625 1150
0.79375 0.790625 1150
0.79375 0.790625 1152
0.79375 0.790625 1152
0.79375 0.790625 1152
0.79375 0.790625 1152
0.79375 0.790625 1152
0.79375 0.790625 1152
0.79375 0.790625 1152
0.790625 0.784375 1172
0.790625 0.784375 1172
0.790625 0.784375 1172
0.790625 0.784375 1172
0.790625 0.784375 1172
0.790625 0.784375 1172
0.790625 0.784375 1172
0.790625 0.784375 1174
0.790625 0.784375 1174
0.790625 0.784375 1174
0.790625 0.784375 1174
0.790625 0.784375 1174
0.790625 0.784375 1180
0.790625 0.784375 1180
0.790625 0.784375 1180
0.790625 0.784375 1180
0.784375 0.775 1236
0.784375 0.775 1236
0.784375 0.775 1236
0.784375 0.775 1236
0.784375 0.775 1236
0.784375 0.775 1236
0.784375 0.775 1236
0.784375 0.775 1236
0.784375 0.775 1238
0.784375 0.775 1238
0.784375 0.775 1238
0.784375 0.775 1238
0.784375 0.775 1238
0.778125 0.771875 1250
0.778125 0.771875 1250
0.778125 0.775 1250
0.778125 0.775 1250
0.778125 0.775 1252
0.778125 0.775 1252
0.778125 0.775 1252
0.778125 0.778125 1252
0.778125 0.778125 1254
0.778125 0.76875 1254
0.778125 0.76875 1254
0.778125 0.76875 1254
0.778125 0.76875 1254
0.778125 0.76875 1254
0.778125 0.76875 1260
0.778125 0.76875 1266
0.778125 0.76875 1266
0.778125 0.76875 1266
0.79375 0.775 1286
0.79375 0.775 1286
0.79375 0.775 1286
0.79375 0.775 1286
0.79375 0.775 1286
0.79375 0.775 1286
0.79375 0.775 1286
0.79375 0.775 1286
0.79375 0.778125 1286
0.79375 0.78125 1286
0.79375 0.78125 1286
0.79375 0.78125 1286
0.79375 0.78125 1306
0.79375 0.78125 1312
0.796875 0.78125 1324
0.796875 0.78125 1326
0.796875 0.78125 1326
0.796875 0.78125 1326
0.796875 0.78125 1328
0.796875 0.78125 1328
0.796875 0.78125 1328
0.796875 0.78125 1330
0.796875 0.78125 1330
0.796875 0.778125 1350
0.796875 0.778125 1350
0.796875 0.775 1350
0.796875 0.775 1350
0.796875 0.76875 1352
0.796875 0.76875 1352
0.796875 0.7875 1372
0.796875 0.7875 1384
0.796875 0.7875 1386
0.796875 0.79375 1392
0.796875 0.8 1394
0.796875 0.796875 1394
0.796875 0.796875 1394
0.796875 0.796875 1394
0.796875 0.79375 1400
0.796875 0.79375 1400
0.796875 0.790625 1400
0.796875 0.790625 1400
0.796875 0.796875 1412
0.796875 0.796875 1412
0.796875 0.796875 1412
0.796875 0.79375 1412
0.796875 0.790625 1412
0.796875 0.79375 1418
0.796875 0.79375 1418
0.796875 0.790625 1418
0.796875 0.790625 1418
0.796875 0.790625 1418
0.796875 0.790625 1418
0.796875 0.790625 1418
0.796875 0.79375 1430
0.796875 0.79375 1430
0.796875 0.79375 1442
0.796875 0.7875 1448
0.796875 0.7875 1448
0.796875 0.7875 1448
0.796875 0.784375 1460
0.796875 0.784375 1460
0.796875 0.784375 1460
0.796875 0.784375 1462
0.796875 0.784375 1462
0.796875 0.784375 1462
0.796875 0.78125 1462
0.796875 0.78125 1464
0.796875 0.78125 1470
0.796875 0.7875 1470
0.796875 0.7875 1470
0.796875 0.784375 1470
0.796875 0.78125 1476
0.8 0.78125 1488
0.8 0.78125 1490
0.8 0.778125 1490
0.8 0.778125 1490
0.8 0.784375 1492
0.8 0.78125 1492
0.8 0.78125 1492
0.8 0.78125 1492
0.8 0.784375 1498
0.8 0.784375 1498
0.8 0.784375 1498
0.8 0.7875 1498
0.8 0.7875 1498
0.8 0.79375 1498
0.8 0.79375 1498
0.8 0.8 1528
0.8 0.8 1528
0.8 0.80625 1528
0.8 0.80625 1528
0.8 0.80625 1530
0.8 0.80625 1542
0.796875 0.803125 1584
0.796875 0.803125 1596
0.796875 0.803125 1596
0.796875 0.803125 1596
0.796875 0.803125 1596
0.796875 0.803125 1596
0.796875 0.803125 1596
0.796875 0.803125 1602
0.796875 0.803125 1602
0.796875 0.803125 1602
0.796875 0.803125 1602
0.796875 0.803125 1602
0.796875 0.803125 1608
0.796875 0.803125 1608
0.796875 0.803125 1608
0.796875 0.803125 1608
0.796875 0.803125 1614
0.796875 0.803125 1614
0.796875 0.803125 1614
0.796875 0.803125 1614
0.796875 0.803125 1616
0.796875 0.803125 1616
0.796875 0.803125 1616
0.796875 0.803125 1616
0.796875 0.803125 1616
0.796875 0.803125 1616
0.796875 0.803125 1618
0.796875 0.803125 1618
0.796875 0.803125 1624
0.81875 0.85 1654
0.81875 0.85 1654
0.81875 0.85 1654
0.821875 0.85 1656
0.821875 0.85 1656
0.821875 0.85 1656
0.821875 0.85 1656
0.821875 0.840625 1668
0.821875 0.8375 1668
0.821875 0.8375 1668
0.821875 0.8375 1670
0.821875 0.8375 1672
0.821875 0.840625 1672
0.821875 0.840625 1672
0.821875 0.840625 1672
0.821875 0.840625 1672
0.821875 0.840625 1672
0.821875 0.840625 1684
0.821875 0.840625 1684
0.821875 0.8375 1704
0.821875 0.8375 1704
0.821875 0.8375 1710
0.821875 0.8375 1712
0.821875 0.8375 1712
0.821875 0.8375 1718
0.821875 0.8375 1718
0.821875 0.8375 1720
0.821875 0.8375 1720
0.821875 0.8375 1720
0.821875 0.84375 1720
0.821875 0.840625 1720
0.821875 0.840625 1720
0.821875 0.840625 1720
0.821875 0.83125 1720
0.821875 0.83125 1720
0.821875 0.828125 1726
0.821875 0.828125 1726
0.821875 0.828125 1726
0.821875 0.825 1726
0.821875 0.825 1726
0.821875 0.821875 1738
0.821875 0.821875 1738
0.821875 0.821875 1738
0.821875 0.821875 1738
0.821875 0.821875 1738
0.821875 0.821875 1738
0.821875 0.821875 1738
0.821875 0.821875 1744
0.821875 0.81875 1744
0.821875 0.825 1756
0.821875 0.825 1756
0.821875 0.825 1758
0.825 0.828125 1814
0.825 0.821875 1814
0.825 0.821875 1816
0.825 0.821875 1816
0.825 0.825 1816
0.825 0.821875 1858
0.825 0.825 1858
0.825 0.825 1858
0.825 0.825 1858
0.825 0.828125 1858
0.825 0.83125 1860
0.825 0.83125 1860
0.825 0.83125 1862
0.825 0.83125 1862
0.825 0.83125 1862
0.825 0.828125 1862
0.825 0.828125 1862
0.825 0.828125 1862
0.825 0.825 1864
0.825 0.825 1876
0.825 0.825 1876
0.825 0.825 1876
0.825 0.825 1876
0.825 0.825 1876
0.825 0.821875 1876
0.825 0.821875 1876
0.825 0.821875 1876
0.825 0.821875 1878
0.825 0.821875 1878
0.825 0.81875 1878
0.825 0.81875 1878
0.825 0.81875 1878
0.825 0.81875 1878
0.825 0.81875 1878
0.825 0.81875 1878
0.825 0.81875 1878
0.825 0.81875 1880
0.825 0.81875 1880
0.825 0.821875 1892
0.821875 0.821875 1898
0.821875 0.821875 1904
0.828125 0.8375 1976
0.828125 0.8375 1976
0.828125 0.8375 1976
0.828125 0.8375 1976
0.828125 0.8375 1976
0.828125 0.8375 1976
0.83125 0.834375 2006
0.83125 0.834375 2006
0.83125 0.834375 2006
0.83125 0.834375 2006
0.83125 0.834375 2006
0.83125 0.834375 2006
0.83125 0.834375 2006
0.83125 0.83125 2006
0.83125 0.83125 2006
0.83125 0.83125 2036
0.83125 0.83125 2036
0.83125 0.83125 2036
0.83125 0.83125 2038
0.83125 0.83125 2038
0.83125 0.83125 2038
0.83125 0.83125 2038
0.83125 0.83125 2038
0.83125 0.83125 2038
0.834375 0.83125 2044
0.834375 0.83125 2044
0.834375 0.83125 2046
0.834375 0.83125 2046
0.834375 0.83125 2046
0.834375 0.83125 2046
0.834375 0.83125 2046
0.834375 0.83125 2046
0.834375 0.83125 2046
0.834375 0.83125 2046
0.834375 0.83125 2046
0.834375 0.83125 2046
0.834375 0.83125 2046
0.834375 0.83125 2046
0.834375 0.83125 2046
0.834375 0.83125 2046
0.834375 0.83125 2052
0.834375 0.83125 2052
0.834375 0.83125 2064
0.834375 0.83125 2064
0.834375 0.83125 2076
0.834375 0.83125 2076
0.834375 0.83125 2076
0.834375 0.83125 2076
0.83125 0.834375 2088
0.83125 0.834375 2088
0.83125 0.834375 2088
0.83125 0.840625 2090
0.83125 0.840625 2090
0.83125 0.840625 2090
0.83125 0.840625 2090
0.828125 0.8375 2110
0.828125 0.8375 2110
0.828125 0.8375 2110
0.828125 0.840625 2110
0.828125 0.840625 2110
0.828125 0.840625 2110
0.828125 0.834375 2112
0.828125 0.834375 2112
0.828125 0.834375 2112
0.828125 0.834375 2114
0.828125 0.834375 2114
0.828125 0.8375 2114
0.828125 0.834375 2114
0.828125 0.83125 2114
0.828125 0.83125 2126
0.828125 0.83125 2126
0.828125 0.828125 2126
0.828125 0.828125 2132
0.828125 0.828125 2138
0.828125 0.828125 2138
0.828125 0.828125 2138
0.828125 0.828125 2138
0.828125 0.828125 2138
0.828125 0.828125 2140
0.828125 0.828125 2140
0.828125 0.828125 2140
0.825 0.828125 2142
0.825 0.828125 2142
0.825 0.828125 2142
0.825 0.828125 2142
0.825 0.828125 2154
0.825 0.828125 2154
0.825 0.828125 2154
0.825 0.828125 2154
0.825 0.828125 2154
0.825 0.828125 2156
0.825 0.828125 2156
0.825 0.828125 2156
0.825 0.828125 2158
0.825 0.828125 2158
0.825 0.828125 2158
0.825 0.828125 2164
0.825 0.828125 2164
0.825 0.828125 2164
0.825 0.828125 2164
0.825 0.828125 2164
0.825 0.828125 2164
0.825 0.828125 2164
0.825 0.828125 2164
0.825 0.828125 2170
0.825 0.828125 2170
0.825 0.828125 2170
0.825 0.828125 2170
0.825 0.828125 2170
0.825 0.828125 2170
0.825 0.828125 2170
0.825 0.828125 2182
0.825 0.828125 2184
0.825 0.828125 2184
0.825 0.828125 2184
0.825 0.828125 2184
0.825 0.828125 2184
0.825 0.828125 2184
0.825 0.828125 2184
0.828125 0.828125 2190
0.828125 0.828125 2192
0.828125 0.828125 2194
0.828125 0.828125 2196
0.825 0.821875 2216
0.825 0.821875 2216
0.825 0.821875 2216
0.825 0.821875 2218
0.825 0.821875 2218
0.825 0.821875 2218
0.825 0.821875 2218
0.825 0.821875 2218
0.825 0.821875 2218
0.825 0.821875 2218
0.825 0.821875 2218
0.825 0.821875 2220
0.825 0.821875 2220
0.825 0.821875 2232
0.825 0.821875 2232
0.825 0.821875 2234
0.825 0.821875 2234
0.825 0.821875 2234
0.825 0.821875 2234
0.825 0.821875 2234
0.825 0.821875 2234
0.825 0.821875 2234
0.825 0.821875 2234
0.825 0.821875 2234
0.825 0.821875 2234
0.825 0.821875 2234
0.825 0.821875 2236
0.825 0.821875 2248
0.825 0.821875 2248
0.825 0.815625 2248
0.825 0.815625 2248
0.825 0.815625 2248
0.825 0.815625 2248
0.825 0.815625 2248
0.825 0.815625 2248
0.825 0.821875 2268
0.825 0.821875 2268
0.825 0.821875 2268
0.825 0.821875 2280
0.825 0.821875 2286
0.825 0.821875 2286
0.825 0.821875 2286
0.825 0.821875 2288
0.825 0.821875 2288
0.825 0.821875 2288
0.825 0.81875 2288
0.825 0.81875 2288
0.825 0.81875 2288
0.825 0.81875 2288
0.825 0.81875 2288
0.825 0.81875 2288
0.825 0.81875 2300
0.825 0.81875 2300
0.825 0.815625 2300
0.825 0.815625 2300
0.825 0.815625 2300
0.825 0.815625 2300
0.825 0.815625 2300
0.825 0.815625 2302
0.825 0.815625 2332
0.825 0.815625 2332
0.825 0.815625 2332
0.825 0.815625 2332
0.825 0.815625 2332
0.825 0.815625 2332
0.825 0.815625 2332
0.825 0.815625 2332
0.825 0.815625 2332
0.825 0.815625 2332
0.825 0.815625 2334
0.825 0.815625 2334
0.825 0.815625 2334
0.825 0.815625 2334
0.821875 0.815625 2340
0.821875 0.815625 2340
0.821875 0.815625 2340
0.821875 0.815625 2340
0.821875 0.815625 2340
0.821875 0.815625 2340
0.821875 0.815625 2342
0.821875 0.815625 2342
0.821875 0.815625 2342
0.821875 0.815625 2342
0.821875 0.815625 2342
0.821875 0.815625 2344
0.821875 0.815625 2344
0.821875 0.815625 2344
0.821875 0.815625 2344
0.821875 0.815625 2344
0.821875 0.815625 2344
0.821875 0.815625 2344
0.821875 0.815625 2344
0.821875 0.815625 2350
0.821875 0.815625 2350
0.821875 0.815625 2350
0.821875 0.815625 2350
0.821875 0.815625 2350
0.821875 0.815625 2350
0.821875 0.809375 2380
0.821875 0.809375 2380
0.821875 0.809375 2380
0.81875 0.809375 2400
0.81875 0.809375 2402
0.81875 0.809375 2402
0.81875 0.809375 2402
0.81875 0.809375 2402
0.81875 0.809375 2402
0.81875 0.809375 2402
0.81875 0.809375 2402
0.81875 0.809375 2402
0.81875 0.809375 2402
0.81875 0.809375 2402
0.81875 0.809375 2402
0.81875 0.809375 2414
0.81875 0.809375 2414
0.81875 0.809375 2414
0.815625 0.80625 2420
0.815625 0.803125 2426
0.815625 0.803125 2432
0.8125 0.815625 2488
0.8125 0.81875 2488
0.8125 0.81875 2488
0.8125 0.81875 2490
0.8125 0.81875 2490
0.8125 0.81875 2490
0.8125 0.821875 2490
0.8125 0.821875 2492
0.8125 0.821875 2492
0.8125 0.821875 2494
0.8125 0.821875 2494
0.8125 0.821875 2494
0.8125 0.821875 2494
0.8125 0.821875 2494
0.8125 0.821875 2494
0.8125 0.821875 2494
0.8125 0.821875 2494
0.8125 0.821875 2494
0.8125 0.821875 2506
0.8125 0.821875 2512
0.8125 0.821875 2512
0.8125 0.821875 2512
0.8125 0.821875 2518
0.8125 0.81875 2518
0.8125 0.821875 2524
0.8125 0.821875 2524
0.8125 0.821875 2524
0.8125 0.821875 2526
0.8125 0.821875 2526
0.8125 0.821875 2526
0.8125 0.821875 2528
0.8125 0.821875 2528
0.8125 0.821875 2528
0.8125 0.821875 2528
0.8125 0.821875 2528
0.8125 0.821875 2528
0.8125 0.821875 2528
0.8125 0.821875 2528
0.8125 0.821875 2534
0.8125 0.821875 2534
0.8125 0.821875 2536
0.8125 0.821875 2536
0.8125 0.821875 2536
0.8125 0.821875 2536
0.8125 0.821875 2536
0.80625 0.821875 2548
0.80625 0.821875 2548
0.80625 0.821875 2548
0.80625 0.821875 2548
0.80625 0.821875 2548
0.80625 0.821875 2550
0.80625 0.821875 2550
0.80625 0.821875 2550
0.80625 0.821875 2556
0.80625 0.821875 2556
0.80625 0.821875 2556
0.80625 0.821875 2556
0.80625 0.821875 2558
0.80625 0.821875 2570
0.80625 0.821875 2570
0.80625 0.821875 2570
0.80625 0.821875 2570
0.80625 0.815625 2582
0.80625 0.815625 2582
0.80625 0.815625 2582
0.80625 0.815625 2582
0.80625 0.815625 2584
0.80625 0.815625 2584
0.80625 0.815625 2586
0.803125 0.8125 2598
0.803125 0.8125 2598
0.803125 0.8125 2598
0.803125 0.80625 2628
0.803125 0.80625 2628
0.803125 0.80625 2628
0.803125 0.80625 2628
0.80625 0.80625 2648
0.80625 0.80625 2648
0.80625 0.80625 2648
0.80625 0.80625 2648
0.80625 0.80625 2648
0.80625 0.80625 2648
0.80625 0.80625 2654
0.80625 0.80625 2654
0.80625 0.80625 2654
0.80625 0.80625 2674
0.80625 0.80625 2674
0.80625 0.80625 2680
0.80625 0.80625 2680
0.80625 0.80625 2680
0.80625 0.80625 2680
0.80625 0.80625 2680
0.80625 0.80625 2680
0.80625 0.80625 2680
0.80625 0.80625 2680
0.80625 0.80625 2680
0.80625 0.80625 2680
0.80625 0.80625 2680
0.80625 0.80625 2680
0.80625 0.80625 2692
0.80625 0.80625 2694
0.80625 0.80625 2694
0.80625 0.80625 2694
0.80625 0.80625 2694
0.80625 0.80625 2694
0.80625 0.80625 2694
0.80625 0.80625 2694
0.80625 0.80625 2694
0.80625 0.80625 2694
0.80625 0.80625 2694
0.80625 0.80625 2694
0.80625 0.80625 2694
0.80625 0.80625 2700
0.80625 0.80625 2702
0.80625 0.80625 2702
0.80625 0.80625 2702
0.80625 0.80625 2702
0.80625 0.80625 2708
0.80625 0.80625 2714
0.80625 0.80625 2714
0.80625 0.80625 2714
0.80625 0.80625 2714
0.80625 0.80625 2716
0.80625 0.80625 2716
0.80625 0.80625 2716
0.80625 0.80625 2716
0.809375 0.80625 2736
0.809375 0.80625 2738
0.809375 0.80625 2738
0.809375 0.80625 2738
0.809375 0.80625 2750
0.809375 0.80625 2762
0.809375 0.80625 2768
0.809375 0.80625 2770
0.809375 0.80625 2772
0.809375 0.80625 2772
0.809375 0.80625 2772
0.809375 0.80625 2772
0.809375 0.80625 2772
0.809375 0.80625 2772
0.809375 0.80625 2772
0.809375 0.80625 2772
0.809375 0.80625 2778
0.809375 0.80625 2778
0.809375 0.80625 2780
0.809375 0.80625 2780
0.809375 0.80625 2786
0.809375 0.80625 2786
0.809375 0.80625 2786
0.809375 0.803125 2786
0.809375 0.803125 2786
0.809375 0.803125 2786
0.809375 0.8 2786
0.809375 0.8 2786
0.809375 0.8 2786
0.809375 0.8 2786
0.809375 0.8 2788
0.815625 0.8125 2808
0.815625 0.8125 2808
0.815625 0.8125 2808
0.815625 0.8125 2808
0.815625 0.8125 2808
0.815625 0.8125 2810
0.815625 0.8125 2810
0.815625 0.8125 2810
0.815625 0.8125 2810
0.815625 0.8125 2810
0.815625 0.8125 2810
0.815625 0.8125 2816
0.815625 0.8125 2816
0.815625 0.8125 2816
0.815625 0.8125 2816
0.815625 0.8125 2818
0.815625 0.8125 2818
0.815625 0.8125 2830
0.815625 0.8125 2830
0.815625 0.8125 2832
0.815625 0.8125 2832
0.815625 0.8125 2832
0.828125 0.8125 2852
0.825 0.8125 2858
0.825 0.8125 2858
0.825 0.8125 2858
0.825 0.8125 2858
0.825 0.8125 2858
0.825 0.8125 2858
0.825 0.8125 2858
0.825 0.8125 2864
0.825 0.8125 2864
0.825 0.8125 2864
0.825 0.8125 2866
0.825 0.8125 2868
0.825 0.8125 2868
0.825 0.8125 2874
0.825 0.8125 2874
0.825 0.8125 2874
0.825 0.8125 2874
0.825 0.8125 2874
0.825 0.8125 2874
0.825 0.8125 2874
0.825 0.8125 2876
0.825 0.8125 2876
0.825 0.8125 2876
0.825 0.8125 2876
0.825 0.8125 2876
0.825 0.8125 2876
0.825 0.8125 2876
0.825 0.8125 2882
0.825 0.8125 2882
0.825 0.8125 2882
0.825 0.8125 2884
0.825 0.8125 2886
0.825 0.8125 2886
0.825 0.8125 2886
0.825 0.8125 2886
0.825 0.8125 2892
0.825 0.8125 2892
0.825 0.8125 2892
0.825 0.8125 2892
0.825 0.8125 2892
0.825 0.8125 2894
0.825 0.8125 2894
0.828125 0.81875 2924
0.83125 0.83125 2936
0.83125 0.83125 2938
0.83125 0.83125 2938
0.83125 0.8375 2944
0.83125 0.8375 2944
0.83125 0.8375 2944
0.83125 0.8375 2944
0.83125 0.8375 2944
0.83125 0.8375 2944
0.83125 0.8375 2944
0.83125 0.8375 2944
0.83125 0.8375 2944
0.83125 0.8375 2946
0.83125 0.8375 2946
0.83125 0.8375 2946
0.83125 0.8375 2952
0.83125 0.8375 2952
0.83125 0.8375 2952
0.83125 0.8375 2952
0.834375 0.84375 3008
0.834375 0.84375 3008
0.834375 0.84375 3008
0.834375 0.84375 3008
0.834375 0.840625 3008
0.834375 0.840625 3008
0.834375 0.840625 3008
0.834375 0.8375 3008
0.834375 0.8375 3008
0.834375 0.8375 3008
0.834375 0.8375 3008
0.834375 0.8375 3008
0.834375 0.8375 3008
0.834375 0.8375 3008
0.834375 0.8375 3010
0.834375 0.8375 3010
0.834375 0.8375 3010
0.834375 0.8375 3012
0.834375 0.8375 3012
0.834375 0.8375 3014
0.834375 0.8375 3016
0.834375 0.8375 3016
0.834375 0.8375 3016
0.834375 0.8375 3016
0.834375 0.8375 3016
0.834375 0.8375 3028
0.834375 0.8375 3028
0.834375 0.8375 3028
0.834375 0.8375 3028
0.834375 0.8375 3028
0.834375 0.8375 3028
0.834375 0.8375 3030
0.834375 0.8375 3032
0.834375 0.8375 3032
0.834375 0.8375 3032
0.834375 0.8375 3034
0.834375 0.8375 3034
0.834375 0.8375 3036
0.834375 0.8375 3036
0.834375 0.8375 3036
0.834375 0.8375 3036
0.834375 0.8375 3036
0.834375 0.8375 3048
0.834375 0.8375 3048
0.834375 0.8375 3048
0.834375 0.8375 3050
0.834375 0.8375 3050
0.834375 0.8375 3056
0.834375 0.8375 3058
0.834375 0.8375 3060
0.834375 0.8375 3060
0.834375 0.8375 3060
0.834375 0.8375 3062
0.834375 0.8375 3062
0.834375 0.8375 3068
0.834375 0.8375 3068
0.834375 0.8375 3068
0.834375 0.8375 3074
0.834375 0.8375 3074
0.834375 0.8375 3074
0.834375 0.8375 3074
0.834375 0.8375 3074
0.834375 0.8375 3074
0.834375 0.8375 3074
0.834375 0.8375 3080
0.834375 0.8375 3080
0.834375 0.8375 3080
0.834375 0.8375 3080
0.834375 0.834375 3080
0.834375 0.834375 3080
0.834375 0.834375 3080
0.834375 0.834375 3080
0.834375 0.83125 3080
0.834375 0.83125 3080
0.834375 0.83125 3080
0.834375 0.83125 3080
0.834375 0.83125 3080
0.834375 0.83125 3082
0.834375 0.83125 3088
0.834375 0.83125 3088
0.834375 0.83125 3088
0.834375 0.83125 3090
0.834375 0.83125 3090
0.834375 0.83125 3092
0.834375 0.83125 3094
0.834375 0.83125 3094
0.834375 0.83125 3094
0.834375 0.83125 3094
0.834375 0.83125 3094
0.834375 0.83125 3096
0.834375 0.83125 3096
0.834375 0.83125 3096
0.834375 0.83125 3098
0.83125 0.83125 3140
0.83125 0.83125 3140
0.83125 0.83125 3140
0.83125 0.83125 3140
0.83125 0.83125 3140
0.83125 0.83125 3140
0.83125 0.83125 3140
0.83125 0.83125 3140
0.83125 0.83125 3140
0.83125 0.83125 3140
0.83125 0.83125 3146
0.83125 0.83125 3146
0.83125 0.83125 3146
0.83125 0.83125 3146
0.83125 0.83125 3146
0.83125 0.83125 3146
0.83125 0.83125 3146
0.83125 0.83125 3152
0.83125 0.83125 3154
0.83125 0.83125 3154
0.83125 0.83125 3156
0.83125 0.83125 3156
0.83125 0.83125 3156
0.83125 0.83125 3156
0.83125 0.83125 3156
0.83125 0.83125 3156
0.83125 0.83125 3156
0.83125 0.83125 3156
0.83125 0.8375 3176
0.83125 0.8375 3176
0.83125 0.83125 3176
0.83125 0.83125 3176
0.83125 0.83125 3182
0.83125 0.83125 3182
0.83125 0.8375 3202
0.83125 0.8375 3204
0.83125 0.8375 3204
0.83125 0.8375 3204
0.83125 0.8375 3204
0.83125 0.8375 3210
0.83125 0.8375 3210
0.83125 0.8375 3210
0.83125 0.8375 3210
0.83125 0.8375 3210
0.83125 0.8375 3210
0.83125 0.8375 3222
0.83125 0.8375 3222
0.83125 0.8375 3222
0.83125 0.8375 3222
0.83125 0.8375 3222
0.83125 0.8375 3222
0.83125 0.8375 3222
0.83125 0.8375 3222
0.83125 0.8375 3222
0.83125 0.8375 3222
0.83125 0.8375 3224
0.83125 0.8375 3230
0.83125 0.84375 3242
0.83125 0.84375 3248
0.83125 0.84375 3248
0.83125 0.84375 3254
0.83125 0.84375 3254
0.83125 0.84375 3254
0.83125 0.84375 3254
0.83125 0.84375 3266
0.83125 0.84375 3266
0.83125 0.84375 3266
0.83125 0.84375 3266
0.83125 0.84375 3266
0.83125 0.84375 3266
0.83125 0.84375 3266
0.83125 0.84375 3266
0.83125 0.84375 3266
0.83125 0.84375 3266
0.83125 0.84375 3266
0.83125 0.84375 3266
0.83125 0.84375 3266
0.83125 0.84375 3278
0.83125 0.84375 3278
0.83125 0.84375 3278
0.83125 0.84375 3278
0.83125 0.84375 3280
0.83125 0.84375 3286
0.83125 0.84375 3286
0.83125 0.84375 3286
0.825 0.8375 3298
0.825 0.8375 3298
0.825 0.8375 3298
0.825 0.8375 3298
0.825 0.8375 3298
0.825 0.8375 3298
0.825 0.8375 3298
0.825 0.8375 3304
0.825 0.8375 3304
0.825 0.8375 3304
0.825 0.8375 3304
0.825 0.8375 3304
0.825 0.8375 3304
0.825 0.8375 3304
0.825 0.8375 3304
0.825 0.8375 3304
0.825 0.8375 3304
0.825 0.8375 3304
0.825 0.8375 3304
0.825 0.8375 3304
0.825 0.8375 3304
0.825 0.8375 3304
0.825 0.8375 3304
0.825 0.8375 3304
0.825 0.8375 3360
0.825 0.8375 3366
0.825 0.8375 3366
0.825 0.8375 3366
0.825 0.8375 3368
0.825 0.8375 3368
0.825 0.8375 3368
0.825 0.8375 3368
0.825 0.8375 3368
0.825 0.8375 3368
0.825 0.8375 3370
0.825 0.8375 3370
0.825 0.8375 3372
0.825 0.8375 3372
0.825 0.8375 3372
0.825 0.8375 3372
0.825 0.8375 3372
0.825 0.8375 3374
0.825 0.8375 3374
0.825 0.8375 3374
0.825 0.8375 3374
0.825 0.8375 3374
0.825 0.8375 3374
0.825 0.8375 3386
0.825 0.8375 3386
0.825 0.8375 3428
0.825 0.8375 3428
0.825 0.8375 3428
0.825 0.8375 3428
0.825 0.8375 3458
0.825 0.8375 3458
0.825 0.8375 3458
0.825 0.8375 3464
0.825 0.8375 3464
0.825 0.8375 3464
0.825 0.8375 3464
0.825 0.8375 3464
0.825 0.8375 3464
0.825 0.8375 3464
0.825 0.8375 3464
0.825 0.8375 3464
0.825 0.8375 3466
0.825 0.8375 3466
0.825 0.8375 3466
0.825 0.8375 3466
0.825 0.8375 3466
0.825 0.8375 3478
0.825 0.8375 3478
0.825 0.8375 3478
0.825 0.8375 3478
0.825 0.8375 3480
0.825 0.8375 3500
0.825 0.8375 3500
0.825 0.8375 3506
0.825 0.8375 3506
0.834375 0.846875 3508
0.834375 0.846875 3508
0.834375 0.846875 3508
0.834375 0.846875 3508
0.834375 0.846875 3508
0.834375 0.846875 3508
0.834375 0.846875 3508
0.834375 0.846875 3508
0.834375 0.846875 3508
0.834375 0.846875 3510
0.834375 0.846875 3512
0.834375 0.846875 3512
0.834375 0.846875 3512
0.834375 0.846875 3514
0.834375 0.846875 3514
0.834375 0.846875 3534
0.834375 0.846875 3534
0.834375 0.846875 3536
0.834375 0.846875 3542
0.834375 0.846875 3542
0.834375 0.846875 3542
0.834375 0.846875 3542
0.834375 0.846875 3542
0.834375 0.846875 3542
0.834375 0.846875 3542
0.834375 0.846875 3542
0.834375 0.846875 3542
0.834375 0.846875 3542
0.834375 0.846875 3542
0.834375 0.846875 3542
0.834375 0.846875 3544
0.834375 0.846875 3544
0.834375 0.846875 3544
0.834375 0.846875 3544
0.834375 0.846875 3544
0.834375 0.846875 3544
0.834375 0.846875 3544
0.834375 0.846875 3546
0.83125 0.846875 3558
0.83125 0.846875 3558
0.83125 0.846875 3558
0.83125 0.846875 3558
0.83125 0.846875 3558
0.834375 0.846875 3578
0.834375 0.846875 3578
0.834375 0.846875 3578
0.834375 0.846875 3578
0.834375 0.846875 3578
0.834375 0.846875 3598
0.834375 0.846875 3610
0.834375 0.846875 3612
0.834375 0.846875 3632
0.834375 0.846875 3632
0.834375 0.846875 3632
0.834375 0.846875 3632
0.834375 0.846875 3644
0.834375 0.846875 3644
0.834375 0.846875 3644
0.834375 0.846875 3646
0.834375 0.846875 3646
0.834375 0.846875 3646
0.834375 0.846875 3646
0.834375 0.846875 3646
0.834375 0.846875 3646
0.834375 0.846875 3646
0.834375 0.846875 3646
0.834375 0.846875 3646
0.834375 0.846875 3658
0.834375 0.846875 3658
0.834375 0.846875 3658
0.834375 0.846875 3658
0.834375 0.846875 3664
0.834375 0.846875 3664
0.834375 0.846875 3664
0.834375 0.846875 3666
0.834375 0.846875 3666
0.834375 0.846875 3666
0.834375 0.846875 3666
0.834375 0.846875 3666
0.834375 0.846875 3666
0.834375 0.846875 3666
0.834375 0.846875 3678
0.834375 0.846875 3678
0.834375 0.846875 3678
0.834375 0.846875 3678
0.834375 0.846875 3678
0.834375 0.846875 3678
0.834375 0.846875 3678
0.834375 0.846875 3684
0.834375 0.846875 3684
0.834375 0.846875 3684
0.834375 0.846875 3684
0.834375 0.846875 3684
0.834375 0.846875 3684
0.834375 0.846875 3684
0.834375 0.846875 3684
0.834375 0.846875 3684
0.834375 0.846875 3684
0.834375 0.846875 3684
0.834375 0.846875 3684
0.834375 0.846875 3684
0.834375 0.846875 3684
0.834375 0.846875 3684
0.834375 0.846875 3684
0.834375 0.846875 3686
0.834375 0.846875 3686
0.834375 0.846875 3728
0.83125 0.846875 3800
0.83125 0.846875 3800
0.83125 0.846875 3800
0.83125 0.846875 3800
0.83125 0.846875 3800
0.83125 0.846875 3800
0.83125 0.846875 3800
0.83125 0.846875 3800
0.83125 0.846875 3800
0.83125 0.846875 3800
0.83125 0.846875 3800
0.83125 0.846875 3802
0.83125 0.846875 3802
0.83125 0.846875 3802
0.83125 0.846875 3802
0.83125 0.846875 3804
0.83125 0.846875 3804
0.83125 0.846875 3804
0.83125 0.846875 3804
0.83125 0.846875 3804
0.83125 0.846875 3804
0.83125 0.846875 3804
0.83125 0.846875 3804
0.83125 0.846875 3804
0.83125 0.846875 3804
0.83125 0.846875 3804
0.83125 0.846875 3804
0.83125 0.846875 3806
0.83125 0.846875 3806
0.83125 0.846875 3806
0.83125 0.846875 3808
0.83125 0.846875 3808
0.83125 0.846875 3808
0.83125 0.846875 3808
0.83125 0.846875 3808
0.83125 0.846875 3810
0.83125 0.846875 3822
0.83125 0.846875 3822
0.83125 0.846875 3912
0.83125 0.846875 3912
0.83125 0.846875 3912
0.83125 0.846875 3912
0.83125 0.846875 3914
0.83125 0.846875 3914
0.83125 0.846875 3916
0.83125 0.846875 3916
0.83125 0.846875 3916
0.83125 0.846875 3916
0.83125 0.846875 3916
0.83125 0.846875 3916
0.83125 0.846875 3916
0.83125 0.846875 3916
0.83125 0.846875 3916
0.83125 0.846875 3916
0.83125 0.846875 3916
0.83125 0.846875 3916
0.83125 0.846875 3916
0.83125 0.846875 3916
0.83125 0.846875 3918
0.83125 0.846875 3918
0.83125 0.846875 3918
0.83125 0.846875 3920
0.83125 0.846875 3920
0.83125 0.846875 3920
0.83125 0.846875 3940
0.83125 0.846875 3940
0.83125 0.846875 3940
0.83125 0.846875 3942
0.83125 0.846875 3942
0.83125 0.846875 3942
0.83125 0.846875 3954
0.83125 0.846875 3954
0.83125 0.846875 3956
0.83125 0.846875 3958
0.83125 0.846875 3958
0.83125 0.846875 3958
0.83125 0.846875 3958
0.83125 0.846875 3964
0.83125 0.846875 3964
0.83125 0.846875 3994
0.83125 0.846875 3994
0.83125 0.846875 3994
0.83125 0.846875 3994
0.83125 0.846875 3994
0.83125 0.846875 3994
0.83125 0.846875 3994
0.83125 0.846875 3994
0.834375 0.846875 4006
0.834375 0.846875 4006
0.834375 0.846875 4006
0.834375 0.846875 4006
0.834375 0.846875 4006
0.834375 0.846875 4006
0.834375 0.846875 4006
0.834375 0.846875 4006
0.834375 0.846875 4012
0.834375 0.846875 4012
0.834375 0.846875 4012
0.834375 0.846875 4012
0.834375 0.846875 4012
0.834375 0.846875 4012
0.834375 0.846875 4012
0.834375 0.846875 4012
0.834375 0.846875 4012
0.834375 0.846875 4012
0.834375 0.846875 4014
0.834375 0.846875 4014
0.834375 0.846875 4014
0.834375 0.846875 4014
0.834375 0.846875 4014
0.834375 0.846875 4014
0.834375 0.846875 4014
0.834375 0.846875 4016
0.834375 0.846875 4016
0.834375 0.846875 4016
0.834375 0.846875 4016
0.834375 0.846875 4016
0.834375 0.846875 4016
0.834375 0.846875 4016
0.834375 0.846875 4016
0.834375 0.846875 4028
0.834375 0.846875 4028
0.834375 0.846875 4028
0.834375 0.846875 4028
0.834375 0.846875 4028
0.834375 0.846875 4028
0.834375 0.846875 4028
0.834375 0.846875 4028
0.834375 0.846875 4028
0.834375 0.846875 4028
0.834375 0.846875 4030
0.834375 0.846875 4036
0.834375 0.846875 4036
0.834375 0.846875 4036
0.834375 0.846875 4038
0.834375 0.846875 4038
0.834375 0.846875 4038
0.834375 0.846875 4038
0.834375 0.846875 4038
0.834375 0.846875 4040
0.834375 0.846875 4040
0.83125 0.846875 4060
0.83125 0.846875 4060
0.83125 0.846875 4060
0.83125 0.846875 4060
0.83125 0.846875 4060
0.83125 0.846875 4060
0.83125 0.846875 4060
0.83125 0.846875 4062
0.83125 0.846875 4082
0.83125 0.846875 4082
0.83125 0.840625 4088
0.83125 0.840625 4108
0.83125 0.840625 4108
0.83125 0.840625 4108
0.83125 0.840625 4108
0.83125 0.840625 4110
0.83125 0.840625 4110
0.83125 0.840625 4110
0.83125 0.840625 4112
0.83125 0.840625 4112
0.83125 0.840625 4184
0.83125 0.840625 4184
0.83125 0.840625 4184
0.83125 0.840625 4184
0.83125 0.840625 4190
0.83125 0.840625 4190
0.83125 0.840625 4190
0.83125 0.840625 4192
0.83125 0.840625 4194
0.83125 0.840625 4224
0.83125 0.840625 4224
0.834375 0.840625 4230
0.834375 0.840625 4230
0.834375 0.840625 4230
0.834375 0.840625 4230
0.834375 0.840625 4230
0.834375 0.840625 4230
0.834375 0.840625 4230
0.834375 0.840625 4230
0.834375 0.840625 4230
0.834375 0.840625 4230
0.834375 0.840625 4230
0.834375 0.840625 4232
0.834375 0.840625 4232
0.834375 0.840625 4234
0.834375 0.840625 4234
0.834375 0.840625 4234
0.834375 0.840625 4234
0.834375 0.840625 4246
0.834375 0.840625 4246
0.834375 0.840625 4248
0.834375 0.840625 4248
0.834375 0.840625 4250
0.834375 0.840625 4262
0.834375 0.840625 4262
0.834375 0.840625 4262
0.834375 0.840625 4274
0.834375 0.840625 4274
0.834375 0.840625 4274
0.834375 0.840625 4280
0.834375 0.840625 4280
0.834375 0.840625 4280
0.834375 0.840625 4280
0.834375 0.840625 4280
0.834375 0.840625 4280
0.834375 0.840625 4280
0.834375 0.840625 4280
0.834375 0.840625 4280
0.834375 0.840625 4280
0.834375 0.840625 4280
0.834375 0.840625 4282
0.834375 0.840625 4282
0.834375 0.840625 4282
0.834375 0.840625 4282
0.834375 0.840625 4282
0.834375 0.840625 4282
0.834375 0.840625 4282
0.834375 0.840625 4312
0.834375 0.840625 4312
0.834375 0.840625 4312
0.834375 0.840625 4312
0.834375 0.840625 4312
0.834375 0.840625 4324
0.834375 0.840625 4324
0.834375 0.840625 4324
0.834375 0.840625 4324
0.834375 0.840625 4324
0.834375 0.840625 4324
0.834375 0.840625 4326
0.834375 0.840625 4326
0.834375 0.840625 4326
0.834375 0.840625 4326
0.834375 0.840625 4326
0.834375 0.840625 4326
0.834375 0.840625 4326
0.834375 0.840625 4326
0.834375 0.840625 4326
0.834375 0.840625 4326
0.834375 0.840625 4328
0.834375 0.840625 4328
0.834375 0.840625 4328
0.834375 0.840625 4328
0.834375 0.840625 4328
0.834375 0.840625 4330
0.834375 0.840625 4332
0.834375 0.840625 4334
0.83125 0.834375 4466
0.83125 0.834375 4466
0.81875 0.8125 4598
0.81875 0.8125 4598
0.81875 0.8125 4598
0.821875 0.8125 4604
0.821875 0.8125 4604
0.821875 0.8125 4604
0.821875 0.8125 4604
0.821875 0.8125 4604
0.821875 0.8125 4604
0.821875 0.8125 4604
0.821875 0.8125 4610
0.821875 0.8125 4610
0.821875 0.8125 4610
0.821875 0.8125 4610
0.821875 0.8125 4612
0.821875 0.8125 4612
0.821875 0.8125 4612
0.821875 0.8125 4612
0.821875 0.8125 4612
0.821875 0.8125 4624
0.821875 0.8125 4626
0.821875 0.8125 4626
0.821875 0.8125 4626
0.821875 0.8125 4626
0.821875 0.8125 4626
0.821875 0.8125 4626
0.821875 0.8125 4626
0.821875 0.8125 4626
0.821875 0.8125 4628
0.821875 0.8125 4628
0.821875 0.8125 4630
0.821875 0.8125 4630
0.821875 0.8125 4630
0.821875 0.8125 4630
0.821875 0.8125 4632
0.821875 0.8125 4632
0.821875 0.81875 4638
0.821875 0.81875 4650
0.821875 0.81875 4652
0.821875 0.81875 4652
0.821875 0.81875 4652
0.821875 0.81875 4654
0.821875 0.81875 4654
0.821875 0.81875 4654
0.821875 0.81875 4654
0.821875 0.81875 4656
0.821875 0.81875 4662
0.821875 0.81875 4662
0.821875 0.81875 4668
0.821875 0.81875 4668
0.821875 0.81875 4668
0.821875 0.81875 4668
0.821875 0.81875 4668
0.821875 0.81875 4680
0.821875 0.81875 4680
0.821875 0.81875 4680
0.821875 0.81875 4680
0.821875 0.81875 4682
0.821875 0.81875 4682
0.821875 0.81875 4682
0.821875 0.81875 4682
0.821875 0.81875 4682
0.821875 0.81875 4682
0.821875 0.81875 4682
0.821875 0.81875 4682
0.821875 0.81875 4682
0.821875 0.81875 4712
0.821875 0.81875 4712
0.821875 0.81875 4712
0.821875 0.81875 4712
0.821875 0.81875 4712
0.821875 0.81875 4712
0.821875 0.81875 4712
0.821875 0.81875 4712
0.821875 0.81875 4712
0.821875 0.81875 4712
0.821875 0.81875 4712
0.821875 0.81875 4712
0.821875 0.81875 4712
0.821875 0.81875 4712
0.821875 0.81875 4712
0.821875 0.81875 4714
0.821875 0.81875 4714
0.821875 0.81875 4770
0.821875 0.81875 4770
0.821875 0.81875 4770
0.821875 0.81875 4770
0.821875 0.81875 4790
0.821875 0.81875 4790
0.821875 0.81875 4790
0.821875 0.81875 4790
0.821875 0.81875 4790
0.821875 0.81875 4790
0.821875 0.81875 4790
0.821875 0.81875 4792
0.821875 0.81875 4792
0.821875 0.81875 4792
0.821875 0.81875 4792
0.821875 0.81875 4792
0.821875 0.81875 4792
0.821875 0.81875 4792
0.821875 0.81875 4792
0.821875 0.81875 4792
0.821875 0.8125 4812
0.821875 0.8125 4812
0.821875 0.8125 4812
0.821875 0.8125 4812
0.821875 0.8125 4812
0.821875 0.8125 4812
0.821875 0.8125 4812
0.821875 0.8125 4812
0.821875 0.81875 4812
0.821875 0.81875 4812
0.821875 0.81875 4812
0.821875 0.81875 4812
0.821875 0.81875 4812
0.821875 0.81875 4854
0.821875 0.81875 4866
0.821875 0.81875 4866
0.821875 0.81875 4866
0.821875 0.81875 4868
0.821875 0.81875 4868
0.821875 0.81875 4868
0.821875 0.81875 4868
0.821875 0.8125 4910
0.821875 0.8125 4910
0.821875 0.8125 4910
0.821875 0.8125 4910
0.821875 0.8125 4912
0.821875 0.8125 4912
0.821875 0.8125 4912
0.821875 0.8125 4912
0.825 0.8125 4924
0.825 0.8125 4924
0.825 0.8125 4924
0.825 0.8125 4924
0.825 0.8125 4924
0.825 0.8125 4924
0.825 0.809375 4924
0.825 0.809375 4924
0.825 0.809375 4924
0.825 0.809375 4924
0.825 0.80625 4930
0.825 0.80625 4930
0.825 0.80625 4930
0.825 0.80625 4930
0.821875 0.80625 4942
0.821875 0.80625 4942
0.821875 0.80625 4942
0.821875 0.80625 4942
0.821875 0.80625 4948
0.815625 0.80625 4978
0.815625 0.80625 4978
0.815625 0.80625 4978
0.815625 0.80625 4978
0.815625 0.80625 4978
0.815625 0.80625 4978
0.815625 0.80625 4978
0.815625 0.80625 4978
0.815625 0.80625 4978
0.815625 0.80625 4978
0.815625 0.80625 4978
0.815625 0.80625 4978
0.815625 0.80625 4980
0.815625 0.80625 4980
0.815625 0.80625 4980
0.815625 0.80625 4980
0.815625 0.80625 4992
0.815625 0.80625 4992
0.815625 0.80625 4998
0.815625 0.80625 4998
0.815625 0.80625 5018
0.815625 0.80625 5018
0.815625 0.80625 5020
0.815625 0.80625 5020
0.815625 0.80625 5020
0.815625 0.80625 5020
0.815625 0.80625 5020
0.815625 0.80625 5022
0.815625 0.80625 5022
0.815625 0.80625 5024
0.815625 0.80625 5024
0.815625 0.80625 5026
0.815625 0.80625 5026
0.815625 0.80625 5026
0.815625 0.80625 5032
0.815625 0.80625 5034
0.815625 0.80625 5034
0.815625 0.80625 5040
0.815625 0.80625 5042
0.815625 0.80625 5042
0.815625 0.80625 5042
0.815625 0.80625 5042
0.815625 0.80625 5042
0.815625 0.80625 5042
0.815625 0.80625 5042
0.815625 0.80625 5072
0.815625 0.80625 5072
0.815625 0.80625 5074
0.815625 0.80625 5076
0.815625 0.80625 5076
0.815625 0.80625 5076
0.815625 0.80625 5076
0.815625 0.80625 5078
0.815625 0.80625 5078
0.815625 0.80625 5078
0.815625 0.80625 5090
0.85 0.825 5132
0.85 0.825 5132
0.85 0.825 5222
0.85 0.825 5222
0.85 0.825 5222
0.85 0.825 5222
0.85 0.825 5222
0.85 0.825 5222
0.85 0.825 5222
0.85 0.825 5222
0.85 0.825 5224
0.85 0.825 5224
0.85 0.825 5224
0.85 0.825 5224
0.85 0.825 5224
0.85 0.825 5224
0.85 0.825 5224
0.85 0.825 5224
0.85 0.825 5224
0.85 0.825 5226
0.85 0.825 5226
0.85 0.825 5226
0.85 0.825 5226
0.85 0.825 5226
0.85 0.825 5226
0.85 0.825 5228
0.85 0.825 5228
0.85 0.825 5228
0.85 0.825 5228
0.85 0.825 5228
0.85 0.825 5228
0.85 0.825 5228
0.85 0.825 5228
0.85 0.825 5228
0.85 0.825 5228
0.85 0.825 5228
0.85 0.825 5228
0.85 0.825 5234
0.85 0.825 5234
0.85 0.825 5234
0.85 0.825 5234
0.85 0.825 5236
0.84375 0.825 5256
0.84375 0.825 5256
0.84375 0.825 5258
0.84375 0.825 5258
0.84375 0.825 5258
0.84375 0.825 5258
0.84375 0.825 5258
0.84375 0.825 5258
0.84375 0.825 5260
0.84375 0.825 5260
0.84375 0.825 5260
0.84375 0.825 5260
0.84375 0.825 5260
0.84375 0.825 5260
0.84375 0.825 5262
0.84375 0.825 5262
0.84375 0.825 5262
0.84375 0.825 5262
0.84375 0.825 5262
0.84375 0.825 5262
0.84375 0.825 5262
0.84375 0.825 5262
0.84375 0.825 5262
0.84375 0.825 5262
0.84375 0.825 5262
0.84375 0.825 5264
0.84375 0.825 5270
0.84375 0.825 5270
0.84375 0.825 5270
0.84375 0.825 5270
0.84375 0.825 5270
0.84375 0.825 5270
0.84375 0.825 5290
0.84375 0.825 5292
0.84375 0.825 5294
0.84375 0.825 5294
0.84375 0.825 5294
0.84375 0.825 5294
0.84375 0.825 5294
0.84375 0.825 5294
0.84375 0.825 5294
0.84375 0.825 5294
0.84375 0.825 5294
0.84375 0.825 5294
0.84375 0.825 5294
0.84375 0.825 5294
0.84375 0.825 5294
0.84375 0.825 5294
0.84375 0.825 5294
0.84375 0.825 5296
0.84375 0.825 5296
0.84375 0.825 5296
0.84375 0.825 5296
0.84375 0.825 5296
0.84375 0.825 5302
0.84375 0.825 5302
0.84375 0.825 5302
0.84375 0.825 5302
0.84375 0.825 5302
0.84375 0.825 5308
0.84375 0.825 5310
0.84375 0.825 5310
0.84375 0.825 5312
0.84375 0.825 5312
0.84375 0.825 5312
0.84375 0.825 5314
0.84375 0.825 5314
0.84375 0.825 5314
0.84375 0.825 5314
0.84375 0.825 5314
0.84375 0.825 5314
0.84375 0.825 5334
0.84375 0.825 5334
0.84375 0.825 5334
0.84375 0.825 5334
0.84375 0.825 5354
0.84375 0.825 5356
0.84375 0.825 5356
0.84375 0.825 5356
0.84375 0.825 5356
0.846875 0.825 5358
0.846875 0.825 5358
0.846875 0.825 5358
0.846875 0.825 5358
0.846875 0.825 5358
0.846875 0.825 5358
0.846875 0.825 5360
0.846875 0.825 5360
0.846875 0.825 5372
0.846875 0.825 5372
0.846875 0.825 5378
0.846875 0.825 5378
0.846875 0.825 5378
0.846875 0.825 5378
0.846875 0.825 5380
0.846875 0.825 5382
0.846875 0.825 5382
0.846875 0.825 5382
0.846875 0.825 5384
0.846875 0.825 5384
0.85 0.825 5386
0.85 0.825 5386
0.85 0.825 5386
0.85 0.825 5386
0.85 0.825 5386
0.85 0.825 5386
0.85 0.825 5386
0.85 0.825 5386
0.85 0.825 5386
0.85 0.825 5386
0.85 0.825 5386
0.85 0.825 5416
0.85 0.825 5416
0.85 0.825 5416
0.83125 0.809375 5878
0.83125 0.809375 5878
0.83125 0.809375 5884
0.83125 0.809375 5884
0.83125 0.809375 5884
0.83125 0.809375 5886
0.83125 0.809375 5886
0.83125 0.809375 5886
0.83125 0.809375 5906
0.83125 0.809375 5906
0.83125 0.809375 5906
0.83125 0.809375 5906
0.83125 0.809375 5906
0.83125 0.809375 5908
0.83125 0.809375 5908
0.83125 0.80625 5908
0.83125 0.80625 5908
0.83125 0.80625 5908
0.83125 0.80625 5908
0.83125 0.80625 5908
0.83125 0.80625 5908
0.83125 0.80625 5908
0.83125 0.80625 5908
0.828125 0.8 5938
0.828125 0.8 5940
0.828125 0.8 5940
0.83125 0.8 5960
0.83125 0.8 5960
0.83125 0.8 5966
0.83125 0.8 5966
0.83125 0.8 5966
0.828125 0.8 5986
0.828125 0.8 5986
0.828125 0.8 5986
0.828125 0.8 6058
0.828125 0.8 6058
0.828125 0.80625 6064
0.828125 0.80625 6064
0.828125 0.80625 6064
0.828125 0.80625 6064
0.828125 0.80625 6076
0.828125 0.80625 6076
0.828125 0.80625 6078
0.828125 0.80625 6078
0.828125 0.80625 6078
0.828125 0.80625 6078
0.828125 0.80625 6078
0.828125 0.80625 6078
0.828125 0.80625 6078
0.825 0.803125 6098
0.825 0.803125 6098
0.825 0.803125 6098
0.825 0.803125 6098
0.825 0.803125 6098
0.825 0.803125 6098
0.825 0.79375 6104
0.825 0.79375 6106
0.825 0.79375 6106
0.825 0.79375 6108
0.83125 0.79375 6138
0.83125 0.79375 6138
0.83125 0.79375 6138
0.83125 0.79375 6140
0.83125 0.79375 6140
0.83125 0.79375 6140
0.83125 0.79375 6142
0.83125 0.79375 6142
0.83125 0.79375 6142
0.83125 0.79375 6142
0.83125 0.79375 6142
0.83125 0.79375 6142
0.83125 0.79375 6142
0.83125 0.79375 6142
0.83125 0.79375 6142
0.83125 0.79375 6142
0.83125 0.79375 6142
0.83125 0.79375 6142
0.83125 0.79375 6144
0.83125 0.79375 6144
0.83125 0.79375 6144
0.83125 0.79375 6156
0.83125 0.79375 6156
0.83125 0.79375 6156
0.83125 0.79375 6158
0.83125 0.79375 6160
0.83125 0.79375 6160
0.83125 0.79375 6160
0.83125 0.79375 6160
0.83125 0.79375 6160
0.83125 0.79375 6160
0.83125 0.79375 6160
0.83125 0.79375 6160
0.83125 0.79375 6162
0.83125 0.79375 6164
0.83125 0.79375 6164
0.83125 0.79375 6164
0.83125 0.79375 6176
0.83125 0.79375 6176
0.83125 0.79375 6176
0.83125 0.79375 6176
0.83125 0.79375 6176
0.83125 0.79375 6176
0.83125 0.79375 6176
0.83125 0.79375 6176
0.83125 0.79375 6176
0.83125 0.79375 6176
0.83125 0.79375 6176
0.83125 0.79375 6176
0.83125 0.79375 6176
0.83125 0.79375 6176
0.83125 0.79375 6176
0.83125 0.79375 6178
0.83125 0.79375 6184
0.83125 0.79375 6184
0.83125 0.79375 6184
0.83125 0.79375 6186
0.83125 0.79375 6186
0.83125 0.79375 6186
0.83125 0.79375 6186
0.83125 0.79375 6186
0.83125 0.79375 6188
0.83125 0.79375 6188
0.83125 0.79375 6188
0.83125 0.79375 6190
0.83125 0.79375 6190
0.83125 0.79375 6190
0.828125 0.79375 6246
0.828125 0.79375 6246
0.828125 0.79375 6246
0.828125 0.79375 6246
0.828125 0.79375 6246
0.828125 0.79375 6246
0.828125 0.79375 6246
0.828125 0.79375 6246
0.828125 0.79375 6246
0.828125 0.79375 6246
0.828125 0.79375 6258
0.828125 0.79375 6258
0.828125 0.79375 6260
0.828125 0.79375 6260
0.828125 0.79375 6260
0.828125 0.79375 6260
0.828125 0.79375 6260
0.828125 0.79375 6260
0.828125 0.79375 6260
0.828125 0.79375 6272
0.828125 0.79375 6272
0.828125 0.79375 6278
0.828125 0.79375 6278
0.828125 0.79375 6278
0.825 0.79375 6334
0.825 0.79375 6334
0.825 0.79375 6334
0.825 0.79375 6334
0.825 0.79375 6334
0.825 0.79375 6334
0.825 0.79375 6336
0.825 0.79375 6336
0.825 0.79375 6342
0.825 0.79375 6342
0.825 0.79375 6342
0.825 0.79375 6342
0.825 0.79375 6348
0.825 0.79375 6348
0.825 0.79375 6368
0.825 0.79375 6368
0.825 0.79375 6368
0.825 0.79375 6368
0.825 0.79375 6380
0.825 0.79375 6380
0.825 0.79375 6380
0.825 0.79375 6380
0.825 0.79375 6380
0.825 0.79375 6380
0.81875 0.79375 6436
0.81875 0.79375 6436
0.81875 0.796875 6492
0.81875 0.796875 6492
0.81875 0.796875 6492
0.81875 0.796875 6492
0.81875 0.796875 6492
0.81875 0.8 6492
0.81875 0.8 6492
0.81875 0.8 6492
0.81875 0.8 6498
0.81875 0.8 6498
0.81875 0.8 6498
0.81875 0.8 6498
0.81875 0.8 6654
0.81875 0.8 6660
0.81875 0.8 6662
0.81875 0.8 6662
0.81875 0.8 6664
0.81875 0.8 6664
0.81875 0.8 6664
0.81875 0.8 6664
0.81875 0.8 6676
0.81875 0.8 6676
0.81875 0.8 6678
0.81875 0.8 6678
0.81875 0.8 6680
0.81875 0.8 6680
0.81875 0.8 6680
0.81875 0.8 6680
0.81875 0.8 6680
0.81875 0.8 6680
0.81875 0.8 6680
0.81875 0.8 6682
0.81875 0.8 6682
0.81875 0.8 6682
0.81875 0.8 6684
0.81875 0.8 6684
0.81875 0.8 6684
0.81875 0.8 6696
0.81875 0.8 6696
0.81875 0.8 6696
0.81875 0.8 6696
0.81875 0.8 6696
0.81875 0.8 6696
0.81875 0.8 6696
0.81875 0.8 6696
0.81875 0.8 6702
0.81875 0.8 6702
0.81875 0.8 6702
0.81875 0.8 6702
0.81875 0.8 6702
0.81875 0.8 6702
0.81875 0.8 6702
0.81875 0.8 6702
0.81875 0.8 6702
0.81875 0.8 6702
0.81875 0.8 6702
0.81875 0.8 6702
0.81875 0.8 6702
0.81875 0.8 6702
0.81875 0.8 6702
0.81875 0.8 6714
0.81875 0.8 6714
0.81875 0.8 6716
0.81875 0.8 6716
0.81875 0.8 6716
0.81875 0.8 6716
0.81875 0.8 6716
0.81875 0.8 6716
0.81875 0.8 6716
0.81875 0.8 6716
0.81875 0.8 6722
0.81875 0.8 6722
0.81875 0.8 6724
0.81875 0.8 6724
0.81875 0.8 6724
0.81875 0.8 6724
0.81875 0.8 6724
0.81875 0.8 6726
0.81875 0.8 6726
0.81875 0.8 6726
0.81875 0.8 6726
0.81875 0.8 6726
0.81875 0.8 6726
0.81875 0.8 6726
0.81875 0.8 6728
0.81875 0.8 6728
0.81875 0.8 6728
0.81875 0.8 6728
0.81875 0.8 6728
0.81875 0.8 6730
0.81875 0.8 6730
0.81875 0.8 6730
0.81875 0.8 6730
0.81875 0.8 6730
0.81875 0.8 6730
0.81875 0.8 6730
0.81875 0.8 6732
0.81875 0.8 6732
0.81875 0.8 6732
0.81875 0.8 6732
0.81875 0.8 6734
0.81875 0.8 6734
0.81875 0.8 6734
0.81875 0.8 6734
0.81875 0.8 6734
0.81875 0.8 6736
0.81875 0.8 6738
0.81875 0.8 6740
0.81875 0.8 6740
0.81875 0.8 6740
0.81875 0.8 6740
0.81875 0.8 6740
0.81875 0.8 6740
0.81875 0.8 6740
0.81875 0.8 6740
0.81875 0.8 6740
0.81875 0.8 6742
0.81875 0.8 6744
0.81875 0.8 6744
0.81875 0.8 6744
0.81875 0.8 6750
0.81875 0.8 6750
0.81875 0.8 6750
0.81875 0.8 6750
0.81875 0.8 6750
0.81875 0.8 6752
0.81875 0.8 6752
0.81875 0.8 6752
0.81875 0.8 6752
0.81875 0.8 6754
0.81875 0.8 6754
0.81875 0.8 6766
0.81875 0.8 6766
0.81875 0.79375 6778
0.81875 0.79375 6778
0.81875 0.79375 6778
0.81875 0.79375 6778
0.81875 0.79375 6778
0.81875 0.79375 6778
0.81875 0.79375 6778
0.81875 0.79375 6778
0.81875 0.79375 6780
0.81875 0.79375 6782
0.821875 0.79375 6784
0.821875 0.79375 6790
0.821875 0.79375 6790
0.821875 0.79375 6790
0.821875 0.79375 6790
0.821875 0.79375 6790
0.821875 0.79375 6790
0.821875 0.79375 6810
0.821875 0.79375 6810
0.821875 0.79375 6810
0.821875 0.79375 6816
0.821875 0.79375 6816
0.821875 0.79375 6816
0.821875 0.79375 6816
0.821875 0.79375 6828
0.821875 0.79375 6828
0.821875 0.79375 6828
0.821875 0.79375 6828
0.821875 0.79375 6828
0.821875 0.79375 6834
0.821875 0.79375 6834
0.821875 0.79375 6834
0.821875 0.79375 6834
0.821875 0.79375 6834
0.821875 0.79375 6834
0.821875 0.79375 6836
0.821875 0.8 6848
0.821875 0.8 6848
0.821875 0.8 6850
0.821875 0.8 6850
0.821875 0.8 6850
0.821875 0.8 6852
0.821875 0.8 6852
0.821875 0.8 6858
0.821875 0.8 6860
0.821875 0.8 6862
0.821875 0.8 6868
0.821875 0.8 6868
0.821875 0.8 6868
0.821875 0.8 6868
0.821875 0.8 6874
0.821875 0.8 6874
0.821875 0.8 6874
0.821875 0.8 6874
0.821875 0.8 6874
0.821875 0.8 6874
0.821875 0.8 6874
0.821875 0.8 6874
0.821875 0.8 6874
0.821875 0.8 6874
0.821875 0.8 6874
0.821875 0.8 6874
0.821875 0.8 6876
0.821875 0.8 6876
0.821875 0.8 6876
0.821875 0.8 6876
0.821875 0.8 6906
0.821875 0.8 6912
0.821875 0.8 6914
0.821875 0.80625 6920
0.821875 0.80625 6920
0.821875 0.803125 6920
0.821875 0.803125 6920
0.821875 0.803125 6920
0.821875 0.803125 6920
0.81875 0.803125 6962
0.81875 0.803125 6962
0.81875 0.803125 6968
0.81875 0.8 6980
0.81875 0.8 6980
0.81875 0.8 6980
0.81875 0.8 6980
0.81875 0.8 6980
0.81875 0.8 6980
0.81875 0.8 6980
0.81875 0.8 7000
0.81875 0.80625 7030
0.81875 0.80625 7030
0.81875 0.80625 7030
0.81875 0.80625 7030
0.81875 0.80625 7030
0.81875 0.80625 7030
0.81875 0.80625 7042
0.81875 0.80625 7042
0.81875 0.80625 7044
0.81875 0.80625 7044
0.81875 0.80625 7044
0.81875 0.80625 7044
0.81875 0.80625 7046
0.81875 0.80625 7046
0.828125 0.80625 7088
0.828125 0.80625 7088
0.828125 0.80625 7088
0.828125 0.80625 7088
0.828125 0.80625 7088
0.828125 0.80625 7088
0.828125 0.80625 7088
0.828125 0.80625 7094
0.828125 0.80625 7096
0.828125 0.80625 7096
0.828125 0.80625 7096
0.828125 0.80625 7096
0.828125 0.80625 7096
0.828125 0.80625 7096
0.828125 0.80625 7098
0.828125 0.80625 7100
0.828125 0.80625 7100
0.828125 0.80625 7100
0.828125 0.80625 7100
0.828125 0.80625 7106
0.828125 0.80625 7106
0.828125 0.80625 7106
0.828125 0.80625 7148
0.828125 0.809375 7190
0.828125 0.809375 7190
0.828125 0.8125 7190
0.828125 0.80625 7190
0.828125 0.80625 7190
0.828125 0.80625 7196
0.828125 0.8125 7216
0.828125 0.8125 7216
0.828125 0.8125 7216
0.828125 0.8125 7216
0.828125 0.8125 7216
0.828125 0.8125 7246
0.828125 0.8125 7246
0.828125 0.8125 7246
0.828125 0.8125 7246
0.828125 0.8125 7246
0.828125 0.8125 7246
0.828125 0.8125 7258
0.828125 0.8125 7264
0.828125 0.8125 7264
0.828125 0.8125 7266
0.828125 0.8125 7266
0.828125 0.8125 7266
0.825 0.8125 7278
0.825 0.8125 7278
0.825 0.8125 7278
0.825 0.8125 7278
0.825 0.8125 7278
0.846875 0.825 7308
0.846875 0.825 7314
0.846875 0.825 7316
0.846875 0.825 7316
0.846875 0.825 7316
0.846875 0.825 7316
0.846875 0.825 7322
0.846875 0.825 7322
0.846875 0.825 7322
0.846875 0.825 7322
0.846875 0.825 7322
0.846875 0.825 7322
0.846875 0.825 7352
0.846875 0.825 7358
0.846875 0.825 7360
0.846875 0.825 7360
0.846875 0.825 7360
0.846875 0.825 7360
0.846875 0.825 7360
0.846875 0.825 7360
0.846875 0.825 7360
0.846875 0.825 7360
0.846875 0.825 7360
0.846875 0.825 7360
0.846875 0.825 7360
0.846875 0.825 7360
0.846875 0.825 7360
0.846875 0.825 7362
0.846875 0.825 7362
0.846875 0.825 7362
0.846875 0.825 7362
0.846875 0.825 7362
0.84375 0.825 7368
0.84375 0.825 7368
0.84375 0.825 7368
0.84375 0.825 7368
0.84375 0.825 7478
0.84375 0.825 7478
0.84375 0.825 7490
0.84375 0.825 7490
0.84375 0.825 7490
0.84375 0.825 7490
0.84375 0.825 7490
0.84375 0.825 7490
0.84375 0.825 7490
0.84375 0.825 7492
0.846875 0.81875 7564
0.846875 0.81875 7564
0.846875 0.81875 7564
0.846875 0.81875 7564
0.846875 0.81875 7654
0.846875 0.81875 7656
0.846875 0.81875 7656
0.846875 0.81875 7656
0.846875 0.81875 7656
0.846875 0.81875 7656
0.846875 0.81875 7656
0.846875 0.81875 7658
0.846875 0.825 7688
0.846875 0.825 7688
0.846875 0.825 7690
0.846875 0.825 7690
0.846875 0.825 7690
0.846875 0.825 7692
0.846875 0.825 7692
0.846875 0.825 7694
0.846875 0.825 7694
0.846875 0.825 7694
0.846875 0.825 7694
0.846875 0.825 7694
0.846875 0.825 7694
0.846875 0.825 7694
0.846875 0.825 7694
0.846875 0.825 7694
0.846875 0.825 7694
0.846875 0.825 7694
0.846875 0.825 7694
0.846875 0.825 7696
0.846875 0.825 7698
0.846875 0.825 7698
0.846875 0.825 7698
0.846875 0.825 7698
0.846875 0.825 7698
0.846875 0.825 7698
0.846875 0.825 7698
0.846875 0.825 7698
0.846875 0.825 7698
0.846875 0.825 7698
0.846875 0.825 7698
0.846875 0.825 7698
0.846875 0.825 7698
0.846875 0.825 7698
0.846875 0.825 7700
0.846875 0.825 7700
0.846875 0.825 7700
0.846875 0.825 7700
0.846875 0.825 7700
0.846875 0.825 7700
0.846875 0.825 7700
0.846875 0.825 7700
0.846875 0.825 7702
0.846875 0.825 7702
0.846875 0.825 7704
0.846875 0.825 7704
0.846875 0.825 7704
0.846875 0.825 7704
0.846875 0.825 7704
0.846875 0.825 7704
0.846875 0.825 7704
0.846875 0.825 7704
0.846875 0.825 7704
0.846875 0.825 7710
0.846875 0.825 7716
0.846875 0.825 7746
0.846875 0.825 7746
0.846875 0.825 7746
0.846875 0.825 7752
0.84375 0.821875 7772
0.84375 0.821875 7802
0.84375 0.821875 7802
0.84375 0.821875 7802
0.84375 0.821875 7802
0.84375 0.821875 7802
0.84375 0.821875 7802
0.84375 0.821875 7802
0.84375 0.821875 7802
0.84375 0.825 7858
0.84375 0.825 7858
0.84375 0.825 7858
0.84375 0.825 7860
0.84375 0.825 7860
0.84375 0.825 7860
0.84375 0.825 7860
0.84375 0.825 7860
0.84375 0.825 7860
0.84375 0.825 7862
0.84375 0.825 7892
0.84375 0.825 7892
0.84375 0.825 7892
0.84375 0.825 7892
0.84375 0.825 7892
0.84375 0.825 7892
0.84375 0.825 7894
0.84375 0.825 7894
0.84375 0.825 7894
0.84375 0.825 7894
0.84375 0.825 7894
0.84375 0.825 7896
0.84375 0.825 7896
0.846875 0.83125 7926
0.846875 0.83125 7926
0.846875 0.83125 7926
0.846875 0.83125 7926
0.846875 0.83125 7926
0.846875 0.83125 7926
0.846875 0.83125 7932
0.846875 0.83125 7932
0.846875 0.83125 7932
0.846875 0.83125 7944
0.846875 0.83125 7956
0.846875 0.83125 7956
0.846875 0.83125 7956
0.846875 0.83125 7968
0.846875 0.83125 7968
0.846875 0.83125 7968
0.846875 0.83125 7968
0.846875 0.83125 7968
0.846875 0.83125 7970
0.846875 0.83125 7970
0.846875 0.83125 7970
0.846875 0.83125 7970
0.846875 0.83125 7970
0.846875 0.83125 7972
0.846875 0.83125 7978
0.846875 0.83125 7978
0.846875 0.83125 7978
0.846875 0.83125 7980
0.846875 0.83125 7982
0.846875 0.83125 7982
0.846875 0.83125 7982
0.846875 0.83125 7982
0.846875 0.83125 7982
0.846875 0.83125 7982
0.846875 0.83125 7982
0.846875 0.83125 7982
0.846875 0.83125 7994
0.846875 0.83125 8000
0.846875 0.83125 8000
0.846875 0.83125 8000
0.846875 0.83125 8006
0.846875 0.83125 8012
0.846875 0.83125 8012
0.846875 0.83125 8012
0.846875 0.83125 8012
0.846875 0.83125 8014
0.846875 0.83125 8014
0.846875 0.83125 8014
0.846875 0.83125 8056
0.846875 0.83125 8056
0.846875 0.83125 8056
0.846875 0.83125 8076
0.84375 0.83125 8088
0.84375 0.83125 8090
0.84375 0.83125 8090
0.84375 0.83125 8090
0.84375 0.83125 8090
0.84375 0.83125 8090
0.84375 0.83125 8092
0.84375 0.83125 8092
0.84375 0.83125 8092
0.84375 0.83125 8092
0.84375 0.83125 8092
0.84375 0.83125 8092
0.84375 0.825 8122
0.84375 0.825 8122
0.84375 0.825 8122
0.84375 0.825 8122
0.84375 0.825 8122
0.84375 0.825 8124
0.84375 0.825 8124
0.84375 0.825 8124
0.84375 0.825 8144
0.84375 0.825 8144
0.84375 0.825 8144
0.84375 0.825 8144
0.84375 0.825 8144
0.84375 0.825 8144
0.84375 0.825 8144
0.84375 0.825 8144
0.84375 0.825 8144
0.84375 0.825 8144
0.84375 0.825 8144
0.84375 0.825 8144
0.84375 0.825 8150
0.84375 0.825 8150
0.84375 0.825 8150
0.84375 0.825 8150
0.84375 0.825 8150
0.84375 0.825 8150
0.84375 0.825 8150
0.84375 0.825 8150
0.84375 0.825 8152
0.84375 0.825 8172
0.84375 0.825 8174
0.84375 0.825 8174
0.84375 0.825 8174
0.84375 0.825 8176
0.871875 0.825 8188
0.871875 0.825 8188
0.871875 0.825 8190
0.871875 0.825 8190
0.871875 0.825 8202
0.871875 0.825 8202
0.871875 0.825 8202
0.871875 0.825 8202
0.871875 0.825 8202
0.871875 0.825 8202
0.871875 0.825 8208
0.871875 0.825 8208
0.871875 0.825 8208
0.871875 0.825 8208
0.871875 0.825 8208
0.871875 0.825 8208
0.871875 0.825 8214
0.871875 0.825 8216
0.871875 0.825 8216
0.871875 0.825 8218
0.871875 0.825 8218
0.871875 0.825 8218
0.871875 0.825 8218
0.871875 0.825 8218
0.871875 0.825 8218
0.871875 0.825 8218
0.871875 0.825 8218
0.871875 0.825 8218
0.871875 0.825 8218
0.871875 0.825 8238
0.871875 0.825 8238
0.871875 0.825 8238
0.871875 0.825 8238
0.871875 0.825 8238
0.871875 0.825 8240
0.871875 0.825 8246
0.871875 0.825 8246
0.871875 0.825 8248
0.871875 0.825 8250
0.871875 0.825 8250
0.871875 0.825 8250
0.871875 0.825 8256
0.871875 0.825 8256
0.871875 0.825 8256
0.871875 0.825 8258
0.871875 0.825 8260
0.871875 0.825 8262
0.871875 0.825 8262
0.871875 0.825 8262
0.871875 0.83125 8292
0.871875 0.83125 8292
0.871875 0.83125 8292
0.871875 0.83125 8292
0.871875 0.83125 8294
0.871875 0.83125 8294
0.871875 0.83125 8294
0.871875 0.83125 8294
0.871875 0.83125 8294
0.871875 0.83125 8324
0.871875 0.83125 8324
0.871875 0.83125 8336
0.871875 0.83125 8336
0.871875 0.83125 8336
0.871875 0.83125 8338
0.871875 0.83125 8338
0.871875 0.83125 8350
0.871875 0.83125 8350
0.871875 0.83125 8350
0.871875 0.83125 8352
0.871875 0.83125 8352
0.871875 0.83125 8352
0.871875 0.83125 8372
0.871875 0.83125 8372
0.871875 0.83125 8372
0.871875 0.83125 8374
0.871875 0.83125 8394
0.871875 0.83125 8394
0.871875 0.83125 8394
0.871875 0.83125 8394
0.871875 0.83125 8396
0.871875 0.83125 8396
0.871875 0.83125 8396
0.871875 0.83125 8396
0.871875 0.83125 8396
0.871875 0.83125 8396
0.871875 0.83125 8396
0.871875 0.83125 8396
0.871875 0.83125 8396
0.871875 0.83125 8402
0.871875 0.83125 8402
0.871875 0.83125 8402
0.871875 0.83125 8402
0.871875 0.83125 8402
0.871875 0.83125 8402
0.871875 0.83125 8402
0.871875 0.83125 8402
0.871875 0.83125 8402
0.871875 0.83125 8414
0.871875 0.83125 8414
0.871875 0.83125 8414
0.871875 0.83125 8414
0.871875 0.83125 8414
0.871875 0.83125 8414
0.871875 0.83125 8414
0.871875 0.83125 8414
0.871875 0.83125 8434
0.871875 0.83125 8434
0.871875 0.83125 8434
0.871875 0.83125 8436
0.871875 0.83125 8436
0.871875 0.83125 8436
0.871875 0.83125 8436
0.871875 0.83125 8436
0.871875 0.83125 8436
0.878125 0.83125 8438
0.878125 0.83125 8438
0.878125 0.83125 8438
0.878125 0.83125 8438
0.878125 0.83125 8438
0.878125 0.83125 8438
0.878125 0.83125 8438
0.878125 0.83125 8438
0.878125 0.83125 8438
0.878125 0.83125 8438
0.878125 0.83125 8438
0.878125 0.83125 8438
0.878125 0.83125 8440
0.878125 0.83125 8442
0.878125 0.83125 8442
0.878125 0.83125 8442
0.878125 0.83125 8442
0.878125 0.83125 8442
0.878125 0.83125 8442
0.878125 0.83125 8442
0.878125 0.83125 8442
0.878125 0.83125 8442
0.878125 0.83125 8442
0.878125 0.83125 8442
0.878125 0.83125 8448
0.878125 0.83125 8448
0.878125 0.83125 8448
0.878125 0.83125 8448
0.878125 0.83125 8448
0.878125 0.83125 8448
0.878125 0.83125 8448
0.878125 0.83125 8450
0.878125 0.83125 8452
0.878125 0.83125 8452
0.878125 0.83125 8452
0.878125 0.83125 8452
0.878125 0.83125 8452
0.878125 0.83125 8452
0.878125 0.83125 8452
0.878125 0.83125 8452
0.878125 0.83125 8452
0.878125 0.83125 8452
0.878125 0.83125 8452
0.871875 0.81875 8958
0.871875 0.81875 8958
0.871875 0.81875 8960
0.871875 0.81875 8960
0.871875 0.81875 8960
0.871875 0.81875 8960
0.871875 0.81875 8960
0.871875 0.81875 8962
0.871875 0.81875 8962
0.871875 0.81875 8982
0.871875 0.81875 9012
0.871875 0.81875 9024
0.871875 0.81875 9054
0.871875 0.81875 9054
0.871875 0.80625 9096
0.871875 0.80625 9096
0.86875 0.80625 9152
0.86875 0.80625 9152
0.86875 0.8125 9154
0.86875 0.8125 9156
0.86875 0.8125 9156
0.86875 0.8125 9156
0.86875 0.8125 9156
0.86875 0.8125 9156
0.86875 0.8125 9158
0.86875 0.8125 9158
0.86875 0.8125 9158
0.86875 0.8125 9158
0.86875 0.8125 9158
0.86875 0.8125 9170
0.86875 0.8125 9170
0.86875 0.8125 9170
0.86875 0.8125 9170
0.86875 0.8125 9170
0.86875 0.8125 9170
0.86875 0.8125 9170
0.865625 0.8125 9212
0.865625 0.8125 9212
0.865625 0.8125 9212
0.865625 0.8125 9212
0.865625 0.8125 9212
0.865625 0.8125 9212
0.865625 0.8125 9212
0.865625 0.8125 9212
0.865625 0.8125 9212
0.865625 0.8125 9218
0.865625 0.8125 9220
0.865625 0.8125 9220
0.865625 0.8125 9222
0.865625 0.8125 9224
0.865625 0.80625 9224
0.865625 0.8125 9226
0.865625 0.8125 9226
0.865625 0.8125 9226
0.865625 0.8125 9228
0.865625 0.8125 9234
0.865625 0.8125 9236
0.865625 0.8125 9278
0.865625 0.8125 9280
0.865625 0.8125 9280
0.865625 0.8125 9282
0.865625 0.8125 9282
0.865625 0.8125 9282
0.865625 0.8125 9282
0.865625 0.8125 9284
0.865625 0.8125 9284
0.865625 0.8125 9304
0.865625 0.8125 9306
0.865625 0.8125 9306
0.865625 0.8125 9306
0.865625 0.8125 9306
0.865625 0.8125 9306
0.865625 0.8125 9306
0.865625 0.8125 9306
0.865625 0.8125 9306
0.865625 0.8125 9308
0.865625 0.8125 9308
0.865625 0.8125 9308
0.865625 0.8125 9320
0.865625 0.8125 9320
0.865625 0.8125 9320
0.865625 0.8125 9320
0.865625 0.8125 9320
0.865625 0.8125 9320
0.865625 0.8125 9320
0.865625 0.8125 9322
0.865625 0.8125 9322
0.865625 0.8125 9322
0.865625 0.8125 9322
0.865625 0.8125 9322
0.865625 0.8125 9322
0.865625 0.8125 9322
0.865625 0.8125 9322
0.865625 0.8125 9322
0.865625 0.8125 9322
0.865625 0.8125 9322
0.865625 0.8125 9328
0.865625 0.8125 9330
0.865625 0.8125 9330
0.865625 0.8125 9330
0.865625 0.8125 9332
0.865625 0.8125 9352
0.8625 0.8125 9394
0.8625 0.8125 9400
0.8625 0.8125 9412
0.8625 0.8125 9412
0.8625 0.8125 9424
0.8625 0.8125 9424
0.8625 0.8125 9426
0.8625 0.8125 9428
0.8625 0.8125 9428
0.8625 0.8125 9428
0.8625 0.8125 9428
0.8625 0.8125 9428
0.8625 0.8125 9428
0.865625 0.8125 9560
0.865625 0.8125 9560
0.865625 0.8125 9562
0.865625 0.8125 9562
0.865625 0.8125 9562
0.865625 0.8125 9562
0.865625 0.8125 9568
0.865625 0.8125 9568
0.865625 0.8125 9568
0.865625 0.8125 9568
0.865625 0.8125 9574
0.865625 0.8125 9580
0.865625 0.8125 9580
0.865625 0.8125 9580
0.865625 0.8125 9582
0.865625 0.8125 9582
0.865625 0.8125 9584
0.865625 0.8125 9584
0.865625 0.8125 9584
0.865625 0.815625 9590
0.865625 0.815625 9590
0.865625 0.815625 9590
0.865625 0.815625 9590
0.865625 0.815625 9590
0.865625 0.815625 9590
0.865625 0.815625 9592
0.865625 0.815625 9592
0.865625 0.815625 9592
0.865625 0.815625 9592
0.865625 0.81875 9598
0.865625 0.81875 9598
0.865625 0.81875 9598
0.865625 0.81875 9598
0.865625 0.81875 9604
0.865625 0.81875 9604
0.865625 0.81875 9604
0.865625 0.81875 9604
0.865625 0.81875 9604
0.865625 0.81875 9604
0.865625 0.81875 9604
0.865625 0.81875 9610
0.865625 0.81875 9610
0.865625 0.81875 9610
0.865625 0.81875 9610
0.865625 0.81875 9610
0.865625 0.81875 9616
0.865625 0.81875 9616
0.865625 0.81875 9616
0.865625 0.81875 9628
0.865625 0.815625 9648
0.865625 0.815625 9648
0.865625 0.815625 9648
0.865625 0.8125 9648
0.865625 0.8125 9648
0.865625 0.8125 9648
0.865625 0.8125 9650
0.865625 0.80625 9680
0.8625 0.809375 9692
0.8625 0.809375 9694
0.8625 0.809375 9694
0.8625 0.809375 9694
0.8625 0.809375 9694
0.8625 0.80625 9694
0.8625 0.80625 9696
0.8625 0.80625 9696
0.8625 0.80625 9696
0.8625 0.80625 9696
0.8625 0.80625 9698
0.8625 0.80625 9698
0.8625 0.80625 9698
0.8625 0.80625 9698
0.8625 0.80625 9698
0.8625 0.80625 9698
0.8625 0.80625 9698
0.8625 0.80625 9698
0.8625 0.80625 9698
0.8625 0.80625 9698
0.8625 0.80625 9698
0.8625 0.80625 9700
0.8625 0.80625 9700
0.8625 0.80625 9700
0.8625 0.80625 9700
0.8625 0.80625 9700
0.8625 0.80625 9702
0.8625 0.80625 9702
0.8625 0.80625 9722
0.8625 0.80625 9722
0.8625 0.80625 9722
0.8625 0.80625 9722
0.8625 0.80625 9722
0.8625 0.80625 9722
0.8625 0.80625 9722
0.8625 0.80625 9722
0.8625 0.80625 9724
0.8625 0.809375 9724
0.8625 0.809375 9724
0.8625 0.809375 9724
0.8625 0.809375 9724
0.8625 0.809375 9724
0.8625 0.80625 9724
0.8625 0.80625 9724
0.8625 0.80625 9724
0.8625 0.80625 9724
0.8625 0.80625 9724
0.8625 0.80625 9724
0.8625 0.80625 9724
0.8625 0.80625 9724
0.8625 0.80625 9724
0.8625 0.80625 9726
0.8625 0.80625 9726
0.8625 0.80625 9726
0.8625 0.80625 9726
0.8625 0.80625 9726
0.8625 0.80625 9726
0.8625 0.80625 9726
0.8625 0.80625 9726
0.8625 0.80625 9732
0.8625 0.80625 9732
0.8625 0.80625 9732
0.8625 0.809375 9752
0.8625 0.809375 9752
0.8625 0.809375 9754
0.8625 0.809375 9754
0.8625 0.809375 9754
0.8625 0.809375 9756
0.8625 0.809375 9758
0.8625 0.809375 9760
0.8625 0.809375 9760
0.8625 0.809375 9760
0.8625 0.809375 9760
0.8625 0.809375 9760
0.8625 0.80625 9762
0.8625 0.80625 9768
0.8625 0.80625 9770
0.8625 0.80625 9770
0.8625 0.80625 9770
0.8625 0.80625 9770
0.8625 0.809375 9770
0.8625 0.809375 9770
0.8625 0.80625 9770
0.8625 0.80625 9770
0.8625 0.80625 9772
0.8625 0.80625 9772
0.8625 0.80625 9772
0.8625 0.80625 9772
0.8625 0.80625 9774
0.8625 0.80625 9774
0.8625 0.80625 9774
0.8625 0.80625 9774
0.8625 0.80625 9774
0.8625 0.80625 9776
0.8625 0.80625 9776
0.8625 0.80625 9776
0.8625 0.80625 9776
0.8625 0.80625 9776
0.8625 0.80625 9776
0.8625 0.80625 9776
0.8625 0.80625 9776
0.8625 0.80625 9776
0.8625 0.80625 9776
0.8625 0.80625 9778
0.8625 0.80625 9778
0.8625 0.80625 9784
0.8625 0.80625 9784
0.8625 0.80625 9786
0.8625 0.80625 9786
0.8625 0.80625 9786
0.8625 0.809375 9786
0.8625 0.809375 9786
0.8625 0.809375 9788
0.8625 0.809375 9788
0.8625 0.809375 9788
0.8625 0.809375 9788
0.8625 0.809375 9788
0.8625 0.809375 9790
0.8625 0.809375 9790
0.8625 0.809375 9790
0.8625 0.80625 9796
0.8625 0.80625 9796
0.8625 0.80625 9796
0.8625 0.80625 9796
0.8625 0.80625 9796
0.8625 0.80625 9796
0.8625 0.80625 9796
0.8625 0.80625 9796
0.8625 0.81875 9852
0.8625 0.81875 9852
0.8625 0.81875 9852
0.8625 0.81875 9854
0.8625 0.81875 9856
0.8625 0.81875 9856
0.8625 0.81875 9856
0.8625 0.81875 9856
0.8625 0.81875 9856
0.8625 0.81875 9856
0.8625 0.81875 9856
0.8625 0.81875 9858
0.8625 0.81875 9858
0.8625 0.81875 9858
0.8625 0.81875 9858
0.8625 0.81875 9858
0.8625 0.81875 9858
0.8625 0.81875 9858
0.8625 0.81875 9858
0.8625 0.81875 9858
0.8625 0.815625 9860
0.8625 0.815625 9860
0.8625 0.815625 9860
0.8625 0.815625 9860
0.8625 0.815625 9860
0.8625 0.815625 9860
0.8625 0.815625 9860
0.8625 0.815625 9860
0.8625 0.815625 9860
0.8625 0.815625 9860
0.8625 0.8125 9860
0.8625 0.81875 9866
0.8625 0.81875 9866
0.8625 0.81875 9866
0.8625 0.81875 9866
0.8625 0.81875 9866
0.8625 0.81875 9866
0.8625 0.815625 9868
0.8625 0.815625 9868
0.8625 0.8125 9870
0.8625 0.8125 9870
0.8625 0.8125 9870
0.8625 0.8125 9872
0.8625 0.8125 9872
0.8625 0.8125 9872
0.8625 0.8125 9872
0.8625 0.8125 9872
0.8625 0.8125 9872
0.8625 0.8125 9872
0.865625 0.8125 9884
0.865625 0.8125 9884
0.86875 0.8125 9896
0.86875 0.8125 9898
0.86875 0.8125 9898
0.871875 0.8125 9940
0.871875 0.8125 9940
0.871875 0.8125 9940
0.871875 0.8125 9940
0.871875 0.8125 9940
0.871875 0.8125 9942
0.871875 0.8125 9942
0.871875 0.8125 9944
0.871875 0.8125 9944
0.871875 0.8125 9944
0.871875 0.8125 9946
0.871875 0.8125 9946
0.871875 0.8125 9946
0.871875 0.815625 9952
0.871875 0.815625 9954
0.871875 0.815625 9956
0.871875 0.815625 9956
0.871875 0.815625 9956
0.871875 0.815625 9968
0.871875 0.815625 9968
0.871875 0.8125 9970
0.871875 0.8125 9972
0.871875 0.8125 9972
0.871875 0.8125 9972
0.871875 0.8125 9972
0.871875 0.8125 9972
0.871875 0.8125 9972
0.871875 0.8125 9972
0.871875 0.8125 9972
0.871875 0.8125 9972
0.871875 0.8125 9972
0.871875 0.8125 9972
0.871875 0.81875 9984
0.871875 0.81875 9984
0.871875 0.81875 9984
0.871875 0.81875 9984
0.871875 0.81875 9986
0.871875 0.81875 9988
0.871875 0.81875 9988
0.871875 0.81875 9988
0.871875 0.81875 9988
0.871875 0.81875 9988
0.871875 0.81875 9988
0.871875 0.81875 9988
0.871875 0.81875 9988
0.871875 0.81875 9988
0.871875 0.81875 9988
0.871875 0.81875 9988
0.871875 0.81875 10060
0.871875 0.81875 10060
0.86875 0.8 10216
0.86875 0.8 10216
0.86875 0.8 10216
0.86875 0.8 10218
0.86875 0.8 10218
0.86875 0.8 10218
0.86875 0.8 10230
0.86875 0.8 10230
0.86875 0.8 10230
0.86875 0.8 10230
0.86875 0.8 10230
0.86875 0.8 10230
0.86875 0.8 10230
0.86875 0.8 10236
0.86875 0.8 10248
0.86875 0.8 10248
0.86875 0.8 10248
0.86875 0.8 10268
0.86875 0.8 10268
0.86875 0.8 10268
0.86875 0.8 10268
0.86875 0.8 10268
0.86875 0.8 10268
0.86875 0.8 10280
0.86875 0.8 10280
0.86875 0.8 10280
0.86875 0.8 10280
0.86875 0.8 10286
0.86875 0.8 10286
0.86875 0.8 10286
0.86875 0.8 10286
0.86875 0.8 10286
0.86875 0.8 10286
0.86875 0.8 10286
0.86875 0.8 10286
0.86875 0.8 10288
0.86875 0.8 10288
0.86875 0.8 10288
0.86875 0.8 10288
0.86875 0.8 10288
0.86875 0.8 10290
0.86875 0.8 10290
0.86875 0.8 10302
0.86875 0.8 10304
0.86875 0.8 10304
0.86875 0.8 10304
0.86875 0.8 10306
0.86875 0.8 10306
0.86875 0.8 10306
0.86875 0.8 10306
0.86875 0.80625 10348
0.86875 0.80625 10360
0.86875 0.80625 10360
0.86875 0.80625 10360
0.86875 0.803125 10360
0.86875 0.803125 10360
0.86875 0.803125 10360
0.86875 0.803125 10360
0.86875 0.803125 10360
0.86875 0.803125 10360
0.86875 0.8 10360
0.86875 0.8 10360
0.86875 0.8 10360
0.86875 0.8 10360
0.86875 0.8 10362
0.86875 0.8 10362
0.86875 0.8 10362
0.86875 0.8 10362
0.86875 0.8 10364
0.86875 0.8 10364
0.86875 0.8 10364
0.86875 0.8 10364
0.86875 0.8 10364
0.86875 0.8 10370
0.86875 0.8 10370
0.86875 0.8 10412
0.86875 0.8 10414
0.86875 0.8 10434
0.865625 0.8 10440
0.865625 0.8 10440
0.871875 0.8 10452
0.871875 0.8 10452
0.871875 0.8 10454
0.871875 0.8 10454
0.871875 0.8 10456
0.871875 0.8 10456
0.871875 0.8 10456
0.871875 0.8 10456
0.871875 0.8 10462
0.871875 0.8 10464
0.871875 0.803125 10470
0.871875 0.803125 10470
0.871875 0.803125 10470
0.871875 0.803125 10470
0.871875 0.803125 10470
0.871875 0.803125 10470
0.871875 0.803125 10470
0.871875 0.8 10472
0.871875 0.8 10472
0.871875 0.8 10472
0.871875 0.8 10472
0.871875 0.8 10472
0.871875 0.8 10472
0.871875 0.8 10474
0.871875 0.8 10474
0.871875 0.8 10474
0.871875 0.8 10476
0.871875 0.8 10488
0.871875 0.8 10490
0.871875 0.8 10496
0.871875 0.8 10496
0.871875 0.8 10496
0.871875 0.8 10498
0.871875 0.80625 10510
0.871875 0.80625 10516
0.871875 0.80625 10516
0.871875 0.80625 10518
0.871875 0.80625 10518
0.871875 0.80625 10518
0.871875 0.80625 10518
0.871875 0.80625 10518
0.871875 0.80625 10518
0.871875 0.80625 10520
0.871875 0.80625 10520
0.871875 0.8 10540
0.871875 0.8 10540
0.875 0.8 10542
0.875 0.8 10542
0.875 0.8 10542
0.875 0.8 10544
0.875 0.8 10544
0.875 0.8 10544
0.875 0.8 10544
0.878125 0.80625 10616
0.878125 0.80625 10618
0.878125 0.80625 10618
0.878125 0.80625 10618
0.878125 0.80625 10618
0.878125 0.80625 10618
0.878125 0.80625 10618
0.878125 0.80625 10618
0.878125 0.80625 10618
0.878125 0.80625 10618
0.878125 0.80625 10618
0.878125 0.80625 10620
0.878125 0.80625 10622
0.878125 0.80625 10622
0.878125 0.80625 10642
0.878125 0.80625 10642
0.878125 0.80625 10642
0.878125 0.80625 10642
0.878125 0.80625 10642
0.878125 0.80625 10642
0.878125 0.80625 10644
0.878125 0.80625 10644
0.878125 0.80625 10646
0.878125 0.80625 10646
0.878125 0.80625 10666
0.878125 0.80625 10666
0.878125 0.80625 10666
0.878125 0.80625 10666
0.878125 0.80625 10666
0.878125 0.80625 10666
0.878125 0.80625 10666
0.878125 0.80625 10666
0.878125 0.80625 10666
0.878125 0.80625 10666
0.878125 0.80625 10666
0.878125 0.80625 10666
0.878125 0.80625 10666
0.878125 0.80625 10666
0.878125 0.80625 10666
0.878125 0.80625 10666
0.878125 0.80625 10666
0.878125 0.80625 10666
0.878125 0.80625 10668
0.878125 0.80625 10668
0.878125 0.80625 10668
0.878125 0.80625 10668
0.878125 0.80625 10668
0.878125 0.80625 10668
0.878125 0.80625 10670
0.878125 0.80625 10670
0.878125 0.80625 10670
0.878125 0.80625 10670
0.878125 0.80625 10670
0.878125 0.80625 10670
0.878125 0.80625 10670
0.878125 0.80625 10676
0.878125 0.80625 10678
0.878125 0.80625 10680
0.878125 0.80625 10686
0.878125 0.80625 10686
0.878125 0.80625 10698
0.878125 0.80625 10698
0.878125 0.80625 10700
0.878125 0.8125 10702
0.878125 0.8125 10702
0.878125 0.8125 10702
0.878125 0.8125 10702
0.878125 0.8125 10702
0.878125 0.8125 10708
0.878125 0.8125 10708
0.878125 0.8125 10708
0.878125 0.8125 10708
0.878125 0.8125 10708
0.878125 0.8125 10710
0.878125 0.8125 10710
0.878125 0.81875 10722
0.875 0.81875 10752
0.875 0.81875 10758
0.875 0.81875 10758
0.875 0.81875 10758
0.875 0.81875 10758
0.875 0.81875 10758
0.875 0.81875 10758
0.875 0.81875 10760
0.875 0.81875 10790
0.875 0.81875 10796
0.875 0.81875 10796
0.875 0.81875 10796
0.875 0.81875 10796
0.875 0.81875 10796
0.875 0.81875 10796
0.875 0.81875 10796
0.875 0.81875 10796
0.875 0.81875 10796
0.875 0.81875 10796
0.875 0.81875 10796
0.875 0.81875 10796
0.875 0.81875 10796
0.875 0.81875 10802
0.875 0.81875 10802
0.875 0.81875 10814
0.875 0.81875 10816
0.875 0.81875 10816
0.875 0.81875 10816
0.875 0.81875 10818
0.875 0.81875 10818
0.875 0.81875 10818
0.875 0.81875 10820
0.875 0.81875 10820
0.875 0.81875 10820
0.875 0.81875 10820
0.875 0.81875 10820
0.875 0.81875 10822
0.875 0.815625 10822
0.875 0.815625 10824
0.875 0.815625 10824
0.875 0.8125 10824
0.875 0.8125 10824
0.875 0.8125 10824
0.875 0.8125 10824
0.86875 0.809375 10844
0.86875 0.809375 10844
0.86875 0.809375 10844
0.86875 0.8125 10844
0.86875 0.8125 10844
0.86875 0.8125 10844
0.86875 0.8125 10844
0.86875 0.8125 10844
0.86875 0.8125 10844
0.86875 0.8125 10856
0.86875 0.8125 10858
0.86875 0.8125 10858
0.86875 0.8125 10858
0.86875 0.8125 10858
0.86875 0.8125 10858
0.86875 0.8125 10858
0.86875 0.8125 10860
0.86875 0.8125 10862
0.86875 0.8125 10862
0.86875 0.8125 10864
0.86875 0.8125 10864
0.86875 0.8125 10864
0.86875 0.809375 10876
0.86875 0.809375 10876
0.86875 0.809375 10876
0.86875 0.80625 10876
0.86875 0.80625 10876
0.86875 0.80625 10876
0.865625 0.809375 10896
0.865625 0.809375 10896
0.865625 0.80625 10896
0.865625 0.80625 10896
0.865625 0.80625 10902
0.865625 0.80625 10902
0.865625 0.80625 10902
0.865625 0.80625 10902
0.865625 0.80625 10902
0.865625 0.80625 10904
0.865625 0.80625 10904
0.865625 0.80625 10904
0.865625 0.80625 10904
0.865625 0.80625 10904
0.865625 0.80625 10904
0.865625 0.80625 10904
0.865625 0.80625 10906
0.865625 0.80625 10906
0.865625 0.80625 10906
0.865625 0.80625 10906
0.865625 0.80625 10926
0.865625 0.80625 10926
0.865625 0.80625 10928
0.865625 0.80625 10928
0.865625 0.80625 10928
0.865625 0.80625 10928
0.865625 0.80625 10928
0.865625 0.80625 10928
0.865625 0.80625 10928
0.865625 0.80625 10928
0.865625 0.80625 10928
0.865625 0.80625 10928
0.865625 0.80625 10928
0.865625 0.80625 10928
0.865625 0.80625 10928
0.865625 0.80625 10958
0.865625 0.80625 10960
0.865625 0.80625 10960
0.865625 0.80625 10960
0.865625 0.80625 10960
0.865625 0.80625 10960
0.865625 0.80625 10972
0.865625 0.80625 10972
0.865625 0.80625 10972
0.865625 0.80625 10972
0.865625 0.80625 10972
0.865625 0.80625 10972
0.865625 0.80625 10972
0.865625 0.80625 10972
0.865625 0.80625 10978
0.865625 0.80625 10978
0.865625 0.80625 10978
0.865625 0.80625 10990
0.865625 0.80625 10990
0.865625 0.80625 10990
0.865625 0.80625 10992
0.865625 0.80625 10992
0.865625 0.80625 11004
0.865625 0.80625 11004
0.865625 0.80625 11006
0.865625 0.803125 11006
0.865625 0.803125 11006
0.865625 0.803125 11006
0.865625 0.803125 11012
0.86875 0.803125 11032
0.86875 0.803125 11034
0.86875 0.80625 11036
0.86875 0.8 11168
0.86875 0.8 11168
0.86875 0.8 11168
0.86875 0.8 11174
0.86875 0.8 11174
0.86875 0.8 11174
0.86875 0.8 11176
0.86875 0.8 11178
0.86875 0.8 11178
0.86875 0.8 11178
0.86875 0.8 11178
0.86875 0.8 11180
0.86875 0.8 11180
0.86875 0.8 11180
0.86875 0.8 11236
0.86875 0.8 11238
0.86875 0.8 11244
0.86875 0.8 11250
0.86875 0.8 11250
0.86875 0.8 11250
0.86875 0.8 11252
0.86875 0.8 11252
0.86875 0.8 11254
0.86875 0.8 11254
0.86875 0.8 11254
0.86875 0.8 11254
0.86875 0.8 11254
0.86875 0.8 11266
0.86875 0.8 11266
0.86875 0.8 11266
0.86875 0.8 11272
0.86875 0.8 11272
0.86875 0.8 11272
0.86875 0.8 11274
0.86875 0.8 11274
0.86875 0.8 11274
0.86875 0.8 11276
0.86875 0.8 11276
0.86875 0.8 11276
0.86875 0.8 11276
0.86875 0.8 11282
0.86875 0.8 11282
0.86875 0.8 11282
0.86875 0.8 11282
0.86875 0.8 11284
0.86875 0.8 11286
0.86875 0.8 11286
0.86875 0.8 11286
0.86875 0.8 11286
0.865625 0.80625 11418
0.865625 0.80625 11418
0.865625 0.80625 11418
0.865625 0.80625 11418
0.865625 0.80625 11418
0.871875 0.80625 11420
0.871875 0.80625 11420
0.871875 0.80625 11420
0.871875 0.80625 11420
0.871875 0.80625 11420
0.871875 0.80625 11420
0.871875 0.80625 11420
0.871875 0.80625 11420
0.86875 0.80625 11450
0.86875 0.80625 11450
0.86875 0.80625 11450
0.86875 0.80625 11450
0.86875 0.80625 11450
0.86875 0.80625 11450
0.86875 0.80625 11452
0.86875 0.80625 11452
0.86875 0.80625 11452
0.86875 0.80625 11454
0.86875 0.80625 11454
0.86875 0.80625 11454
0.86875 0.80625 11454
0.86875 0.80625 11454
0.86875 0.80625 11454
0.86875 0.80625 11456
0.86875 0.80625 11456
0.865625 0.80625 11528
0.865625 0.80625 11528
0.865625 0.80625 11528
0.865625 0.80625 11530
0.865625 0.80625 11542
0.865625 0.80625 11542
0.865625 0.80625 11542
0.865625 0.80625 11542
0.865625 0.80625 11542
0.865625 0.80625 11542
0.865625 0.80625 11544
0.865625 0.80625 11550
0.865625 0.80625 11550
0.865625 0.80625 11550
0.865625 0.80625 11562
0.865625 0.80625 11562
0.865625 0.80625 11562
0.865625 0.80625 11562
0.865625 0.80625 11562
0.865625 0.80625 11562
0.865625 0.80625 11562
0.865625 0.80625 11564
0.865625 0.80625 11564
0.865625 0.80625 11564
0.865625 0.80625 11564
0.865625 0.80625 11564
0.865625 0.80625 11564
0.865625 0.80625 11606
0.865625 0.80625 11606
0.865625 0.80625 11606
0.865625 0.80625 11606
0.865625 0.80625 11608
0.865625 0.80625 11610
0.865625 0.80625 11610
0.865625 0.80625 11610
0.865625 0.80625 11616
0.865625 0.80625 11618
0.865625 0.80625 11618
0.865625 0.80625 11618
0.865625 0.80625 11618
0.865625 0.80625 11618
0.865625 0.80625 11618
0.865625 0.80625 11618
0.865625 0.80625 11620
0.865625 0.80625 11622
0.865625 0.80625 11634
0.865625 0.80625 11634
0.865625 0.80625 11634
0.865625 0.80625 11634
0.865625 0.80625 11636
0.865625 0.80625 11648
0.865625 0.80625 11648
0.865625 0.80625 11648
0.865625 0.80625 11648
0.865625 0.80625 11654
0.865625 0.80625 11654
0.865625 0.80625 11654
0.865625 0.80625 11684
0.865625 0.80625 11684
0.865625 0.80625 11684
0.865625 0.80625 11684
0.865625 0.80625 11684
0.865625 0.80625 11690
0.865625 0.80625 11690
0.865625 0.80625 11690
0.865625 0.80625 11690
0.865625 0.80625 11690
0.865625 0.80625 11690
0.865625 0.80625 11690
0.865625 0.80625 11710
0.865625 0.80625 11710
0.865625 0.80625 11710
0.865625 0.80625 11710
0.865625 0.80625 11710
0.865625 0.80625 11710
0.865625 0.80625 11712
0.865625 0.80625 11712
0.865625 0.80625 11712
0.865625 0.80625 11712
0.865625 0.80625 11712
0.865625 0.80625 11724
0.865625 0.80625 11724
0.865625 0.80625 11724
0.865625 0.80625 11724
0.865625 0.80625 11724
0.865625 0.80625 11724
0.865625 0.80625 11724
0.865625 0.80625 11726
0.865625 0.80625 11726
0.865625 0.80625 11728
0.865625 0.80625 11728
0.865625 0.80625 11730
0.865625 0.80625 11730
0.865625 0.80625 11732
0.865625 0.80625 11732
0.865625 0.80625 11732
0.865625 0.80625 11752
0.865625 0.80625 11754
0.865625 0.80625 11754
0.865625 0.80625 11754
0.865625 0.80625 11754
0.865625 0.80625 11754
0.865625 0.80625 11760
0.865625 0.80625 11760
0.865625 0.80625 11760
0.865625 0.80625 11760
0.865625 0.80625 11760
0.865625 0.80625 11760
0.865625 0.80625 11762
0.865625 0.80625 11764
0.865625 0.80625 11764
0.865625 0.80625 11764
0.865625 0.80625 11764
0.865625 0.80625 11764
0.865625 0.80625 11764
0.865625 0.80625 11764
0.865625 0.80625 11764
0.865625 0.80625 11764
0.865625 0.80625 11764
0.865625 0.80625 11764
0.865625 0.80625 11764
0.865625 0.80625 11764
0.865625 0.80625 11776
0.865625 0.80625 11776
0.865625 0.80625 11776
0.865625 0.80625 11776
0.865625 0.80625 11776
0.865625 0.80625 11776
0.865625 0.80625 11776
0.865625 0.80625 11776
0.865625 0.80625 11776
0.865625 0.80625 11782
0.865625 0.80625 11782
0.865625 0.80625 11782
0.865625 0.80625 11782
0.865625 0.80625 11794
0.865625 0.80625 11794
0.865625 0.80625 11794
0.865625 0.80625 11794
0.865625 0.80625 11794
0.865625 0.80625 11794
0.865625 0.80625 11794
0.865625 0.80625 11794
0.865625 0.80625 11794
0.865625 0.80625 11794
0.865625 0.80625 11796
0.865625 0.80625 11796
0.865625 0.80625 11796
0.865625 0.80625 11796
0.865625 0.80625 11796
0.865625 0.80625 11796
0.865625 0.80625 11796
0.865625 0.80625 11796
0.865625 0.80625 11796
0.865625 0.80625 11796
0.865625 0.80625 11802
0.865625 0.80625 11808
0.865625 0.80625 11808
0.865625 0.80625 11814
0.865625 0.80625 11814
0.865625 0.80625 11814
0.865625 0.80625 11814
0.865625 0.80625 11816
0.865625 0.80625 11816
0.865625 0.80625 11816
0.865625 0.80625 11816
0.865625 0.80625 11816
0.865625 0.80625 11818
0.865625 0.80625 11818
0.865625 0.80625 11820
0.865625 0.80625 11820
0.865625 0.80625 11820
0.865625 0.80625 11832
0.865625 0.80625 11838
0.865625 0.80625 11840
0.865625 0.80625 11840
0.865625 0.80625 11840
0.865625 0.80625 11840
0.865625 0.80625 11840
0.865625 0.80625 11840
0.865625 0.80625 11852
0.865625 0.80625 11852
0.865625 0.80625 11852
0.865625 0.80625 11852
0.865625 0.80625 11852
0.865625 0.80625 11854
0.865625 0.80625 11856
0.865625 0.80625 11856
0.865625 0.80625 11856
0.865625 0.80625 11856
0.865625 0.80625 11862
0.865625 0.80625 11862
0.865625 0.80625 11868
0.865625 0.80625 11868
0.865625 0.80625 11868
0.865625 0.80625 11868
0.865625 0.80625 11868
0.865625 0.80625 11868
0.865625 0.80625 11868
0.865625 0.80625 11868
0.865625 0.80625 11874
0.865625 0.80625 11874
0.865625 0.80625 11876
0.865625 0.80625 11876
0.865625 0.80625 11878
0.865625 0.80625 11878
0.865625 0.80625 11878
0.865625 0.80625 11880
0.865625 0.80625 11882
0.865625 0.80625 11882
0.865625 0.80625 11882
0.865625 0.80625 11882
0.865625 0.80625 11882
0.865625 0.80625 11882
0.865625 0.80625 11882
0.865625 0.80625 11888
0.865625 0.80625 11888
0.865625 0.80625 11888
0.865625 0.80625 11888
0.865625 0.8125 11900
0.865625 0.8125 11900
0.865625 0.8125 11900
0.865625 0.8125 11900
0.865625 0.8125 11912
0.865625 0.8125 11912
0.865625 0.8125 11912
0.865625 0.8125 11912
0.865625 0.8125 11918
0.865625 0.8125 11918
0.865625 0.8125 11918
0.865625 0.8125 11938
0.865625 0.8125 11938
0.865625 0.8125 11938
0.865625 0.8125 11938
0.865625 0.8125 11938
0.865625 0.8125 11938
0.865625 0.8125 11938
0.865625 0.8125 11938
0.865625 0.8125 11938
0.865625 0.8125 11938
0.865625 0.8125 11938
0.865625 0.8125 11938
0.8625 0.80625 12048
0.8625 0.80625 12050
0.8625 0.80625 12050
0.8625 0.80625 12062
0.8625 0.80625 12062
0.8625 0.80625 12064
0.8625 0.8125 12070
0.8625 0.8125 12070
0.8625 0.8125 12070
0.8625 0.8125 12072
0.8625 0.8125 12072
0.8625 0.8125 12092
0.8625 0.8125 12092
0.8625 0.8125 12092
0.8625 0.8125 12092
0.8625 0.8125 12092
0.8625 0.8125 12092
0.8625 0.8125 12092
0.8625 0.8125 12092
0.8625 0.8125 12092
0.8625 0.8125 12092
0.8625 0.8125 12094
0.8625 0.8125 12094
0.8625 0.8125 12094
0.8625 0.8125 12094
0.8625 0.8125 12094
0.8625 0.8125 12094
0.8625 0.8125 12094
0.8625 0.8125 12096
0.8625 0.8125 12096
0.8625 0.8125 12096
0.8625 0.8125 12098
0.8625 0.8125 12098
0.8625 0.8125 12104
0.8625 0.8125 12104
0.8625 0.8125 12104
0.8625 0.8125 12104
0.8625 0.8125 12104
0.8625 0.8125 12104
0.8625 0.8125 12104
0.8625 0.8125 12106
0.8625 0.8125 12108
0.8625 0.8125 12108
0.8625 0.8125 12108
0.8625 0.8125 12108
0.8625 0.8125 12108
0.8625 0.8125 12108
0.8625 0.8125 12108
0.8625 0.8125 12108
0.8625 0.8125 12110
0.8625 0.8125 12110
0.86875 0.8125 12112
0.86875 0.8125 12112
0.86875 0.8125 12112
0.86875 0.8125 12112
0.86875 0.8125 12112
0.86875 0.8125 12114
0.86875 0.8125 12114
0.86875 0.8125 12120
0.86875 0.8125 12120
0.86875 0.8125 12120
0.86875 0.8125 12120
0.86875 0.8125 12120
0.86875 0.8125 12126
0.865625 0.8125 12128
0.865625 0.8125 12128
0.865625 0.8125 12128
0.865625 0.8125 12128
0.865625 0.8125 12134
0.865625 0.8125 12134
0.865625 0.8125 12134
0.865625 0.8125 12136
0.865625 0.809375 12138
0.865625 0.809375 12138
0.865625 0.809375 12138
0.865625 0.809375 12138
0.865625 0.809375 12140
0.865625 0.809375 12142
0.865625 0.809375 12142
0.865625 0.809375 12142
0.865625 0.809375 12142
0.865625 0.809375 12142
0.865625 0.8125 12154
0.865625 0.8125 12154
0.865625 0.8125 12154
0.865625 0.8125 12154
0.865625 0.8125 12154
0.865625 0.8125 12160
0.865625 0.8125 12160
0.865625 0.8125 12162
0.865625 0.8125 12162
0.865625 0.8 12204
0.865625 0.8 12204
0.865625 0.8 12204
0.865625 0.8 12204
0.8625 0.8 12224
0.8625 0.8 12224
0.8625 0.8 12226
0.8625 0.8 12238
0.8625 0.8 12258
0.8625 0.8 12258
0.8625 0.8 12258
0.8625 0.8 12258
0.8625 0.8 12258
0.8625 0.8 12258
0.8625 0.8 12258
0.8625 0.8 12258
0.8625 0.8 12260
0.8625 0.8 12262
0.8625 0.8 12262
0.8625 0.8 12262
0.8625 0.8 12262
0.8625 0.8 12262
0.8625 0.8 12264
0.8625 0.8 12264
0.8625 0.8 12264
0.8625 0.8 12264
0.8625 0.8 12270
0.8625 0.8 12270
0.8625 0.8 12270
0.8625 0.8 12270
0.8625 0.8 12270
0.8625 0.8 12270
0.8625 0.8 12270
0.8625 0.8 12270
0.8625 0.8 12270
0.8625 0.8 12270
0.8625 0.8 12276
0.8625 0.8 12276
0.8625 0.8 12276
0.8625 0.8 12276
0.8625 0.8 12276
0.8625 0.8 12276
0.8625 0.8 12276
0.8625 0.8 12276
0.8625 0.8 12282
0.8625 0.8 12282
0.8625 0.8 12302
0.8625 0.8 12302
0.8625 0.8 12302
0.8625 0.8 12302
0.8625 0.8 12302
0.8625 0.8 12302
0.8625 0.8 12302
0.8625 0.8 12304
0.8625 0.8 12304
0.8625 0.8 12304
0.8625 0.8 12304
0.8625 0.8 12304
0.8625 0.8 12304
0.8625 0.8 12304
0.8625 0.8 12304
0.8625 0.8 12304
0.8625 0.8 12304
0.8625 0.8 12306
0.8625 0.8 12308
0.8625 0.8 12308
0.8625 0.8 12308
0.8625 0.8 12308
0.8625 0.8 12308
0.8625 0.8 12310
0.8625 0.8 12310
0.8625 0.8 12310
0.8625 0.8 12316
0.8625 0.8 12316
0.8625 0.8 12316
0.8625 0.8 12328
0.8625 0.8 12328
0.8625 0.8 12328
0.8625 0.8 12328
0.8625 0.8 12328
0.8625 0.8 12328
0.8625 0.8 12328
0.8625 0.8 12328
0.8625 0.8 12328
0.8625 0.8 12328
0.8625 0.8 12328
0.8625 0.8 12334
0.8625 0.8 12334
0.8625 0.8 12336
0.8625 0.8 12336
0.8625 0.8 12356
0.8625 0.8 12356
0.8625 0.8 12356
0.8625 0.8 12356
0.8625 0.8 12356
0.8625 0.8 12356
0.8625 0.8 12356
0.8625 0.8 12358
0.8625 0.8 12360
0.8625 0.8 12470
0.8625 0.8 12470
0.8625 0.8 12470
0.8625 0.8 12476
0.8625 0.8 12476
0.8625 0.8 12476
0.8625 0.8 12476
0.8625 0.8 12476
0.8625 0.8 12476
0.8625 0.8 12476
0.8625 0.8 12482
0.8625 0.8 12482
0.8625 0.8 12482
0.8625 0.8 12488
0.8625 0.8 12490
0.8625 0.8 12492
0.8625 0.8 12494
0.8625 0.8 12494
0.8625 0.8 12494
0.8625 0.8 12494
0.8625 0.8 12494
0.8625 0.8 12500
0.8625 0.8 12500
0.8625 0.8 12502
0.8625 0.8 12502
0.8625 0.8 12502
0.8625 0.8 12502
0.8625 0.8 12502
0.8625 0.8 12502
0.8625 0.8 12504
0.8625 0.8 12504
0.8625 0.8 12504
0.8625 0.8 12524
0.8625 0.8 12524
0.8625 0.8 12530
0.8625 0.8 12530
0.8625 0.8 12532
0.8625 0.8 12534
0.8625 0.8 12534
0.8625 0.8 12540
0.8625 0.8 12540
0.8625 0.8 12540
0.8625 0.8 12540
0.8625 0.8 12542
0.8625 0.8 12542
0.8625 0.8 12542
0.8625 0.8 12542
0.8625 0.8 12542
0.8625 0.8 12542
0.8625 0.8 12542
0.8625 0.8 12544
0.8625 0.8 12544
0.8625 0.8 12544
0.8625 0.8 12544
0.8625 0.8 12544
0.8625 0.8 12544
0.8625 0.8 12544
0.8625 0.8 12544
0.8625 0.8 12544
0.8625 0.8 12550
0.8625 0.8 12550
0.8625 0.8 12550
0.8625 0.8 12550
0.8625 0.8 12550
0.8625 0.8 12550
0.8625 0.8 12550
0.8625 0.8 12550
0.8625 0.8 12550
0.8625 0.8 12550
0.8625 0.8 12552
0.8625 0.8 12554
0.8625 0.8 12554
0.8625 0.8 12554
0.8625 0.8 12584
0.8625 0.8 12590
0.8625 0.8 12590
0.8625 0.8 12590
0.8625 0.8 12590
0.8625 0.8 12596
0.8625 0.8 12596
0.8625 0.8 12598
0.8625 0.8 12598
0.8625 0.8 12598
0.8625 0.8 12600
0.8625 0.8 12600
0.8625 0.8 12600
0.8625 0.8 12600
0.8625 0.8 12600
0.8625 0.8 12600
0.8625 0.8 12600
0.8625 0.8 12600
0.8625 0.80625 12672
0.8625 0.80625 12672
0.8625 0.80625 12672
0.8625 0.80625 12672
0.8625 0.80625 12672
0.8625 0.80625 12672
0.8625 0.80625 12672
0.8625 0.80625 12674
0.8625 0.80625 12674
0.8625 0.80625 12674
0.8625 0.80625 12674
0.8625 0.80625 12674
0.8625 0.80625 12676
0.8625 0.80625 12676
0.8625 0.80625 12676
0.8625 0.80625 12676
0.8625 0.80625 12676
0.8625 0.80625 12676
0.8625 0.80625 12682
0.8625 0.80625 12814
0.859375 0.80625 12844
0.859375 0.80625 12844
0.859375 0.80625 12844
0.859375 0.80625 12846
0.859375 0.80625 12846
0.859375 0.80625 12846
0.859375 0.80625 12846
0.859375 0.80625 12848
0.859375 0.80625 12848
0.859375 0.80625 12848
0.859375 0.80625 12850
0.859375 0.80625 12850
0.859375 0.80625 12852
0.859375 0.80625 12852
0.859375 0.80625 12854
0.859375 0.80625 12854
0.859375 0.80625 12854
0.859375 0.80625 12854
0.859375 0.80625 12854
0.859375 0.80625 12856
0.859375 0.80625 12856
0.859375 0.80625 12858
0.859375 0.80625 12858
0.859375 0.80625 12858
0.859375 0.80625 12858
0.859375 0.80625 12878
0.859375 0.80625 12878
0.859375 0.80625 12878
0.859375 0.80625 12878
0.859375 0.80625 12878
0.859375 0.80625 12878
0.859375 0.80625 12884
0.859375 0.80625 12884
0.859375 0.80625 12884
0.859375 0.80625 12884
0.859375 0.80625 12940
0.859375 0.80625 12940
0.859375 0.80625 12940
0.859375 0.80625 12940
0.859375 0.80625 12940
0.859375 0.80625 12940
0.859375 0.80625 12940
0.859375 0.80625 12940
0.859375 0.80625 12940
0.859375 0.80625 12940
0.859375 0.80625 12942
0.859375 0.80625 12942
0.859375 0.80625 12942
0.859375 0.80625 12948
0.859375 0.80625 12948
0.859375 0.80625 12948
0.859375 0.80625 12948
0.859375 0.80625 12960
0.859375 0.80625 12960
0.859375 0.80625 12960
0.859375 0.80625 12972
0.859375 0.80625 12974
0.859375 0.80625 12976
0.859375 0.80625 12976
0.859375 0.80625 12976
0.859375 0.80625 12978
0.859375 0.80625 12978
0.8625 0.80625 12984
0.853125 0.80625 13026
0.853125 0.80625 13026
0.853125 0.80625 13032
0.853125 0.80625 13034
0.853125 0.80625 13034
0.853125 0.80625 13040
0.853125 0.80625 13082
0.853125 0.80625 13082
0.853125 0.80625 13082
0.853125 0.80625 13088
0.853125 0.80625 13088
0.853125 0.80625 13094
0.853125 0.80625 13096
0.853125 0.80625 13096
0.853125 0.80625 13096
0.853125 0.80625 13096
0.853125 0.80625 13116
0.853125 0.80625 13116
0.853125 0.80625 13116
0.853125 0.80625 13116
0.853125 0.80625 13116
0.853125 0.80625 13116
0.853125 0.80625 13118
0.853125 0.80625 13118
0.853125 0.80625 13118
0.853125 0.80625 13118
0.853125 0.80625 13124
0.853125 0.80625 13124
0.853125 0.80625 13124
0.853125 0.80625 13126
0.853125 0.80625 13126
0.853125 0.80625 13126
0.853125 0.80625 13126
0.853125 0.80625 13128
0.853125 0.80625 13128
0.853125 0.80625 13130
0.853125 0.80625 13136
0.853125 0.80625 13138
0.853125 0.80625 13138
0.853125 0.80625 13150
0.853125 0.80625 13152
0.853125 0.80625 13154
0.853125 0.80625 13154
0.853125 0.80625 13156
0.853125 0.80625 13156
0.853125 0.80625 13156
0.853125 0.80625 13156
0.853125 0.80625 13156
0.853125 0.80625 13156
0.853125 0.80625 13156
0.853125 0.80625 13156
0.853125 0.80625 13156
0.853125 0.80625 13156
0.853125 0.80625 13156
0.853125 0.80625 13156
0.853125 0.80625 13156
0.853125 0.80625 13156
0.853125 0.80625 13156
0.853125 0.80625 13156
0.853125 0.80625 13156
0.853125 0.80625 13156
0.853125 0.80625 13156
0.853125 0.80625 13156
0.853125 0.80625 13156
0.853125 0.80625 13156
0.853125 0.80625 13156
0.853125 0.80625 13156
0.853125 0.80625 13162
0.853125 0.80625 13162
0.853125 0.80625 13162
0.853125 0.80625 13164
0.853125 0.80625 13166
0.853125 0.80625 13166
0.853125 0.80625 13166
0.853125 0.80625 13166
0.853125 0.80625 13168
0.853125 0.80625 13168
0.853125 0.80625 13168
0.853125 0.80625 13168
0.853125 0.80625 13170
0.853125 0.80625 13170
0.853125 0.80625 13170
0.853125 0.80625 13170
0.853125 0.80625 13172
0.853125 0.80625 13172
0.853125 0.80625 13172
0.853125 0.80625 13172
0.853125 0.80625 13192
0.853125 0.80625 13192
0.853125 0.80625 13192
0.853125 0.80625 13192
0.853125 0.80625 13192
0.853125 0.80625 13192
0.853125 0.80625 13192
0.853125 0.80625 13192
0.853125 0.80625 13194
0.853125 0.80625 13194
0.853125 0.80625 13200
0.853125 0.80625 13202
0.853125 0.80625 13202
0.853125 0.80625 13202
0.853125 0.8 13258
0.853125 0.8 13258
0.853125 0.8 13258
0.853125 0.8 13258
0.853125 0.8 13260
0.853125 0.8 13260
0.853125 0.8 13260
0.853125 0.8 13260
0.853125 0.8 13260
0.853125 0.8 13260
0.853125 0.8 13260
0.853125 0.8 13260
0.853125 0.8 13262
0.853125 0.8 13268
0.853125 0.8 13268
0.846875 0.8 13378
0.846875 0.8 13378
0.846875 0.8 13380
0.846875 0.8 13380
0.846875 0.8 13380
0.846875 0.8 13392
0.846875 0.8 13392
