0.85625 0.859375 596
0.85625 0.859375 596
0.85625 0.8625 596
0.85 0.85625 608
0.85 0.85625 608
0.846875 0.85625 628
0.846875 0.85625 640
0.846875 0.85625 640
0.846875 0.85625 640
0.84375 0.85625 646
0.84375 0.85625 646
0.84375 0.85625 646
0.84375 0.846875 652
0.84375 0.85 652
0.84375 0.85 652
0.84375 0.85 652
0.84375 0.85 652
0.840625 0.853125 658
0.840625 0.853125 658
0.840625 0.853125 658
0.840625 0.85625 658
0.840625 0.853125 660
0.840625 0.853125 660
0.840625 0.853125 660
0.840625 0.853125 660
0.840625 0.853125 662
0.840625 0.85 662
0.840625 0.85 662
0.840625 0.853125 662
0.840625 0.85625 662
0.840625 0.85625 662
0.840625 0.859375 664
0.840625 0.859375 664
0.840625 0.859375 666
0.840625 0.859375 666
0.834375 0.84375 668
0.834375 0.846875 680
0.834375 0.846875 680
0.834375 0.85 692
0.834375 0.85 692
0.834375 0.84375 692
0.834375 0.84375 698
0.834375 0.846875 700
0.834375 0.85625 712
0.834375 0.85625 712
0.834375 0.85625 712
0.834375 0.853125 714
0.834375 0.85 714
0.834375 0.85 714
0.834375 0.85 714
0.834375 0.85 714
0.834375 0.85 714
0.834375 0.85 714
0.834375 0.85 716
0.834375 0.85 716
0.834375 0.85 716
0.834375 0.85 716
0.834375 0.85 716
0.834375 0.85 716
0.834375 0.85 718
0.834375 0.85 718
0.834375 0.85 718
0.834375 0.85 718
0.83125 0.846875 730
0.83125 0.846875 730
0.83125 0.846875 730
0.83125 0.846875 730
0.83125 0.846875 730
0.83125 0.846875 732
0.83125 0.85 734
0.83125 0.85 734
0.83125 0.85 734
0.83125 0.85 734
0.83125 0.853125 734
0.83125 0.85 746
0.83125 0.84375 746
0.83125 0.8375 746
0.83125 0.8375 746
0.83125 0.83125 746
0.83125 0.83125 746
0.83125 0.83125 748
0.83125 0.83125 748
0.83125 0.8375 754
0.83125 0.8375 754
0.83125 0.84375 754
0.83125 0.84375 754
0.83125 0.84375 754
0.83125 0.84375 754
0.83125 0.84375 754
0.83125 0.840625 754
0.83125 0.840625 754
0.83125 0.846875 756
0.825 0.840625 812
0.825 0.834375 818
0.815625 0.825 890
0.815625 0.825 890
0.815625 0.825 890
0.815625 0.821875 896
0.815625 0.815625 898
0.815625 0.815625 904
0.815625 0.815625 904
0.815625 0.815625 906
0.815625 0.815625 912
0.815625 0.815625 912
0.815625 0.815625 912
0.815625 0.81875 914
0.8125 0.8125 926
0.8125 0.8125 926
0.8125 0.8125 926
0.8125 0.8125 926
0.8125 0.8125 926
0.8125 0.8125 926
0.8125 0.8125 926
0.8125 0.8125 926
0.8125 0.8125 926
0.8125 0.809375 932
0.8125 0.815625 932
0.8125 0.815625 932
0.8125 0.815625 932
0.8125 0.815625 932
0.8125 0.8125 938
0.815625 0.8125 950
0.815625 0.8125 950
0.815625 0.8125 950
0.815625 0.8125 950
0.815625 0.8125 950
0.815625 0.8125 950
0.815625 0.81875 962
0.821875 0.809375 968
0.821875 0.8125 970
0.821875 0.8125 970
0.821875 0.8125 970
0.821875 0.8125 970
0.821875 0.8125 970
0.821875 0.8125 970
0.821875 0.8125 970
0.821875 0.8125 970
0.85 0.81875 982
0.85 0.81875 982
0.85 0.81875 984
0.85 0.81875 984
0.85 0.81875 984
0.85 0.81875 986
0.85 0.81875 998
0.85 0.81875 998
0.85 0.81875 998
0.834375 0.7875 1130
0.834375 0.7875 1130
0.834375 0.7875 1132
0.834375 0.7875 1132
0.834375 0.7875 1132
0.834375 0.7875 1132
0.834375 0.7875 1132
0.834375 0.7875 1132
0.834375 0.7875 1132
0.834375 0.7875 1132
0.834375 0.7875 1138
0.834375 0.7875 1138
0.834375 0.784375 1138
0.834375 0.78125 1138
0.84375 0.7875 1150
0.84375 0.7875 1150
0.84375 0.790625 1150
0.84375 0.790625 1150
0.84375 0.79375 1150
0.84375 0.79375 1150
0.84375 0.79375 1150
0.84375 0.79375 1150
0.8375 0.79375 1206
0.8375 0.79375 1208
0.8375 0.79375 1210
0.8375 0.79375 1210
0.8375 0.790625 1210
0.8375 0.790625 1210
0.8375 0.790625 1210
0.8375 0.790625 1210
0.8375 0.790625 1230
0.8375 0.790625 1230
0.8375 0.790625 1230
0.8375 0.790625 1230
0.8375 0.790625 1230
0.8375 0.7875 1230
0.8375 0.784375 1230
0.8375 0.78125 1230
0.8375 0.78125 1232
0.8375 0.78125 1232
0.8375 0.78125 1232
0.8375 0.78125 1232
0.8375 0.78125 1232
0.8375 0.78125 1238
0.8375 0.78125 1238
0.8375 0.78125 1238
0.8375 0.78125 1238
0.83125 0.78125 1258
0.83125 0.78125 1258
0.83125 0.78125 1260
0.83125 0.78125 1262
0.83125 0.78125 1268
0.83125 0.78125 1268
0.83125 0.78125 1270
0.83125 0.78125 1270
0.83125 0.78125 1270
0.83125 0.78125 1270
0.83125 0.78125 1270
0.83125 0.78125 1270
0.83125 0.78125 1270
0.83125 0.784375 1270
0.83125 0.78125 1272
0.83125 0.78125 1272
0.83125 0.78125 1272
0.821875 0.78125 1284
0.821875 0.78125 1284
0.821875 0.78125 1284
0.821875 0.78125 1284
0.821875 0.78125 1290
0.8375 0.79375 1292
0.8375 0.79375 1292
0.8375 0.79375 1292
0.8375 0.79375 1292
0.8375 0.79375 1298
0.8375 0.79375 1298
0.8375 0.79375 1298
0.8375 0.79375 1298
0.8375 0.79375 1300
0.8375 0.79375 1300
0.8375 0.79375 1300
0.8375 0.79375 1300
0.8375 0.79375 1300
0.8375 0.79375 1300
0.8375 0.79375 1300
0.8375 0.79375 1300
0.8375 0.79375 1300
0.8375 0.79375 1300
0.8375 0.79375 1330
0.8375 0.79375 1342
0.8375 0.79375 1342
0.8375 0.79375 1342
0.8375 0.79375 1348
0.8375 0.79375 1348
0.825 0.7875 1480
0.825 0.7875 1480
0.825 0.790625 1480
0.825 0.790625 1480
0.825 0.7875 1482
0.825 0.7875 1482
0.821875 0.8 1538
0.821875 0.8 1538
0.821875 0.8 1538
0.821875 0.8 1540
0.821875 0.8 1540
0.821875 0.8 1540
0.821875 0.8 1540
0.821875 0.8 1560
0.821875 0.8 1560
0.821875 0.8 1560
0.821875 0.8 1560
0.821875 0.8 1560
0.821875 0.8 1560
0.821875 0.803125 1566
0.821875 0.803125 1566
0.821875 0.803125 1568
0.821875 0.803125 1568
0.821875 0.803125 1568
0.821875 0.803125 1568
0.821875 0.79375 1570
0.821875 0.79375 1570
0.821875 0.79375 1570
0.821875 0.79375 1570
0.821875 0.79375 1570
0.821875 0.79375 1570
0.821875 0.79375 1570
0.821875 0.79375 1570
0.821875 0.79375 1572
0.821875 0.79375 1574
0.821875 0.79375 1574
0.821875 0.79375 1574
0.821875 0.7875 1574
0.821875 0.7875 1580
0.821875 0.7875 1580
0.821875 0.7875 1580
0.815625 0.78125 1600
0.815625 0.78125 1600
0.815625 0.7875 1600
0.815625 0.7875 1600
0.815625 0.7875 1600
0.815625 0.79375 1612
0.815625 0.79375 1612
0.815625 0.79375 1612
0.815625 0.79375 1612
0.815625 0.796875 1612
0.815625 0.796875 1612
0.815625 0.79375 1614
0.815625 0.79375 1614
0.815625 0.79375 1614
0.815625 0.790625 1614
0.815625 0.790625 1614
0.815625 0.790625 1614
0.815625 0.790625 1614
0.815625 0.7875 1616
0.815625 0.7875 1616
0.815625 0.7875 1618
0.815625 0.7875 1618
0.815625 0.7875 1618
0.815625 0.7875 1618
0.815625 0.7875 1618
0.815625 0.7875 1618
0.815625 0.7875 1624
0.815625 0.7875 1624
0.815625 0.7875 1624
0.815625 0.79375 1636
0.815625 0.79375 1638
0.815625 0.79375 1638
0.815625 0.79375 1638
0.815625 0.79375 1638
0.815625 0.79375 1638
0.815625 0.79375 1638
0.81875 0.79375 1644
0.81875 0.79375 1644
0.81875 0.796875 1646
0.81875 0.796875 1646
0.81875 0.796875 1646
0.81875 0.8 1652
0.81875 0.8 1652
0.81875 0.8 1652
0.81875 0.8 1652
0.81875 0.8 1652
0.81875 0.8 1652
0.81875 0.8 1652
0.81875 0.8 1654
0.81875 0.8 1654
0.81875 0.8 1654
0.815625 0.8 1684
0.815625 0.8 1684
0.815625 0.8 1684
0.815625 0.8 1684
0.815625 0.8 1684
0.815625 0.8 1684
0.815625 0.8 1684
0.815625 0.8 1684
0.815625 0.8 1684
0.815625 0.8 1684
0.815625 0.8 1686
0.815625 0.8 1686
0.815625 0.8 1688
0.815625 0.8 1688
0.815625 0.796875 1688
0.815625 0.796875 1688
0.815625 0.796875 1694
0.815625 0.796875 1694
0.815625 0.796875 1696
0.815625 0.796875 1696
0.815625 0.79375 1696
0.815625 0.79375 1698
0.815625 0.79375 1698
0.821875 0.81875 1770
0.821875 0.81875 1770
0.821875 0.81875 1770
0.821875 0.81875 1770
0.821875 0.81875 1770
0.821875 0.81875 1770
0.86875 0.84375 1812
0.865625 0.84375 1814
0.865625 0.84375 1814
0.865625 0.84375 1814
0.865625 0.85 1814
0.865625 0.85 1814
0.859375 0.853125 1856
0.859375 0.853125 1856
0.859375 0.853125 1868
0.859375 0.853125 1874
0.859375 0.853125 1874
0.859375 0.853125 1874
0.859375 0.853125 1874
0.859375 0.853125 1874
0.859375 0.853125 1874
0.859375 0.853125 1876
0.859375 0.85 1878
0.859375 0.846875 1884
0.859375 0.846875 1884
0.859375 0.846875 1884
0.859375 0.846875 1884
0.859375 0.84375 1884
0.859375 0.84375 1904
0.85625 0.8375 1906
0.85625 0.8375 1906
0.85625 0.8375 1906
0.85625 0.8375 1906
0.85625 0.8375 1906
0.85625 0.8375 1912
0.85625 0.8375 1912
0.85625 0.8375 1942
0.85625 0.8375 1944
0.85625 0.8375 1946
0.85625 0.8375 1946
0.85625 0.8375 1946
0.85625 0.8375 1958
0.85625 0.8375 1958
0.85625 0.8375 1958
0.85625 0.8375 1960
0.85625 0.8375 1960
0.85625 0.8375 1960
0.85625 0.8375 1960
0.85625 0.8375 1960
0.85625 0.8375 1960
0.85625 0.8375 1960
0.85625 0.8375 1960
0.85625 0.8375 1960
0.85625 0.8375 1960
0.85625 0.84375 1960
0.85625 0.84375 1960
0.85625 0.84375 1960
0.85625 0.84375 1960
0.85625 0.84375 1960
0.85625 0.840625 1960
0.85625 0.84375 1960
0.85625 0.84375 1960
0.85625 0.84375 1960
0.85625 0.84375 1960
0.85625 0.84375 1966
0.85625 0.84375 1966
0.85625 0.84375 1966
0.85625 0.84375 1966
0.85625 0.84375 1966
0.85625 0.84375 1966
0.85625 0.84375 1966
0.85625 0.84375 1966
0.85625 0.84375 1966
0.85625 0.84375 1966
0.85625 0.84375 1966
0.85625 0.84375 1966
0.85625 0.84375 1966
0.85625 0.84375 1966
0.85625 0.84375 1968
0.85625 0.84375 1968
0.85625 0.84375 1968
0.85625 0.84375 1968
0.85625 0.84375 1968
0.85625 0.84375 1968
0.85625 0.84375 1968
0.85625 0.84375 1968
0.85625 0.84375 1970
0.85625 0.840625 1970
0.85625 0.840625 1976
0.85625 0.84375 1976
0.85625 0.84375 1976
0.853125 0.84375 1996
0.853125 0.84375 1996
0.853125 0.84375 1996
0.853125 0.84375 1996
0.853125 0.84375 1996
0.853125 0.84375 1996
0.853125 0.84375 1996
0.853125 0.840625 1996
0.853125 0.84375 1996
0.853125 0.84375 1996
0.853125 0.84375 1996
0.853125 0.84375 1996
0.853125 0.84375 2008
0.853125 0.84375 2008
0.853125 0.84375 2008
0.853125 0.84375 2008
0.85625 0.84375 2010
0.85625 0.84375 2010
0.85625 0.84375 2022
0.85625 0.84375 2022
0.85625 0.84375 2022
0.85625 0.84375 2024
0.85625 0.84375 2024
0.85625 0.84375 2024
0.85625 0.84375 2026
0.85625 0.84375 2026
0.85625 0.84375 2046
0.85625 0.84375 2046
0.85625 0.84375 2048
0.85625 0.84375 2048
0.85625 0.84375 2050
0.853125 0.84375 2056
0.853125 0.84375 2056
0.853125 0.84375 2056
0.853125 0.84375 2056
0.853125 0.84375 2058
0.853125 0.84375 2058
0.853125 0.84375 2058
0.853125 0.84375 2058
0.853125 0.84375 2058
0.853125 0.84375 2058
0.853125 0.84375 2058
0.853125 0.84375 2058
0.853125 0.84375 2058
0.853125 0.84375 2058
0.853125 0.84375 2058
0.853125 0.84375 2058
0.853125 0.84375 2058
0.853125 0.84375 2060
0.853125 0.84375 2060
0.853125 0.84375 2060
0.853125 0.84375 2060
0.86875 0.84375 2080
0.86875 0.84375 2082
0.86875 0.84375 2082
0.86875 0.84375 2082
0.86875 0.84375 2082
0.86875 0.84375 2082
0.86875 0.84375 2084
0.86875 0.84375 2084
0.86875 0.84375 2084
0.86875 0.84375 2086
0.86875 0.84375 2086
0.86875 0.84375 2086
0.86875 0.84375 2086
0.86875 0.84375 2086
0.86875 0.84375 2086
0.86875 0.84375 2086
0.86875 0.84375 2086
0.86875 0.84375 2086
0.86875 0.84375 2092
0.86875 0.84375 2092
0.86875 0.84375 2092
0.86875 0.84375 2094
0.86875 0.84375 2094
0.86875 0.834375 2114
0.86875 0.834375 2114
0.86875 0.834375 2114
0.86875 0.834375 2114
0.86875 0.834375 2114
0.86875 0.834375 2114
0.86875 0.834375 2114
0.86875 0.840625 2114
0.86875 0.834375 2120
0.86875 0.834375 2120
0.86875 0.834375 2120
0.86875 0.828125 2132
0.86875 0.828125 2132
0.86875 0.828125 2132
0.86875 0.828125 2132
0.86875 0.828125 2132
0.86875 0.825 2144
0.86875 0.825 2144
0.86875 0.825 2144
0.86875 0.825 2146
0.86875 0.825 2146
0.86875 0.825 2146
0.86875 0.825 2146
0.86875 0.825 2146
0.86875 0.825 2146
0.86875 0.825 2146
0.86875 0.825 2166
0.86875 0.825 2166
0.86875 0.825 2166
0.86875 0.825 2166
0.86875 0.825 2166
0.86875 0.825 2168
0.86875 0.825 2168
0.86875 0.825 2168
0.86875 0.825 2168
0.86875 0.825 2170
0.86875 0.825 2170
0.86875 0.825 2170
0.86875 0.825 2170
0.859375 0.8125 2190
0.859375 0.8125 2190
0.859375 0.8125 2192
0.859375 0.8125 2192
0.859375 0.8125 2194
0.859375 0.8125 2194
0.859375 0.8125 2194
0.859375 0.8125 2194
0.859375 0.8125 2194
0.859375 0.8125 2194
0.859375 0.8125 2194
0.859375 0.8125 2194
0.859375 0.8125 2194
0.875 0.83125 2224
0.875 0.83125 2224
0.88125 0.840625 2254
0.88125 0.840625 2254
0.88125 0.84375 2254
0.88125 0.84375 2254
0.88125 0.84375 2260
0.88125 0.846875 2262
0.88125 0.84375 2292
0.88125 0.84375 2292
0.88125 0.84375 2292
0.88125 0.84375 2292
0.88125 0.84375 2292
0.88125 0.84375 2312
0.88125 0.84375 2312
0.88125 0.84375 2312
0.88125 0.84375 2312
0.88125 0.84375 2312
0.88125 0.84375 2312
0.88125 0.84375 2312
0.88125 0.84375 2312
0.88125 0.84375 2312
0.88125 0.84375 2324
0.88125 0.84375 2324
0.88125 0.84375 2324
0.88125 0.84375 2354
0.88125 0.84375 2354
0.88125 0.84375 2354
0.88125 0.84375 2354
0.88125 0.84375 2354
0.88125 0.84375 2354
0.88125 0.84375 2354
0.88125 0.85 2354
0.88125 0.85 2354
0.88125 0.85 2354
0.88125 0.85 2354
0.88125 0.85 2354
0.88125 0.85 2354
0.88125 0.85 2354
0.88125 0.85 2354
0.88125 0.8375 2356
0.88125 0.8375 2356
0.88125 0.8375 2358
0.88125 0.8375 2358
0.88125 0.8375 2358
0.88125 0.8375 2358
0.88125 0.8375 2358
0.88125 0.8375 2358
0.88125 0.8375 2358
0.88125 0.8375 2358
0.88125 0.8375 2358
0.88125 0.8375 2358
0.88125 0.8375 2358
0.88125 0.8375 2360
0.88125 0.8375 2360
0.88125 0.8375 2360
0.88125 0.83125 2360
0.88125 0.8375 2372
0.88125 0.8375 2372
0.88125 0.8375 2372
0.88125 0.8375 2372
0.88125 0.8375 2372
0.88125 0.8375 2374
0.88125 0.8375 2374
0.88125 0.8375 2374
0.88125 0.8375 2374
0.88125 0.8375 2374
0.88125 0.834375 2374
0.88125 0.834375 2374
0.88125 0.834375 2380
0.88125 0.834375 2380
0.88125 0.834375 2380
0.88125 0.834375 2380
0.88125 0.834375 2380
0.88125 0.840625 2386
0.88125 0.840625 2386
0.88125 0.840625 2386
0.88125 0.840625 2386
0.88125 0.840625 2386
0.88125 0.840625 2386
0.88125 0.840625 2386
0.88125 0.840625 2386
0.871875 0.834375 2428
0.871875 0.834375 2428
0.871875 0.834375 2428
0.871875 0.834375 2428
0.871875 0.834375 2428
0.871875 0.834375 2428
0.871875 0.834375 2428
0.871875 0.834375 2428
0.871875 0.834375 2428
0.871875 0.834375 2428
0.871875 0.834375 2428
0.871875 0.83125 2440
0.871875 0.83125 2440
0.871875 0.83125 2440
0.871875 0.83125 2440
0.871875 0.83125 2440
0.871875 0.83125 2446
0.871875 0.83125 2446
0.871875 0.83125 2446
0.871875 0.83125 2452
0.871875 0.83125 2452
0.871875 0.83125 2452
0.871875 0.83125 2452
0.871875 0.83125 2452
0.871875 0.83125 2454
0.871875 0.83125 2454
0.871875 0.83125 2454
0.871875 0.83125 2456
0.871875 0.83125 2456
0.871875 0.83125 2456
0.871875 0.83125 2456
0.871875 0.83125 2456
0.871875 0.83125 2462
0.871875 0.83125 2462
0.871875 0.83125 2462
0.871875 0.83125 2462
0.871875 0.83125 2462
0.871875 0.83125 2462
0.871875 0.83125 2462
0.871875 0.83125 2462
0.871875 0.83125 2462
0.871875 0.83125 2462
0.871875 0.83125 2462
0.86875 0.825 2468
0.86875 0.825 2468
0.86875 0.83125 2468
0.86875 0.83125 2468
0.86875 0.83125 2468
0.86875 0.83125 2468
0.86875 0.83125 2468
0.86875 0.83125 2468
0.871875 0.83125 2480
0.871875 0.83125 2480
0.871875 0.83125 2480
0.871875 0.83125 2480
0.871875 0.83125 2480
0.871875 0.83125 2480
0.871875 0.83125 2480
0.871875 0.83125 2480
0.871875 0.83125 2492
0.871875 0.83125 2492
0.871875 0.83125 2492
0.871875 0.834375 2492
0.871875 0.834375 2492
0.871875 0.834375 2492
0.871875 0.834375 2492
0.871875 0.834375 2494
0.871875 0.834375 2496
0.871875 0.834375 2496
0.871875 0.834375 2498
0.871875 0.834375 2498
0.871875 0.834375 2498
0.871875 0.834375 2498
0.871875 0.834375 2500
0.86875 0.840625 2542
0.86875 0.84375 2542
0.86875 0.84375 2542
0.86875 0.84375 2548
0.865625 0.8375 2578
0.865625 0.8375 2578
0.865625 0.8375 2578
0.865625 0.840625 2578
0.865625 0.840625 2580
0.865625 0.840625 2592
0.865625 0.840625 2612
0.865625 0.840625 2612
0.865625 0.840625 2612
0.865625 0.840625 2612
0.865625 0.840625 2614
0.865625 0.840625 2614
0.865625 0.840625 2614
0.865625 0.840625 2614
0.8625 0.8375 2644
0.8625 0.8375 2644
0.8625 0.8375 2644
0.8625 0.8375 2656
0.8625 0.8375 2656
0.8625 0.8375 2658
0.8625 0.8375 2658
0.8625 0.8375 2658
0.8625 0.8375 2658
0.8625 0.8375 2660
0.8625 0.8375 2662
0.8625 0.8375 2662
0.8625 0.8375 2662
0.8625 0.8375 2662
0.8625 0.8375 2662
0.8625 0.8375 2662
0.8625 0.8375 2662
0.8625 0.8375 2662
0.8625 0.8375 2668
0.8625 0.8375 2674
0.8625 0.8375 2674
0.8625 0.8375 2676
0.8625 0.8375 2676
0.8625 0.8375 2676
0.8625 0.8375 2676
0.8625 0.8375 2676
0.8625 0.83125 2696
0.8625 0.83125 2702
0.8625 0.83125 2702
0.8625 0.83125 2704
0.8625 0.83125 2704
0.8625 0.83125 2704
0.8625 0.83125 2704
0.8625 0.83125 2706
0.8625 0.83125 2706
0.8625 0.83125 2706
0.8625 0.83125 2708
0.8625 0.83125 2708
0.8625 0.83125 2708
0.8625 0.83125 2708
0.8625 0.83125 2708
0.8625 0.83125 2708
0.8625 0.83125 2708
0.865625 0.83125 2728
0.865625 0.83125 2730
0.865625 0.83125 2730
0.865625 0.83125 2750
0.865625 0.83125 2750
0.865625 0.83125 2756
0.865625 0.83125 2756
0.865625 0.83125 2758
0.865625 0.83125 2758
0.865625 0.83125 2758
0.865625 0.83125 2760
0.865625 0.83125 2760
0.865625 0.83125 2760
0.865625 0.828125 2790
0.865625 0.828125 2790
0.865625 0.828125 2790
0.865625 0.828125 2790
0.865625 0.828125 2790
0.865625 0.828125 2790
0.865625 0.828125 2792
0.865625 0.828125 2792
0.865625 0.828125 2812
0.865625 0.828125 2812
0.865625 0.828125 2812
0.865625 0.828125 2812
0.865625 0.828125 2812
0.865625 0.828125 2812
0.865625 0.828125 2812
0.865625 0.828125 2812
0.865625 0.828125 2812
0.865625 0.828125 2812
0.865625 0.828125 2812
0.865625 0.828125 2812
0.865625 0.828125 2814
0.865625 0.828125 2814
0.865625 0.828125 2814
0.865625 0.828125 2816
0.865625 0.828125 2818
0.8625 0.825 2830
0.8625 0.825 2842
0.8625 0.825 2842
0.8625 0.825 2842
0.8625 0.825 2842
0.8625 0.825 2844
0.8625 0.825 2846
0.8625 0.825 2848
0.8625 0.825 2848
0.8625 0.83125 2848
0.8625 0.83125 2848
0.8625 0.828125 2850
0.8625 0.828125 2850
0.86875 0.83125 2982
0.86875 0.83125 2982
0.86875 0.83125 2982
0.86875 0.83125 2982
0.86875 0.83125 2982
0.86875 0.83125 2982
0.86875 0.83125 2982
0.86875 0.83125 2982
0.86875 0.83125 2982
0.86875 0.83125 2984
0.86875 0.83125 2986
0.86875 0.8375 2986
0.86875 0.8375 2986
0.86875 0.8375 2986
0.86875 0.8375 2988
0.86875 0.8375 2988
0.86875 0.8375 2988
0.86875 0.8375 2988
0.86875 0.8375 2988
0.86875 0.8375 2988
0.86875 0.8375 2988
0.86875 0.8375 2988
0.86875 0.8375 2988
0.86875 0.8375 2988
0.86875 0.8375 2988
0.86875 0.8375 2988
0.86875 0.8375 2988
0.86875 0.8375 2990
0.86875 0.8375 2992
0.86875 0.8375 2992
0.86875 0.8375 2992
0.86875 0.8375 2992
0.86875 0.8375 2992
0.86875 0.8375 2992
0.86875 0.8375 2992
0.86875 0.8375 2992
0.875 0.85 3034
0.875 0.85 3034
0.875 0.85 3034
0.875 0.85 3034
0.875 0.85 3034
0.875 0.85 3034
0.875 0.85 3034
0.875 0.85 3034
0.875 0.85 3034
0.875 0.85 3040
0.875 0.85 3040
0.875 0.85 3040
0.871875 0.85 3112
0.871875 0.85 3112
0.871875 0.85 3112
0.871875 0.85 3112
0.871875 0.85 3112
0.871875 0.85 3112
0.871875 0.85 3114
0.871875 0.85 3114
0.871875 0.85 3114
0.871875 0.85 3114
0.871875 0.85 3114
0.871875 0.85 3114
0.865625 0.83125 3270
0.865625 0.83125 3270
0.865625 0.83125 3270
0.865625 0.83125 3272
0.86875 0.83125 3278
0.86875 0.83125 3290
0.86875 0.83125 3290
0.86875 0.83125 3290
0.86875 0.83125 3290
0.86875 0.83125 3296
0.86875 0.83125 3298
0.86875 0.83125 3300
0.86875 0.83125 3320
0.86875 0.83125 3320
0.86875 0.83125 3320
0.86875 0.83125 3320
0.86875 0.83125 3320
0.86875 0.83125 3322
0.86875 0.83125 3322
0.86875 0.83125 3322
0.86875 0.83125 3322
0.86875 0.83125 3322
0.86875 0.83125 3322
0.86875 0.83125 3322
0.86875 0.83125 3322
0.86875 0.83125 3322
0.86875 0.83125 3322
0.86875 0.83125 3324
0.86875 0.83125 3326
0.86875 0.83125 3326
0.86875 0.83125 3326
0.86875 0.83125 3326
0.86875 0.83125 3326
0.86875 0.83125 3326
0.86875 0.83125 3326
0.86875 0.83125 3332
0.86875 0.83125 3334
0.875 0.8375 3390
0.875 0.8375 3392
0.875 0.8375 3392
0.875 0.84375 3412
0.878125 0.84375 3432
0.878125 0.84375 3434
0.878125 0.84375 3434
0.878125 0.84375 3440
0.875 0.84375 3460
0.875 0.84375 3466
0.875 0.84375 3466
0.875 0.84375 3466
0.875 0.84375 3466
0.875 0.84375 3466
0.875 0.84375 3466
0.871875 0.84375 3478
0.871875 0.84375 3478
0.871875 0.84375 3478
0.871875 0.84375 3478
0.871875 0.84375 3478
0.871875 0.84375 3478
0.871875 0.84375 3478
0.871875 0.84375 3478
0.871875 0.84375 3520
0.871875 0.84375 3520
0.871875 0.84375 3520
0.871875 0.84375 3520
0.871875 0.84375 3520
0.871875 0.84375 3520
0.871875 0.84375 3520
0.871875 0.84375 3520
0.871875 0.84375 3522
0.871875 0.84375 3524
0.871875 0.84375 3524
0.871875 0.84375 3524
0.871875 0.84375 3524
0.871875 0.84375 3524
0.871875 0.84375 3524
0.871875 0.840625 3524
0.871875 0.840625 3526
0.871875 0.840625 3532
0.871875 0.840625 3532
0.871875 0.840625 3534
0.871875 0.8375 3546
0.871875 0.8375 3546
0.871875 0.84375 3552
0.871875 0.84375 3552
0.871875 0.84375 3552
0.871875 0.84375 3552
0.871875 0.84375 3552
0.871875 0.84375 3552
0.871875 0.84375 3552
0.871875 0.84375 3552
0.871875 0.84375 3558
0.871875 0.84375 3558
0.871875 0.84375 3558
0.871875 0.84375 3558
0.871875 0.84375 3564
0.871875 0.84375 3564
0.871875 0.84375 3564
0.871875 0.84375 3564
0.871875 0.84375 3570
0.871875 0.84375 3570
0.871875 0.84375 3570
0.871875 0.84375 3570
0.871875 0.84375 3570
0.871875 0.84375 3570
0.871875 0.84375 3570
0.871875 0.84375 3570
0.871875 0.84375 3570
0.871875 0.84375 3570
0.871875 0.84375 3570
0.871875 0.84375 3570
0.871875 0.84375 3570
0.871875 0.84375 3570
0.871875 0.84375 3570
0.871875 0.84375 3570
0.871875 0.84375 3570
0.871875 0.84375 3570
0.871875 0.84375 3572
0.871875 0.84375 3574
0.871875 0.84375 3574
0.871875 0.84375 3574
0.871875 0.84375 3574
0.871875 0.84375 3574
0.871875 0.84375 3574
0.871875 0.84375 3574
0.871875 0.84375 3574
0.871875 0.84375 3604
0.871875 0.84375 3604
0.871875 0.84375 3604
0.871875 0.84375 3606
0.871875 0.84375 3606
0.871875 0.84375 3606
0.871875 0.84375 3618
0.871875 0.84375 3618
0.871875 0.84375 3618
0.871875 0.84375 3618
0.86875 0.84375 3648
0.86875 0.84375 3648
0.86875 0.84375 3648
0.86875 0.84375 3648
0.86875 0.84375 3648
0.86875 0.84375 3648
0.86875 0.84375 3648
0.86875 0.84375 3648
0.86875 0.84375 3648
0.86875 0.84375 3648
0.86875 0.84375 3648
0.86875 0.84375 3648
0.86875 0.84375 3648
0.86875 0.84375 3648
0.86875 0.84375 3650
0.86875 0.84375 3652
0.86875 0.84375 3654
0.86875 0.84375 3654
0.86875 0.84375 3654
0.86875 0.84375 3654
0.86875 0.84375 3654
0.86875 0.84375 3660
0.86875 0.84375 3660
0.86875 0.84375 3660
0.86875 0.84375 3662
0.86875 0.84375 3662
0.86875 0.84375 3662
0.86875 0.84375 3662
0.86875 0.84375 3664
0.86875 0.84375 3664
0.86875 0.84375 3664
0.86875 0.84375 3664
0.86875 0.84375 3664
0.86875 0.84375 3664
0.86875 0.84375 3670
0.86875 0.84375 3670
0.86875 0.84375 3676
0.86875 0.84375 3678
0.86875 0.84375 3678
0.86875 0.84375 3678
0.86875 0.84375 3678
0.86875 0.84375 3678
0.86875 0.84375 3678
0.86875 0.84375 3678
0.86875 0.84375 3678
0.86875 0.84375 3678
0.86875 0.84375 3678
0.86875 0.84375 3680
0.86875 0.84375 3680
0.86875 0.84375 3680
0.86875 0.84375 3680
0.86875 0.84375 3680
0.86875 0.84375 3680
0.86875 0.84375 3680
0.86875 0.84375 3680
0.86875 0.84375 3680
0.86875 0.84375 3680
0.86875 0.84375 3680
0.86875 0.84375 3686
0.86875 0.84375 3686
0.86875 0.84375 3686
0.86875 0.84375 3686
0.86875 0.84375 3686
0.86875 0.84375 3686
0.86875 0.84375 3688
0.86875 0.84375 3688
0.86875 0.84375 3688
0.86875 0.84375 3688
0.86875 0.84375 3744
0.86875 0.84375 3744
0.86875 0.84375 3746
0.86875 0.84375 3746
0.86875 0.84375 3746
0.86875 0.84375 3746
0.86875 0.84375 3746
0.86875 0.84375 3746
0.86875 0.84375 3746
0.86875 0.84375 3748
0.86875 0.84375 3748
0.865625 0.84375 3750
0.865625 0.84375 3750
0.865625 0.84375 3752
0.865625 0.84375 3754
0.865625 0.84375 3760
0.865625 0.84375 3766
0.865625 0.84375 3766
0.865625 0.84375 3768
0.865625 0.84375 3770
0.865625 0.84375 3770
0.865625 0.840625 3776
0.8625 0.84375 3832
0.8625 0.84375 3832
0.8625 0.84375 3832
0.8625 0.84375 3832
0.8625 0.84375 3832
0.8625 0.84375 3832
0.8625 0.84375 3832
0.8625 0.84375 3832
0.8625 0.84375 3832
0.8625 0.84375 3834
0.8625 0.84375 3834
0.8625 0.84375 3834
0.8625 0.84375 3834
0.8625 0.84375 3834
0.8625 0.84375 3834
0.8625 0.84375 3836
0.8625 0.84375 3836
0.8625 0.84375 3842
0.8625 0.84375 3842
0.8625 0.84375 3842
0.8625 0.84375 3842
0.8625 0.84375 3842
0.8625 0.84375 3842
0.8625 0.84375 3842
0.8625 0.84375 3842
0.8625 0.84375 3842
0.8625 0.84375 3842
0.8625 0.84375 3842
0.8625 0.84375 3842
0.8625 0.84375 3844
0.8625 0.84375 3844
0.8625 0.84375 3846
0.8625 0.84375 3846
0.8625 0.84375 3846
0.8625 0.84375 3846
0.8625 0.84375 3846
0.8625 0.84375 3846
0.8625 0.84375 3846
0.8625 0.84375 3846
0.8625 0.84375 3846
0.8625 0.84375 3846
0.8625 0.84375 3848
0.8625 0.840625 3848
0.8625 0.840625 3848
0.8625 0.8375 3848
0.8625 0.8375 3848
0.8625 0.8375 3848
0.8625 0.8375 3848
0.8625 0.8375 3848
0.8625 0.8375 3848
0.8625 0.8375 3848
0.8625 0.84375 3848
0.8625 0.84375 3854
0.8625 0.84375 3854
0.8625 0.84375 3854
0.8625 0.84375 3854
0.8625 0.84375 3854
0.8625 0.84375 3854
0.8625 0.84375 3854
0.8625 0.8375 3854
0.8625 0.8375 3854
0.859375 0.8375 3866
0.859375 0.8375 3868
0.859375 0.8375 3868
0.859375 0.8375 3868
0.859375 0.8375 3868
0.859375 0.8375 3868
0.859375 0.8375 3868
0.859375 0.8375 3874
0.859375 0.8375 3874
0.859375 0.8375 3874
0.859375 0.8375 3874
0.859375 0.8375 3874
0.859375 0.8375 3886
0.859375 0.8375 3886
0.859375 0.8375 3888
0.859375 0.8375 3890
0.85625 0.83125 3932
0.85625 0.83125 3932
0.85625 0.83125 3932
0.85625 0.8375 3938
0.85625 0.8375 3938
0.85625 0.8375 3938
0.85625 0.8375 3938
0.85625 0.8375 3944
0.85625 0.8375 3944
0.85625 0.8375 3944
0.85625 0.8375 3944
0.85625 0.834375 3944
0.85625 0.834375 3944
0.85625 0.834375 3944
0.85625 0.834375 3944
0.85625 0.834375 3944
0.85625 0.834375 3944
0.85625 0.834375 3944
0.85625 0.83125 3944
0.85625 0.83125 3944
0.85625 0.83125 3944
0.85625 0.83125 3944
0.85625 0.83125 3944
0.85625 0.8375 3950
0.8625 0.8375 3980
0.8625 0.8375 3980
0.8625 0.83125 4010
0.8625 0.83125 4010
0.8625 0.83125 4010
0.8625 0.83125 4016
0.8625 0.83125 4016
0.8625 0.828125 4018
0.8625 0.828125 4018
0.8625 0.83125 4024
0.8625 0.83125 4024
0.8625 0.83125 4024
0.8625 0.83125 4024
0.8625 0.83125 4030
0.8625 0.83125 4030
0.8625 0.83125 4042
0.8625 0.83125 4042
0.8625 0.83125 4048
0.8625 0.83125 4050
0.8625 0.83125 4050
0.8625 0.83125 4050
0.8625 0.83125 4050
0.8625 0.83125 4050
0.8625 0.83125 4050
0.8625 0.83125 4050
0.8625 0.83125 4050
0.8625 0.83125 4050
0.859375 0.83125 4080
0.859375 0.83125 4080
0.859375 0.83125 4080
0.859375 0.83125 4080
0.8625 0.8375 4092
0.8625 0.8375 4094
0.8875 0.890625 4166
0.8875 0.890625 4166
0.8875 0.890625 4166
0.8875 0.890625 4166
0.8875 0.890625 4166
0.8875 0.890625 4166
0.8875 0.890625 4168
0.8875 0.8875 4168
0.8875 0.8875 4168
0.8875 0.8875 4168
0.8875 0.8875 4168
0.8875 0.8875 4168
0.8875 0.8875 4168
0.8875 0.8875 4168
0.8875 0.8875 4168
0.8875 0.8875 4168
0.8875 0.8875 4170
0.8875 0.8875 4170
0.8875 0.8875 4170
0.8875 0.8875 4172
0.8875 0.8875 4172
0.8875 0.8875 4172
0.8875 0.8875 4172
0.8875 0.8875 4174
0.8875 0.8875 4186
0.8875 0.8875 4186
0.8875 0.8875 4186
0.8875 0.8875 4186
0.8875 0.8875 4186
0.8875 0.8875 4188
0.8875 0.8875 4218
0.8875 0.8875 4218
0.8875 0.8875 4218
0.8875 0.8875 4224
0.8875 0.8875 4230
0.8875 0.8875 4230
0.896875 0.89375 4272
0.896875 0.89375 4272
0.896875 0.89375 4274
0.89375 0.89375 4294
0.89375 0.89375 4294
0.89375 0.89375 4294
0.89375 0.89375 4296
0.89375 0.89375 4298
0.89375 0.89375 4298
0.89375 0.89375 4300
0.89375 0.9 4302
0.89375 0.9 4302
0.89375 0.9 4302
0.89375 0.9 4322
0.89375 0.9 4322
0.89375 0.9 4322
0.89375 0.9 4322
0.89375 0.9 4324
0.89375 0.9 4324
0.89375 0.9 4330
0.89375 0.9 4330
0.89375 0.9 4336
0.89375 0.9 4348
0.89375 0.9 4348
0.89375 0.9 4354
0.89375 0.9 4354
0.89375 0.896875 4354
0.89375 0.896875 4356
0.89375 0.89375 4356
0.89375 0.89375 4356
0.89375 0.89375 4356
0.89375 0.89375 4356
0.89375 0.89375 4358
0.89375 0.89375 4358
0.89375 0.89375 4364
0.89375 0.89375 4366
0.89375 0.89375 4366
0.89375 0.89375 4368
0.89375 0.89375 4368
0.89375 0.89375 4368
0.89375 0.89375 4368
0.89375 0.89375 4368
0.89375 0.89375 4368
0.89375 0.89375 4368
0.89375 0.89375 4368
0.89375 0.89375 4368
0.89375 0.896875 4370
0.89375 0.896875 4370
0.89375 0.896875 4370
0.89375 0.896875 4376
0.89375 0.896875 4376
0.89375 0.89375 4376
0.89375 0.89375 4376
0.89375 0.89375 4376
0.89375 0.89375 4376
0.89375 0.89375 4378
0.89375 0.89375 4384
0.89375 0.89375 4384
0.89375 0.89375 4384
0.89375 0.89375 4384
0.89375 0.89375 4384
0.89375 0.89375 4386
0.89375 0.89375 4392
0.89375 0.89375 4394
0.89375 0.89375 4394
0.89375 0.89375 4394
0.89375 0.89375 4394
0.89375 0.89375 4394
0.89375 0.89375 4400
0.89375 0.89375 4400
0.89375 0.89375 4400
0.89375 0.89375 4402
0.89375 0.89375 4402
0.89375 0.89375 4402
0.89375 0.89375 4402
0.89375 0.89375 4402
0.89375 0.89375 4404
0.89375 0.89375 4404
0.89375 0.89375 4404
0.89375 0.89375 4404
0.89375 0.89375 4404
0.89375 0.89375 4404
0.89375 0.89375 4406
0.89375 0.89375 4408
0.89375 0.89375 4408
0.89375 0.89375 4408
0.89375 0.89375 4408
0.89375 0.89375 4408
0.89375 0.89375 4408
0.89375 0.89375 4408
0.89375 0.89375 4408
0.89375 0.89375 4408
0.89375 0.89375 4414
0.89375 0.89375 4414
0.89375 0.89375 4420
0.89375 0.89375 4432
0.89375 0.89375 4432
0.89375 0.89375 4432
0.89375 0.89375 4432
0.89375 0.89375 4432
0.89375 0.89375 4432
0.89375 0.89375 4432
0.89375 0.89375 4432
0.89375 0.89375 4434
0.89375 0.89375 4434
0.89375 0.89375 4434
0.89375 0.89375 4434
0.89375 0.89375 4434
0.89375 0.89375 4434
0.89375 0.89375 4434
0.89375 0.89375 4434
0.89375 0.89375 4434
0.89375 0.89375 4434
0.89375 0.89375 4434
0.89375 0.89375 4434
0.89375 0.89375 4434
0.89375 0.89375 4434
0.89375 0.89375 4434
0.89375 0.89375 4440
0.89375 0.89375 4440
0.89375 0.89375 4440
0.89375 0.89375 4440
0.89375 0.89375 4440
0.890625 0.89375 4460
0.890625 0.89375 4460
0.890625 0.89375 4460
0.890625 0.89375 4462
0.890625 0.89375 4462
0.890625 0.89375 4462
0.890625 0.89375 4462
0.890625 0.89375 4462
0.890625 0.89375 4462
0.890625 0.89375 4462
0.890625 0.89375 4462
0.890625 0.89375 4462
0.890625 0.89375 4462
0.890625 0.89375 4462
0.890625 0.89375 4462
0.890625 0.89375 4464
0.890625 0.89375 4464
0.890625 0.89375 4464
0.890625 0.89375 4464
0.890625 0.89375 4464
0.890625 0.89375 4466
0.890625 0.89375 4522
0.890625 0.89375 4528
0.890625 0.89375 4528
0.890625 0.89375 4528
0.890625 0.89375 4528
0.890625 0.89375 4528
0.890625 0.89375 4528
0.890625 0.89375 4528
0.890625 0.89375 4528
0.890625 0.89375 4528
0.890625 0.89375 4528
0.890625 0.89375 4528
0.890625 0.89375 4528
0.890625 0.89375 4530
0.890625 0.89375 4530
0.890625 0.89375 4530
0.890625 0.89375 4530
0.890625 0.89375 4550
0.890625 0.89375 4550
0.890625 0.89375 4552
0.890625 0.89375 4552
0.890625 0.89375 4552
0.890625 0.89375 4554
0.890625 0.89375 4554
0.890625 0.89375 4566
0.890625 0.89375 4566
0.890625 0.89375 4572
0.890625 0.89375 4572
0.890625 0.89375 4574
0.890625 0.89375 4574
0.890625 0.89375 4576
0.890625 0.89375 4576
0.890625 0.89375 4576
0.890625 0.89375 4576
0.890625 0.89375 4576
0.890625 0.89375 4578
0.890625 0.89375 4578
0.890625 0.89375 4578
0.890625 0.89375 4578
0.890625 0.89375 4578
0.890625 0.89375 4578
0.890625 0.89375 4650
0.890625 0.89375 4652
0.890625 0.89375 4652
0.890625 0.89375 4658
0.890625 0.89375 4658
0.890625 0.89375 4658
0.890625 0.89375 4658
0.890625 0.89375 4658
0.890625 0.89375 4658
0.890625 0.89375 4658
0.890625 0.89375 4658
0.890625 0.89375 4664
0.890625 0.89375 4664
0.890625 0.89375 4664
0.890625 0.89375 4664
0.890625 0.89375 4664
0.890625 0.89375 4664
0.890625 0.89375 4664
0.890625 0.89375 4664
0.890625 0.89375 4666
0.890625 0.89375 4672
0.890625 0.890625 4672
0.890625 0.890625 4672
0.890625 0.890625 4672
0.890625 0.890625 4672
0.890625 0.890625 4672
0.890625 0.890625 4672
0.890625 0.890625 4678
0.890625 0.890625 4678
0.890625 0.890625 4678
0.890625 0.8875 4678
0.890625 0.8875 4678
0.890625 0.8875 4678
0.890625 0.8875 4678
0.890625 0.8875 4684
0.890625 0.8875 4686
0.890625 0.8875 4686
0.890625 0.8875 4686
0.890625 0.8875 4692
0.890625 0.8875 4692
0.890625 0.8875 4692
0.890625 0.8875 4692
0.890625 0.8875 4692
0.890625 0.8875 4692
0.890625 0.8875 4692
0.890625 0.89375 4694
0.890625 0.89375 4694
0.890625 0.89375 4696
0.890625 0.89375 4696
0.890625 0.89375 4738
0.890625 0.89375 4738
0.890625 0.89375 4738
0.890625 0.89375 4738
0.890625 0.89375 4738
0.890625 0.89375 4738
0.890625 0.89375 4738
0.890625 0.89375 4738
0.890625 0.89375 4740
0.890625 0.89375 4760
0.890625 0.89375 4760
0.890625 0.89375 4760
0.890625 0.89375 4760
0.890625 0.89375 4760
0.890625 0.89375 4760
0.890625 0.89375 4760
0.890625 0.89375 4760
0.890625 0.89375 4762
0.890625 0.89375 4762
0.890625 0.89375 4804
0.890625 0.89375 4804
0.890625 0.89375 4806
0.8875 0.89375 4812
0.8875 0.89375 4812
0.8875 0.89375 4818
0.8875 0.89375 4818
0.8875 0.89375 4818
0.8875 0.89375 4838
0.8875 0.89375 4838
0.8875 0.89375 4838
0.8875 0.89375 4838
0.8875 0.89375 4844
0.8875 0.89375 4874
0.8875 0.89375 4874
0.8875 0.89375 4874
0.8875 0.89375 4876
0.8875 0.89375 4878
0.8875 0.89375 4878
0.8875 0.89375 4880
0.8875 0.89375 4880
0.8875 0.89375 4882
0.8875 0.89375 4882
0.8875 0.89375 4882
0.8875 0.89375 4882
0.8875 0.89375 4882
0.8875 0.89375 4882
0.8875 0.89375 4882
0.8875 0.89375 4882
0.8875 0.89375 4882
0.8875 0.89375 4884
0.8875 0.89375 4884
0.8875 0.89375 4886
0.8875 0.89375 4888
0.8875 0.89375 4888
0.8875 0.89375 4894
0.8875 0.89375 4894
0.8875 0.89375 4894
0.884375 0.89375 4914
0.884375 0.89375 4916
0.884375 0.89375 4916
0.884375 0.89375 4916
0.884375 0.89375 4918
0.884375 0.89375 4918
0.884375 0.89375 4918
0.884375 0.89375 4918
0.884375 0.89375 4918
0.884375 0.89375 4918
0.884375 0.89375 4918
0.884375 0.89375 4918
0.884375 0.89375 4920
0.8875 0.89375 4922
0.8875 0.89375 4922
0.8875 0.89375 4922
0.8875 0.89375 4922
0.8875 0.89375 4922
0.8875 0.89375 4922
0.890625 0.89375 4942
0.890625 0.89375 4998
0.890625 0.8875 4998
0.890625 0.8875 4998
0.890625 0.8875 4998
0.890625 0.8875 4998
0.890625 0.8875 4998
0.890625 0.8875 4998
0.890625 0.8875 4998
0.890625 0.8875 4998
0.890625 0.8875 4998
0.890625 0.8875 5000
0.890625 0.8875 5006
0.890625 0.8875 5008
0.890625 0.8875 5008
0.8875 0.8875 5014
0.8875 0.8875 5014
0.8875 0.8875 5014
0.8875 0.8875 5026
0.896875 0.8875 5068
0.896875 0.8875 5068
0.896875 0.8875 5068
0.896875 0.8875 5074
0.896875 0.8875 5074
0.896875 0.8875 5074
0.896875 0.8875 5074
0.896875 0.8875 5076
0.896875 0.89375 5076
0.896875 0.89375 5076
0.896875 0.89375 5076
0.896875 0.89375 5076
0.896875 0.89375 5078
0.896875 0.89375 5078
0.896875 0.89375 5080
0.896875 0.89375 5080
0.896875 0.89375 5136
0.896875 0.89375 5136
0.896875 0.89375 5166
0.9 0.9 5172
0.9 0.9 5172
0.9 0.9 5172
0.9 0.89375 5172
0.9 0.89375 5172
0.9 0.89375 5174
0.9 0.9 5176
0.9 0.89375 5178
0.9 0.89375 5178
0.9 0.89375 5178
0.9 0.89375 5178
0.9 0.89375 5178
0.9 0.9 5178
0.9 0.9 5178
0.9 0.9 5178
0.9 0.89375 5178
0.9 0.89375 5178
0.9 0.89375 5178
0.9 0.89375 5178
0.9 0.89375 5178
0.9 0.89375 5178
0.9 0.89375 5178
0.9 0.89375 5178
0.9 0.89375 5178
0.896875 0.8875 5234
0.896875 0.8875 5234
0.896875 0.8875 5234
0.896875 0.8875 5234
0.896875 0.8875 5234
0.896875 0.8875 5234
0.896875 0.8875 5234
0.896875 0.8875 5234
0.896875 0.8875 5234
0.896875 0.8875 5234
0.896875 0.8875 5234
0.896875 0.8875 5236
0.896875 0.8875 5256
0.896875 0.8875 5256
0.896875 0.8875 5262
0.896875 0.8875 5264
0.896875 0.8875 5264
0.896875 0.8875 5264
0.896875 0.8875 5264
0.896875 0.8875 5264
0.896875 0.8875 5264
0.896875 0.8875 5266
0.896875 0.8875 5266
0.896875 0.8875 5266
0.896875 0.8875 5266
0.896875 0.8875 5266
0.896875 0.8875 5266
0.896875 0.8875 5266
0.896875 0.8875 5278
0.896875 0.8875 5278
0.896875 0.8875 5278
0.896875 0.8875 5278
0.896875 0.8875 5290
0.896875 0.8875 5290
0.896875 0.8875 5290
0.896875 0.8875 5292
0.896875 0.8875 5294
0.896875 0.8875 5294
0.896875 0.8875 5294
0.896875 0.8875 5294
0.896875 0.8875 5294
0.896875 0.8875 5294
0.896875 0.8875 5294
0.896875 0.8875 5294
0.89375 0.8875 5296
0.89375 0.8875 5296
0.89375 0.8875 5296
0.89375 0.8875 5302
0.89375 0.8875 5302
0.89375 0.8875 5302
0.89375 0.8875 5302
0.89375 0.8875 5302
0.89375 0.8875 5302
0.89375 0.8875 5302
0.89375 0.8875 5302
0.89375 0.8875 5302
0.89375 0.8875 5302
0.89375 0.8875 5302
0.89375 0.8875 5302
0.89375 0.8875 5302
0.89375 0.8875 5302
0.89375 0.8875 5302
0.89375 0.8875 5302
0.89375 0.8875 5302
0.89375 0.8875 5302
0.89375 0.8875 5308
0.89375 0.8875 5308
0.89375 0.8875 5308
0.89375 0.8875 5308
0.89375 0.8875 5308
0.89375 0.8875 5308
0.89375 0.8875 5308
0.89375 0.8875 5310
0.89375 0.8875 5310
0.89375 0.8875 5310
0.89375 0.8875 5310
0.89375 0.8875 5310
0.89375 0.8875 5312
0.89375 0.8875 5312
0.89375 0.8875 5312
0.89375 0.8875 5312
0.89375 0.8875 5312
0.89375 0.8875 5312
0.89375 0.8875 5312
0.89375 0.8875 5312
0.89375 0.8875 5312
0.89375 0.8875 5312
0.89375 0.8875 5312
0.89375 0.8875 5312
0.89375 0.8875 5312
0.89375 0.8875 5312
0.89375 0.8875 5312
0.89375 0.8875 5312
0.890625 0.88125 5318
0.890625 0.88125 5318
0.890625 0.88125 5320
0.890625 0.88125 5320
0.890625 0.88125 5320
0.890625 0.88125 5320
0.890625 0.88125 5320
0.890625 0.88125 5320
0.890625 0.88125 5320
0.890625 0.88125 5320
0.8875 0.88125 5322
0.8875 0.88125 5324
0.8875 0.875 5344
0.8875 0.875 5346
0.8875 0.875 5348
0.8875 0.875 5350
0.8875 0.875 5362
0.8875 0.875 5362
0.8875 0.875 5362
0.8875 0.875 5362
0.8875 0.875 5362
0.8875 0.875 5362
0.8875 0.875 5362
0.8875 0.875 5362
0.8875 0.875 5374
0.8875 0.875 5374
0.8875 0.875 5376
0.8875 0.875 5376
0.8875 0.875 5376
0.8875 0.875 5376
0.8875 0.875 5376
0.8875 0.875 5376
0.8875 0.875 5376
0.8875 0.875 5382
0.8875 0.875 5384
0.8875 0.875 5384
0.884375 0.875 5426
0.884375 0.875 5426
0.884375 0.875 5426
0.884375 0.875 5426
0.884375 0.86875 5428
0.884375 0.86875 5428
0.884375 0.86875 5428
0.884375 0.86875 5428
0.884375 0.86875 5428
0.884375 0.86875 5434
0.884375 0.86875 5434
0.884375 0.86875 5436
0.884375 0.86875 5436
0.884375 0.86875 5436
0.884375 0.86875 5436
0.884375 0.86875 5436
0.884375 0.86875 5436
0.884375 0.86875 5436
0.884375 0.86875 5436
0.884375 0.86875 5436
0.884375 0.86875 5436
0.884375 0.86875 5436
0.884375 0.86875 5436
0.884375 0.86875 5436
0.884375 0.86875 5436
0.884375 0.86875 5436
0.884375 0.86875 5436
0.88125 0.86875 5456
0.88125 0.86875 5456
0.88125 0.86875 5456
0.88125 0.86875 5456
0.88125 0.865625 5468
0.88125 0.865625 5468
0.88125 0.865625 5468
0.88125 0.86875 5474
0.88125 0.86875 5474
0.88125 0.86875 5474
0.878125 0.86875 5480
0.878125 0.86875 5480
0.878125 0.86875 5480
0.878125 0.86875 5480
0.878125 0.86875 5482
0.878125 0.86875 5484
0.878125 0.86875 5484
0.878125 0.86875 5484
0.878125 0.86875 5490
0.878125 0.86875 5492
0.878125 0.865625 5498
0.878125 0.8625 5608
0.878125 0.8625 5608
0.878125 0.85625 5610
0.878125 0.85625 5612
0.878125 0.85625 5612
0.878125 0.85625 5612
0.878125 0.85625 5612
0.878125 0.85625 5624
0.878125 0.85625 5630
0.878125 0.85625 5630
0.878125 0.85625 5630
0.878125 0.85625 5650
0.878125 0.85625 5652
0.88125 0.85625 5672
0.88125 0.85625 5684
0.88125 0.85625 5684
0.88125 0.85625 5686
0.88125 0.85625 5686
0.88125 0.85625 5688
0.88125 0.85625 5688
0.88125 0.85625 5688
0.884375 0.85625 5694
0.884375 0.85625 5696
0.884375 0.85625 5696
0.884375 0.85625 5696
0.884375 0.85625 5696
0.884375 0.85625 5702
0.884375 0.85625 5702
0.884375 0.85625 5702
0.884375 0.85625 5702
0.884375 0.85625 5702
0.884375 0.85625 5812
0.884375 0.85625 5812
0.884375 0.85625 5818
0.884375 0.85625 5818
0.884375 0.85625 5820
0.884375 0.85625 5820
0.884375 0.85625 5820
0.884375 0.85625 5820
0.88125 0.8625 5832
0.884375 0.875 5834
0.884375 0.875 5834
0.884375 0.875 5834
0.884375 0.875 5834
0.884375 0.875 5834
0.884375 0.875 5836
0.884375 0.875 5836
0.884375 0.875 5836
0.884375 0.875 5836
0.884375 0.875 5836
0.884375 0.875 5836
0.884375 0.875 5856
0.884375 0.875 5858
0.884375 0.875 5858
0.884375 0.875 5858
0.884375 0.875 5858
0.884375 0.875 5858
0.884375 0.875 5870
0.884375 0.875 5870
0.884375 0.875 5870
0.884375 0.875 5882
0.884375 0.875 5882
0.884375 0.875 5882
0.884375 0.875 5884
0.884375 0.875 5884
0.884375 0.875 5890
0.884375 0.875 5890
0.884375 0.875 5890
0.884375 0.875 5892
0.884375 0.875 5894
0.884375 0.875 5906
0.884375 0.875 5906
0.884375 0.875 5908
0.884375 0.875 5908
0.884375 0.875 5908
0.884375 0.875 5908
0.884375 0.875 5910
0.884375 0.875 5912
0.884375 0.875 5914
0.884375 0.875 5914
0.884375 0.875 5914
0.884375 0.875 5914
0.884375 0.875 5914
0.884375 0.875 5914
0.884375 0.875 5914
0.884375 0.875 5914
0.884375 0.875 5914
0.884375 0.875 5914
0.884375 0.875 5914
0.884375 0.875 5914
0.884375 0.875 5914
0.884375 0.875 5914
0.884375 0.875 5916
0.884375 0.875 5916
0.884375 0.875 5928
0.884375 0.875 5928
0.884375 0.875 5928
0.884375 0.875 5928
0.884375 0.875 5928
0.88125 0.88125 5984
0.88125 0.88125 5984
0.88125 0.88125 5984
0.88125 0.88125 5984
0.88125 0.88125 5986
0.88125 0.88125 5988
0.88125 0.88125 5988
0.88125 0.88125 5988
0.88125 0.88125 5988
0.88125 0.88125 5988
0.88125 0.88125 5990
0.88125 0.88125 5990
0.88125 0.88125 5990
0.88125 0.88125 5990
0.88125 0.88125 5990
0.88125 0.88125 5990
0.88125 0.88125 5990
0.88125 0.88125 5990
0.88125 0.88125 5990
0.88125 0.88125 5990
0.88125 0.88125 5990
0.88125 0.88125 5990
0.88125 0.88125 5990
0.88125 0.88125 5990
0.88125 0.88125 5990
0.88125 0.88125 5990
0.88125 0.88125 5990
0.88125 0.88125 5990
0.88125 0.88125 5990
0.88125 0.88125 5996
0.88125 0.884375 6008
0.88125 0.884375 6008
0.88125 0.884375 6008
0.88125 0.884375 6008
0.88125 0.884375 6008
0.88125 0.884375 6008
0.88125 0.884375 6008
0.88125 0.884375 6008
0.88125 0.88125 6008
0.88125 0.88125 6008
0.884375 0.88125 6028
0.884375 0.88125 6028
0.884375 0.88125 6028
0.884375 0.88125 6028
0.884375 0.88125 6028
0.884375 0.88125 6028
0.884375 0.88125 6028
0.884375 0.88125 6028
0.884375 0.88125 6028
0.884375 0.88125 6030
0.884375 0.88125 6030
0.884375 0.875 6036
0.884375 0.875 6078
0.884375 0.875 6078
0.884375 0.875 6080
0.884375 0.875 6092
0.884375 0.875 6092
0.884375 0.875 6092
0.884375 0.875 6104
0.884375 0.875 6104
0.884375 0.875 6104
0.884375 0.875 6110
0.884375 0.875 6110
0.884375 0.875 6110
0.884375 0.875 6110
0.884375 0.875 6112
0.884375 0.875 6112
0.884375 0.875 6112
0.884375 0.875 6114
0.884375 0.875 6114
0.884375 0.875 6116
0.884375 0.875 6116
0.884375 0.875 6122
0.884375 0.875 6122
0.884375 0.875 6122
0.884375 0.875 6142
0.884375 0.875 6142
0.884375 0.875 6144
0.884375 0.875 6144
0.884375 0.875 6144
0.884375 0.875 6144
0.884375 0.875 6144
0.884375 0.875 6144
0.884375 0.875 6144
0.884375 0.875 6150
0.89375 0.875 6162
0.89375 0.875 6164
0.89375 0.875 6164
0.89375 0.875 6164
0.89375 0.875 6164
0.89375 0.875 6164
0.89375 0.875 6164
0.89375 0.875 6164
0.89375 0.875 6164
0.89375 0.875 6164
0.890625 0.875 6236
0.890625 0.875 6236
0.890625 0.875 6236
0.890625 0.875 6236
0.890625 0.875 6236
0.890625 0.875 6236
0.890625 0.875 6236
0.890625 0.875 6236
0.890625 0.875 6236
0.890625 0.88125 6392
0.890625 0.88125 6392
0.890625 0.88125 6392
0.890625 0.88125 6412
0.890625 0.88125 6412
0.890625 0.88125 6412
0.890625 0.88125 6412
0.890625 0.88125 6412
0.890625 0.88125 6414
0.890625 0.88125 6414
0.890625 0.88125 6414
0.890625 0.88125 6414
0.890625 0.88125 6414
0.890625 0.88125 6414
0.890625 0.88125 6416
0.890625 0.88125 6416
0.890625 0.88125 6422
0.890625 0.88125 6434
0.890625 0.88125 6446
0.890625 0.88125 6446
0.890625 0.88125 6446
0.890625 0.88125 6446
0.890625 0.88125 6502
0.890625 0.88125 6502
0.890625 0.88125 6522
0.890625 0.88125 6522
0.890625 0.88125 6522
0.890625 0.88125 6522
0.890625 0.88125 6522
0.890625 0.88125 6522
0.890625 0.88125 6522
0.890625 0.88125 6522
0.890625 0.88125 6522
0.890625 0.875 6528
0.890625 0.875 6528
0.890625 0.875 6528
0.890625 0.875 6528
0.890625 0.875 6570
0.890625 0.875 6572
0.890625 0.875 6572
0.890625 0.875 6584
0.890625 0.875 6584
0.890625 0.875 6584
0.890625 0.875 6586
0.890625 0.875 6586
0.890625 0.875 6598
0.890625 0.875 6598
0.890625 0.875 6598
0.890625 0.875 6600
0.890625 0.875 6602
0.890625 0.875 6602
0.890625 0.875 6602
0.890625 0.875 6622
0.890625 0.875 6622
0.890625 0.875 6622
0.890625 0.875 6622
0.890625 0.875 6624
0.890625 0.875 6630
0.890625 0.875 6630
0.890625 0.875 6630
0.890625 0.875 6630
0.890625 0.875 6630
0.890625 0.875 6636
0.890625 0.875 6636
0.890625 0.875 6638
0.890625 0.875 6650
0.890625 0.875 6650
0.890625 0.875 6650
0.890625 0.875 6650
0.890625 0.875 6662
0.890625 0.875 6662
0.890625 0.875 6668
0.890625 0.875 6668
0.890625 0.875 6668
0.890625 0.875 6670
0.890625 0.875 6670
0.890625 0.875 6672
0.890625 0.875 6672
0.890625 0.875 6672
0.890625 0.875 6674
0.890625 0.875 6674
0.890625 0.875 6674
0.890625 0.875 6674
0.890625 0.875 6676
0.890625 0.875 6682
0.890625 0.875 6702
0.890625 0.875 6702
0.890625 0.875 6714
0.890625 0.875 6714
0.890625 0.875 6720
0.890625 0.875 6720
0.890625 0.875 6726
0.890625 0.875 6732
0.890625 0.875 6732
0.890625 0.875 6734
0.890625 0.875 6734
0.890625 0.875 6734
0.890625 0.875 6734
0.890625 0.875 6734
0.890625 0.875 6734
0.890625 0.875 6734
0.890625 0.875 6740
0.890625 0.875 6742
0.890625 0.875 6742
0.890625 0.875 6742
0.890625 0.875 6754
0.890625 0.875 6754
0.890625 0.875 6754
0.890625 0.875 6760
0.890625 0.875 6760
0.890625 0.875 6762
0.890625 0.875 6762
0.890625 0.875 6762
0.890625 0.875 6762
0.890625 0.875 6762
0.890625 0.875 6762
0.890625 0.875 6762
0.8875 0.875 6768
0.8875 0.875 6770
0.8875 0.875 6770
0.8875 0.875 6770
0.8875 0.875 6770
0.8875 0.875 6770
0.8875 0.875 6770
0.8875 0.875 6770
0.8875 0.875 6776
0.8875 0.875 6776
0.8875 0.875 6776
0.8875 0.875 6782
0.8875 0.875 6784
0.8875 0.875 6784
0.8875 0.875 6784
0.8875 0.875 6784
0.8875 0.875 6784
0.8875 0.875 6784
0.8875 0.875 6784
0.8875 0.875 6784
0.8875 0.875 6784
0.8875 0.875 6786
0.8875 0.875 6786
0.8875 0.875 6786
0.8875 0.875 6792
0.8875 0.875 6794
0.8875 0.875 6794
0.8875 0.875 6794
0.8875 0.875 6794
0.8875 0.875 6794
0.8875 0.875 6794
0.8875 0.875 6796
0.8875 0.875 6796
0.8875 0.875 6796
0.8875 0.875 6796
0.8875 0.875 6798
0.8875 0.875 6798
0.8875 0.875 6800
0.8875 0.875 6800
0.8875 0.875 6800
0.8875 0.875 6800
0.8875 0.875 6802
0.8875 0.875 6802
0.8875 0.875 6802
0.8875 0.875 6802
0.8875 0.875 6832
0.8875 0.875 6832
0.8875 0.875 6832
0.8875 0.875 6834
0.8875 0.875 6834
0.8875 0.875 6836
0.8875 0.875 6836
0.8875 0.875 6836
0.8875 0.875 6836
0.884375 0.875 6856
0.884375 0.875 6856
0.884375 0.875 6856
0.884375 0.875 6862
0.884375 0.875 6862
0.884375 0.875 6862
0.884375 0.875 6874
0.884375 0.875 6876
0.884375 0.875 6888
0.884375 0.875 6888
0.884375 0.875 6890
0.884375 0.875 6890
0.884375 0.875 6890
0.884375 0.875 6892
0.884375 0.875 6892
0.884375 0.875 6898
0.884375 0.875 6898
0.884375 0.875 6910
0.884375 0.875 6910
0.884375 0.875 6910
0.884375 0.875 6912
0.884375 0.875 6912
0.884375 0.875 6912
0.884375 0.875 6912
0.884375 0.875 6912
0.884375 0.875 6912
0.884375 0.875 6912
0.884375 0.875 6912
0.884375 0.875 6912
0.884375 0.875 6912
0.884375 0.875 6912
0.884375 0.875 6912
0.884375 0.875 6912
0.884375 0.875 6912
0.884375 0.875 6912
0.884375 0.875 6912
0.884375 0.875 6912
0.884375 0.875 6912
0.884375 0.875 6914
0.884375 0.875 6914
0.884375 0.875 6916
0.884375 0.875 6916
0.88125 0.86875 6946
0.88125 0.86875 6946
0.88125 0.86875 6946
0.88125 0.86875 6946
0.88125 0.86875 6946
0.88125 0.86875 6948
0.88125 0.86875 6948
0.88125 0.86875 6948
0.88125 0.86875 6968
0.88125 0.86875 6968
0.88125 0.86875 6968
0.88125 0.86875 6968
0.88125 0.86875 6968
0.88125 0.86875 6968
0.88125 0.86875 6970
0.88125 0.86875 6972
0.88125 0.86875 6972
0.88125 0.86875 6972
0.88125 0.86875 6972
0.88125 0.86875 6972
0.88125 0.86875 6974
0.88125 0.86875 6976
0.88125 0.86875 6976
0.88125 0.86875 6976
0.88125 0.86875 6978
0.88125 0.86875 6978
0.88125 0.86875 6978
0.88125 0.86875 6978
0.88125 0.86875 6978
0.88125 0.86875 6978
0.88125 0.86875 6978
0.88125 0.86875 6978
0.88125 0.86875 6978
0.88125 0.86875 6978
0.88125 0.86875 6980
0.88125 0.86875 6980
0.88125 0.86875 6980
0.88125 0.86875 6980
0.88125 0.86875 6980
0.88125 0.86875 6980
0.88125 0.86875 6980
0.88125 0.86875 6980
0.88125 0.86875 6980
0.88125 0.86875 6980
0.88125 0.86875 6992
0.88125 0.86875 6992
0.88125 0.86875 6992
0.88125 0.86875 6992
0.88125 0.86875 6992
0.88125 0.86875 6992
0.88125 0.86875 6992
0.88125 0.86875 6992
0.88125 0.86875 6994
0.88125 0.86875 6996
0.88125 0.86875 6996
0.88125 0.86875 6996
0.88125 0.86875 6996
0.88125 0.86875 6996
0.88125 0.86875 6996
0.88125 0.86875 6996
0.88125 0.86875 6996
0.88125 0.86875 6996
0.88125 0.86875 6996
0.88125 0.86875 6996
0.88125 0.86875 6996
0.88125 0.86875 6998
0.88125 0.86875 6998
0.88125 0.86875 6998
0.88125 0.86875 6998
0.88125 0.86875 6998
0.88125 0.86875 7004
0.88125 0.86875 7004
0.88125 0.86875 7006
0.88125 0.86875 7008
0.88125 0.86875 7008
0.88125 0.86875 7008
0.88125 0.86875 7020
0.88125 0.86875 7020
0.88125 0.86875 7020
0.88125 0.86875 7020
0.88125 0.86875 7020
0.88125 0.86875 7032
0.88125 0.86875 7032
0.88125 0.86875 7052
0.88125 0.86875 7052
0.88125 0.86875 7054
0.88125 0.86875 7054
0.884375 0.86875 7060
0.884375 0.86875 7072
0.884375 0.86875 7072
0.884375 0.86875 7078
0.884375 0.86875 7078
0.884375 0.86875 7078
0.884375 0.86875 7078
0.884375 0.86875 7078
0.884375 0.86875 7078
0.884375 0.86875 7090
0.884375 0.86875 7090
0.884375 0.86875 7090
0.884375 0.86875 7092
0.884375 0.86875 7092
0.884375 0.86875 7094
0.884375 0.86875 7096
0.884375 0.86875 7098
0.884375 0.86875 7098
0.884375 0.86875 7098
0.884375 0.86875 7098
0.884375 0.86875 7098
0.884375 0.86875 7098
0.884375 0.86875 7118
0.884375 0.86875 7118
0.884375 0.86875 7118
0.884375 0.86875 7130
0.884375 0.86875 7130
0.884375 0.86875 7130
0.884375 0.86875 7130
0.884375 0.86875 7132
0.884375 0.86875 7132
0.884375 0.86875 7134
0.884375 0.86875 7134
0.884375 0.86875 7134
0.884375 0.86875 7140
0.884375 0.86875 7140
0.884375 0.86875 7142
0.884375 0.86875 7142
0.884375 0.86875 7142
0.884375 0.86875 7142
0.884375 0.86875 7142
0.884375 0.86875 7142
0.884375 0.86875 7142
0.884375 0.86875 7142
0.884375 0.86875 7142
0.884375 0.86875 7142
0.884375 0.8625 7184
0.884375 0.8625 7184
0.884375 0.8625 7184
0.884375 0.8625 7184
0.884375 0.8625 7184
0.884375 0.8625 7184
0.884375 0.8625 7184
0.884375 0.8625 7184
0.884375 0.8625 7184
0.884375 0.8625 7184
0.884375 0.8625 7204
0.884375 0.8625 7204
0.884375 0.8625 7204
0.884375 0.8625 7204
0.884375 0.8625 7206
0.884375 0.8625 7206
0.884375 0.8625 7206
0.884375 0.8625 7206
0.884375 0.8625 7206
0.884375 0.8625 7206
0.884375 0.8625 7206
0.884375 0.8625 7206
0.884375 0.8625 7206
0.884375 0.8625 7212
0.884375 0.8625 7212
0.884375 0.8625 7212
0.884375 0.8625 7212
0.884375 0.8625 7212
0.884375 0.8625 7212
0.884375 0.8625 7212
0.884375 0.8625 7212
0.884375 0.8625 7214
0.8875 0.8625 7226
0.8875 0.8625 7226
0.8875 0.8625 7228
0.8875 0.8625 7228
0.8875 0.8625 7228
0.8875 0.8625 7228
0.8875 0.8625 7228
0.8875 0.8625 7228
0.8875 0.8625 7228
0.8875 0.8625 7228
0.8875 0.8625 7228
0.8875 0.8625 7228
0.8875 0.8625 7228
0.8875 0.8625 7228
0.8875 0.8625 7240
0.8875 0.8625 7240
0.8875 0.8625 7240
0.8875 0.8625 7242
0.8875 0.8625 7242
0.8875 0.8625 7242
0.8875 0.8625 7248
0.8875 0.8625 7248
0.8875 0.8625 7250
0.8875 0.8625 7250
0.8875 0.8625 7250
0.8875 0.8625 7252
0.8875 0.8625 7252
0.8875 0.8625 7258
0.8875 0.8625 7258
0.8875 0.8625 7258
0.8875 0.8625 7258
0.8875 0.8625 7258
0.8875 0.8625 7258
0.8875 0.8625 7258
0.8875 0.8625 7258
0.8875 0.8625 7270
0.8875 0.8625 7270
0.8875 0.8625 7270
0.8875 0.8625 7276
0.8875 0.8625 7276
0.8875 0.8625 7276
0.8875 0.8625 7276
0.8875 0.8625 7276
0.8875 0.8625 7282
0.8875 0.8625 7282
0.8875 0.8625 7284
0.8875 0.8625 7286
0.8875 0.8625 7286
0.8875 0.8625 7286
0.8875 0.8625 7286
0.8875 0.8625 7286
0.8875 0.8625 7288
0.8875 0.8625 7288
0.8875 0.8625 7290
0.8875 0.8625 7290
0.8875 0.8625 7290
0.890625 0.86875 7302
0.890625 0.86875 7302
0.890625 0.86875 7302
0.8875 0.86875 7308
0.8875 0.86875 7320
0.8875 0.86875 7320
0.8875 0.86875 7320
0.8875 0.86875 7320
0.8875 0.86875 7326
0.8875 0.86875 7326
0.8875 0.86875 7326
0.8875 0.86875 7326
0.8875 0.86875 7332
0.8875 0.86875 7332
0.8875 0.86875 7334
0.8875 0.86875 7334
0.8875 0.86875 7336
0.8875 0.86875 7336
0.8875 0.86875 7336
0.8875 0.86875 7336
0.8875 0.86875 7336
0.8875 0.86875 7336
0.8875 0.86875 7348
0.8875 0.86875 7348
0.8875 0.86875 7348
0.8875 0.86875 7348
0.8875 0.86875 7350
0.8875 0.86875 7350
0.8875 0.86875 7350
0.8875 0.86875 7352
0.8875 0.86875 7354
0.8875 0.86875 7356
0.89375 0.86875 7386
0.89375 0.8625 7406
0.89375 0.8625 7406
0.89375 0.8625 7406
0.89375 0.8625 7406
0.89375 0.8625 7406
0.89375 0.8625 7408
0.89375 0.8625 7428
0.89375 0.8625 7428
0.89375 0.8625 7430
0.89375 0.8625 7430
0.89375 0.8625 7442
0.89375 0.8625 7442
0.89375 0.8625 7444
0.89375 0.8625 7446
0.89375 0.8625 7446
0.89375 0.8625 7446
0.89375 0.8625 7446
0.89375 0.8625 7446
0.89375 0.8625 7446
0.89375 0.8625 7458
0.89375 0.8625 7458
0.89375 0.8625 7460
0.89375 0.8625 7460
0.89375 0.8625 7460
0.89375 0.8625 7460
0.89375 0.8625 7460
0.89375 0.8625 7460
0.89375 0.8625 7460
0.89375 0.8625 7480
0.89375 0.8625 7480
0.89375 0.8625 7480
0.89375 0.8625 7480
0.89375 0.8625 7482
0.89375 0.8625 7482
0.89375 0.8625 7484
0.89375 0.8625 7484
0.89375 0.8625 7484
0.89375 0.8625 7484
0.884375 0.85 7946
0.890625 0.85625 7976
0.890625 0.85625 7976
0.890625 0.85 7978
0.890625 0.85 7978
0.890625 0.846875 7978
0.890625 0.85 7978
0.890625 0.85 7978
0.890625 0.85 7978
0.890625 0.85 7978
0.890625 0.85 7978
0.890625 0.85 7980
0.890625 0.85 7982
0.890625 0.85 7982
0.890625 0.85 7984
0.890625 0.85 7984
0.890625 0.85 7984
0.890625 0.85 7986
0.890625 0.85 7986
0.890625 0.85 8006
0.890625 0.85 8006
0.890625 0.85 8008
0.890625 0.85 8010
0.890625 0.85 8010
0.890625 0.85 8010
0.890625 0.85 8010
0.890625 0.85 8010
0.890625 0.84375 8022
0.890625 0.84375 8022
0.890625 0.84375 8024
0.890625 0.84375 8024
0.890625 0.84375 8024
0.890625 0.84375 8024
0.890625 0.84375 8026
0.890625 0.84375 8026
0.890625 0.84375 8026
0.890625 0.84375 8026
0.890625 0.84375 8026
0.890625 0.84375 8038
0.890625 0.84375 8038
0.890625 0.85 8038
0.890625 0.84375 8040
0.890625 0.84375 8060
0.890625 0.84375 8066
0.890625 0.84375 8066
0.890625 0.84375 8066
0.890625 0.84375 8066
0.890625 0.84375 8066
0.890625 0.84375 8066
0.890625 0.84375 8072
0.890625 0.84375 8072
0.890625 0.84375 8078
0.890625 0.84375 8078
0.890625 0.84375 8078
0.890625 0.84375 8078
0.890625 0.84375 8078
0.890625 0.84375 8080
0.890625 0.84375 8080
0.890625 0.84375 8082
0.890625 0.84375 8082
0.890625 0.84375 8082
0.890625 0.84375 8082
0.890625 0.84375 8084
0.890625 0.84375 8084
0.890625 0.84375 8086
0.890625 0.84375 8086
0.890625 0.84375 8086
0.890625 0.84375 8086
0.890625 0.84375 8086
0.890625 0.84375 8086
0.890625 0.84375 8116
0.890625 0.84375 8116
0.890625 0.84375 8116
0.890625 0.84375 8116
0.890625 0.84375 8116
0.890625 0.84375 8116
0.890625 0.84375 8116
0.890625 0.84375 8116
0.890625 0.84375 8116
0.890625 0.84375 8122
0.890625 0.84375 8122
0.890625 0.84375 8128
0.890625 0.84375 8128
0.890625 0.84375 8128
0.890625 0.84375 8128
0.890625 0.84375 8128
0.890625 0.84375 8128
0.890625 0.84375 8128
0.890625 0.84375 8128
0.890625 0.84375 8128
0.890625 0.84375 8128
0.890625 0.84375 8134
0.890625 0.84375 8134
0.890625 0.84375 8134
0.890625 0.84375 8134
0.890625 0.84375 8134
0.890625 0.84375 8134
0.890625 0.84375 8134
0.890625 0.84375 8134
0.890625 0.84375 8134
0.890625 0.84375 8134
0.890625 0.84375 8140
0.890625 0.84375 8140
0.890625 0.84375 8140
0.890625 0.84375 8140
0.890625 0.84375 8140
0.890625 0.84375 8140
0.890625 0.84375 8140
0.890625 0.84375 8140
0.890625 0.84375 8140
0.890625 0.84375 8140
0.890625 0.84375 8140
0.890625 0.84375 8140
0.890625 0.84375 8146
0.890625 0.84375 8146
0.890625 0.84375 8146
0.890625 0.84375 8146
0.890625 0.84375 8146
0.890625 0.84375 8146
0.896875 0.84375 8166
0.896875 0.84375 8166
0.896875 0.84375 8168
0.896875 0.84375 8168
0.896875 0.84375 8168
0.896875 0.84375 8168
0.896875 0.84375 8168
0.896875 0.84375 8168
0.896875 0.84375 8168
0.896875 0.84375 8168
0.896875 0.84375 8168
0.896875 0.84375 8168
0.896875 0.84375 8168
0.896875 0.84375 8168
0.896875 0.84375 8170
0.896875 0.84375 8170
0.896875 0.84375 8170
0.89375 0.84375 8172
0.89375 0.84375 8172
0.89375 0.84375 8192
0.89375 0.84375 8192
0.89375 0.84375 8192
0.89375 0.84375 8192
0.89375 0.84375 8192
0.89375 0.84375 8194
0.89375 0.84375 8224
0.89375 0.84375 8224
0.89375 0.84375 8224
0.89375 0.84375 8224
0.89375 0.84375 8224
0.89375 0.84375 8226
0.89375 0.84375 8226
0.89375 0.84375 8226
0.89375 0.84375 8226
0.89375 0.84375 8226
0.89375 0.84375 8226
0.89375 0.84375 8226
0.89375 0.84375 8228
0.89375 0.84375 8228
0.89375 0.84375 8228
0.89375 0.84375 8234
0.89375 0.84375 8234
0.896875 0.84375 8240
0.896875 0.84375 8240
0.896875 0.84375 8240
0.896875 0.84375 8240
0.896875 0.84375 8240
0.896875 0.84375 8240
0.896875 0.84375 8252
0.896875 0.84375 8252
0.896875 0.84375 8252
0.896875 0.84375 8252
0.896875 0.84375 8252
0.896875 0.84375 8324
0.896875 0.84375 8324
0.896875 0.84375 8324
0.896875 0.84375 8324
0.9 0.84375 8354
0.9 0.84375 8354
0.9 0.84375 8354
0.9 0.84375 8354
0.9 0.84375 8366
0.9 0.84375 8366
0.9 0.84375 8366
0.903125 0.84375 8386
0.903125 0.84375 8386
0.903125 0.84375 8386
0.903125 0.84375 8392
0.903125 0.84375 8392
0.903125 0.84375 8392
0.903125 0.84375 8392
0.903125 0.84375 8392
0.903125 0.84375 8392
0.903125 0.84375 8392
0.903125 0.84375 8392
0.903125 0.84375 8392
0.903125 0.84375 8392
0.903125 0.84375 8398
0.903125 0.84375 8398
0.896875 0.8375 8488
0.896875 0.8375 8488
0.896875 0.8375 8488
0.896875 0.8375 8488
0.896875 0.8375 8488
0.896875 0.8375 8490
0.896875 0.8375 8490
0.896875 0.8375 8492
0.89375 0.83125 8512
0.89375 0.83125 8514
0.89375 0.83125 8516
0.89375 0.83125 8516
0.89375 0.83125 8536
0.89375 0.83125 8536
0.89375 0.83125 8536
0.89375 0.83125 8536
0.89375 0.83125 8538
0.89375 0.83125 8544
0.89375 0.83125 8544
0.89375 0.8375 8544
0.89375 0.8375 8544
0.89375 0.8375 8544
0.89375 0.8375 8544
0.89375 0.8375 8544
0.89375 0.8375 8546
0.89375 0.8375 8546
0.89375 0.8375 8548
0.89375 0.8375 8550
0.89375 0.8375 8562
0.89375 0.83125 8564
0.89375 0.83125 8564
0.89375 0.83125 8564
0.89375 0.83125 8576
0.89375 0.83125 8576
0.89375 0.83125 8588
0.89375 0.83125 8588
0.89375 0.8375 8590
0.89375 0.8375 8602
0.89375 0.8375 8602
0.89375 0.8375 8602
0.89375 0.8375 8602
0.89375 0.8375 8602
0.89375 0.8375 8602
0.89375 0.834375 8602
0.89375 0.83125 8604
0.89375 0.83125 8606
0.89375 0.83125 8606
0.89375 0.83125 8606
0.89375 0.83125 8606
0.89375 0.83125 8606
0.89375 0.83125 8606
0.89375 0.83125 8606
0.89375 0.83125 8606
0.89375 0.83125 8612
0.89375 0.83125 8612
0.89375 0.83125 8612
0.89375 0.83125 8614
0.89375 0.83125 8614
0.89375 0.83125 8614
0.89375 0.83125 8614
0.89375 0.83125 8614
0.89375 0.83125 8616
0.89375 0.83125 8618
0.89375 0.83125 8618
0.89375 0.83125 8630
0.89375 0.83125 8630
0.89375 0.83125 8630
0.89375 0.83125 8630
0.89375 0.83125 8630
0.89375 0.83125 8630
0.89375 0.83125 8630
0.89375 0.83125 8632
0.89375 0.83125 8632
0.89375 0.83125 8632
0.89375 0.8375 8644
0.89375 0.8375 8644
0.89375 0.8375 8644
0.89375 0.8375 8644
0.89375 0.8375 8646
0.89375 0.834375 8646
0.89375 0.834375 8646
0.89375 0.834375 8646
0.89375 0.83125 8648
0.89375 0.83125 8648
0.89375 0.83125 8654
0.89375 0.83125 8654
0.89375 0.83125 8654
0.89375 0.83125 8654
0.89375 0.83125 8654
0.89375 0.83125 8654
0.89375 0.83125 8654
0.89375 0.83125 8654
0.89375 0.83125 8654
0.890625 0.83125 8656
0.890625 0.825 8656
0.890625 0.825 8656
0.890625 0.825 8656
0.890625 0.825 8656
0.890625 0.83125 8656
0.890625 0.83125 8656
0.890625 0.83125 8656
0.8875 0.83125 8662
0.8875 0.83125 8662
0.8875 0.83125 8662
0.8875 0.83125 8662
0.8875 0.83125 8662
0.8875 0.83125 8662
0.8875 0.83125 8664
0.8875 0.83125 8664
0.8875 0.83125 8664
0.8875 0.83125 8666
0.8875 0.83125 8666
0.8875 0.83125 8668
0.8875 0.83125 8668
0.8875 0.83125 8668
0.8875 0.83125 8674
0.8875 0.83125 8674
0.8875 0.83125 8674
0.8875 0.83125 8676
0.8875 0.83125 8676
0.8875 0.83125 8676
0.8875 0.83125 8676
0.8875 0.83125 8678
0.8875 0.83125 8680
0.8875 0.83125 8680
0.8875 0.83125 8680
0.8875 0.83125 8680
0.8875 0.83125 8680
0.8875 0.83125 8680
0.8875 0.83125 8680
0.8875 0.83125 8680
0.8875 0.83125 8682
0.8875 0.83125 8684
0.8875 0.83125 8684
0.8875 0.83125 8684
0.8875 0.83125 8684
0.8875 0.83125 8684
0.8875 0.83125 8684
0.8875 0.825 8714
0.8875 0.825 8714
0.8875 0.825 8714
0.8875 0.825 8714
0.8875 0.825 8714
0.8875 0.825 8714
0.8875 0.825 8714
0.8875 0.825 8714
0.8875 0.825 8714
0.8875 0.825 8714
0.8875 0.825 8714
0.8875 0.825 8714
0.8875 0.825 8714
0.8875 0.825 8714
0.8875 0.825 8714
0.8875 0.825 8714
0.8875 0.825 8714
0.8875 0.825 8714
0.8875 0.825 8714
0.8875 0.825 8716
0.8875 0.825 8716
0.8875 0.825 8716
0.8875 0.825 8716
0.8875 0.825 8716
0.8875 0.825 8716
0.8875 0.825 8716
0.8875 0.825 8728
0.8875 0.825 8728
0.8875 0.825 8728
0.8875 0.825 8728
0.88125 0.825 8800
0.88125 0.825 8800
0.88125 0.825 8802
0.88125 0.825 8802
0.88125 0.825 8802
0.88125 0.825 8804
0.88125 0.825 8804
0.88125 0.825 8804
0.88125 0.825 8804
0.88125 0.825 8804
0.88125 0.825 8816
0.88125 0.825 8816
0.88125 0.825 8816
0.88125 0.825 8822
0.88125 0.825 8822
0.88125 0.825 8822
0.88125 0.825 8822
0.88125 0.825 8822
0.88125 0.825 8822
0.88125 0.825 8822
0.884375 0.825 8842
0.884375 0.825 8842
0.884375 0.825 8842
0.884375 0.825 8842
0.884375 0.825 8842
0.884375 0.825 8842
0.884375 0.825 8842
0.884375 0.825 8842
0.884375 0.825 8854
0.884375 0.825 8854
0.884375 0.825 8856
0.884375 0.825 8856
0.884375 0.825 8856
0.884375 0.825 8856
0.884375 0.825 8862
0.884375 0.825 8862
0.884375 0.825 8934
0.884375 0.825 8940
0.884375 0.825 8940
0.884375 0.825 8940
0.884375 0.825 8940
0.884375 0.825 8940
0.884375 0.825 8940
0.884375 0.825 8940
0.884375 0.825 8960
0.884375 0.825 8966
0.884375 0.825 8966
0.884375 0.825 8966
0.884375 0.825 8966
0.884375 0.825 8966
0.884375 0.825 8966
0.884375 0.825 8966
0.884375 0.825 8968
0.884375 0.825 8968
0.884375 0.825 8968
0.884375 0.825 8968
0.884375 0.825 8968
0.884375 0.825 8970
0.884375 0.825 8970
0.884375 0.825 8970
0.884375 0.825 8972
0.884375 0.825 8974
0.884375 0.825 8974
0.884375 0.825 8974
0.884375 0.825 8974
0.884375 0.825 8980
0.884375 0.825 8980
0.884375 0.825 8980
0.884375 0.825 9000
0.884375 0.825 9002
0.884375 0.825 9002
0.884375 0.825 9008
0.884375 0.825 9010
0.884375 0.825 9010
0.884375 0.825 9010
0.884375 0.825 9010
0.884375 0.825 9010
0.884375 0.825 9022
0.884375 0.825 9022
0.884375 0.825 9022
0.884375 0.825 9022
0.884375 0.825 9022
0.884375 0.825 9024
0.8875 0.825 9036
0.8875 0.825 9066
0.8875 0.825 9066
0.8875 0.825 9068
0.8875 0.825 9068
0.8875 0.825 9068
0.8875 0.825 9068
0.8875 0.825 9068
0.8875 0.825 9068
0.8875 0.825 9068
0.8875 0.825 9068
0.8875 0.825 9068
0.8875 0.825 9068
0.8875 0.825 9068
0.8875 0.825 9068
0.8875 0.825 9070
0.8875 0.825 9076
0.8875 0.825 9076
0.8875 0.825 9076
0.8875 0.825 9076
0.8875 0.825 9076
0.8875 0.825 9076
0.8875 0.825 9076
0.8875 0.825 9076
0.884375 0.825 9082
0.884375 0.825 9082
0.884375 0.825 9082
0.884375 0.81875 9192
0.884375 0.81875 9192
0.884375 0.81875 9204
0.884375 0.81875 9204
0.884375 0.81875 9204
0.884375 0.81875 9216
0.884375 0.81875 9216
0.884375 0.81875 9216
0.884375 0.81875 9216
0.884375 0.81875 9216
0.884375 0.81875 9218
0.884375 0.81875 9218
0.88125 0.825 9350
0.88125 0.825 9350
0.88125 0.825 9350
0.88125 0.825 9350
0.88125 0.825 9350
0.88125 0.825 9362
0.884375 0.83125 9392
0.884375 0.83125 9392
0.884375 0.83125 9392
0.884375 0.83125 9394
0.884375 0.83125 9394
0.884375 0.83125 9394
0.884375 0.83125 9394
0.884375 0.83125 9484
0.884375 0.83125 9490
0.884375 0.83125 9490
0.884375 0.83125 9490
0.884375 0.83125 9490
0.884375 0.83125 9490
0.884375 0.83125 9490
0.884375 0.83125 9492
0.884375 0.83125 9498
0.884375 0.83125 9498
0.884375 0.83125 9518
0.884375 0.83125 9518
0.884375 0.83125 9518
0.884375 0.83125 9518
0.884375 0.83125 9518
0.884375 0.83125 9518
0.884375 0.83125 9518
0.884375 0.83125 9520
0.884375 0.83125 9520
0.884375 0.83125 9522
0.884375 0.83125 9528
0.884375 0.83125 9528
0.884375 0.83125 9528
0.884375 0.83125 9528
0.884375 0.83125 9528
0.884375 0.83125 9528
0.884375 0.83125 9530
0.884375 0.83125 9530
0.884375 0.83125 9530
0.884375 0.83125 9530
0.884375 0.83125 9530
0.884375 0.83125 9536
0.884375 0.83125 9536
0.884375 0.83125 9536
0.884375 0.83125 9548
0.884375 0.83125 9548
0.884375 0.83125 9548
0.884375 0.83125 9548
0.884375 0.83125 9548
0.884375 0.83125 9548
0.884375 0.83125 9548
0.884375 0.83125 9550
0.884375 0.83125 9556
0.884375 0.83125 9556
0.884375 0.83125 9556
0.884375 0.83125 9556
0.884375 0.83125 9556
0.884375 0.83125 9556
0.884375 0.83125 9562
0.884375 0.83125 9562
0.884375 0.83125 9564
0.884375 0.83125 9564
0.884375 0.83125 9566
0.884375 0.83125 9566
0.884375 0.83125 9566
0.884375 0.83125 9566
0.884375 0.83125 9572
0.884375 0.83125 9572
0.884375 0.83125 9572
0.884375 0.83125 9572
0.884375 0.83125 9572
0.884375 0.83125 9572
0.884375 0.83125 9578
0.884375 0.83125 9578
0.884375 0.83125 9578
0.884375 0.83125 9578
0.884375 0.83125 9578
0.884375 0.83125 9578
0.884375 0.83125 9578
0.884375 0.83125 9578
0.884375 0.83125 9578
0.884375 0.83125 9578
0.884375 0.83125 9578
0.884375 0.83125 9578
0.884375 0.83125 9580
0.884375 0.83125 9580
0.884375 0.83125 9580
0.884375 0.83125 9580
0.884375 0.83125 9580
0.884375 0.83125 9582
0.884375 0.83125 9582
0.884375 0.83125 9582
0.884375 0.83125 9582
0.884375 0.83125 9582
0.884375 0.83125 9582
0.884375 0.83125 9582
0.884375 0.83125 9584
0.884375 0.83125 9584
0.884375 0.83125 9584
0.884375 0.83125 9584
0.884375 0.83125 9584
0.884375 0.83125 9584
0.884375 0.83125 9596
0.884375 0.83125 9602
0.884375 0.83125 9602
0.884375 0.83125 9602
0.884375 0.83125 9614
0.884375 0.83125 9614
0.884375 0.83125 9614
0.884375 0.83125 9616
0.884375 0.83125 9622
0.884375 0.83125 9628
0.884375 0.83125 9628
0.884375 0.83125 9628
0.884375 0.83125 9640
0.884375 0.83125 9642
0.884375 0.83125 9642
0.884375 0.83125 9642
0.884375 0.83125 9654
0.884375 0.83125 9654
0.884375 0.83125 9654
0.884375 0.83125 9656
0.884375 0.83125 9656
0.884375 0.83125 9656
0.884375 0.83125 9658
0.884375 0.83125 9658
0.884375 0.83125 9658
0.884375 0.83125 9658
0.884375 0.83125 9658
0.884375 0.83125 9658
0.884375 0.83125 9658
0.884375 0.83125 9658
0.884375 0.83125 9658
0.884375 0.83125 9660
0.884375 0.83125 9702
0.884375 0.83125 9702
0.884375 0.83125 9702
0.884375 0.83125 9702
0.884375 0.83125 9702
0.884375 0.83125 9702
0.884375 0.83125 9702
0.884375 0.828125 9702
0.884375 0.828125 9702
0.884375 0.828125 9702
0.884375 0.825 9702
0.884375 0.825 9702
0.884375 0.825 9704
0.884375 0.825 9704
0.884375 0.825 9704
0.884375 0.825 9704
0.884375 0.825 9704
0.884375 0.825 9706
0.884375 0.825 9708
0.884375 0.825 9708
0.884375 0.83125 9710
0.884375 0.828125 9710
0.884375 0.825 9712
0.884375 0.825 9712
0.884375 0.825 9712
0.884375 0.825 9714
0.884375 0.825 9714
0.884375 0.825 9716
0.884375 0.83125 9746
0.884375 0.83125 9746
0.884375 0.83125 9748
0.884375 0.83125 9754
0.884375 0.83125 9754
0.884375 0.83125 9754
0.884375 0.83125 9756
0.884375 0.83125 9756
0.884375 0.83125 9756
0.884375 0.83125 9756
0.884375 0.83125 9756
0.884375 0.83125 9756
0.884375 0.83125 9756
0.884375 0.83125 9756
0.884375 0.83125 9756
0.884375 0.825 9756
0.884375 0.825 9756
0.884375 0.825 9756
0.884375 0.825 9756
0.884375 0.825 9786
0.884375 0.825 9786
0.884375 0.825 9786
0.884375 0.825 9786
0.884375 0.825 9786
0.884375 0.825 9788
0.884375 0.825 9788
0.884375 0.825 9788
0.884375 0.825 9790
0.884375 0.825 9790
0.884375 0.825 9790
0.884375 0.825 9790
0.884375 0.825 9790
0.884375 0.825 9790
0.884375 0.825 9790
0.884375 0.825 9802
0.884375 0.825 9804
0.884375 0.825 9804
0.884375 0.83125 9914
0.884375 0.83125 9914
0.884375 0.83125 9914
0.884375 0.83125 9914
0.884375 0.83125 9914
0.884375 0.83125 9914
0.884375 0.83125 9914
0.884375 0.83125 9914
0.884375 0.83125 9914
0.884375 0.83125 9920
0.884375 0.83125 9920
0.884375 0.83125 9920
0.884375 0.83125 9922
0.884375 0.83125 9928
0.884375 0.83125 9928
0.884375 0.83125 9928
0.884375 0.83125 9930
0.884375 0.83125 9930
0.884375 0.83125 9930
0.884375 0.83125 9930
0.884375 0.83125 9942
0.884375 0.83125 9942
0.884375 0.83125 9942
0.884375 0.83125 9942
0.884375 0.83125 9942
0.884375 0.83125 9942
0.884375 0.83125 9942
0.884375 0.83125 9942
0.884375 0.81875 10448
0.884375 0.81875 10448
0.884375 0.81875 10448
0.884375 0.81875 10448
0.884375 0.81875 10448
0.884375 0.81875 10448
0.884375 0.81875 10454
0.884375 0.81875 10454
0.884375 0.81875 10454
0.884375 0.81875 10460
0.884375 0.81875 10460
0.884375 0.81875 10460
0.884375 0.81875 10460
0.884375 0.81875 10460
0.884375 0.81875 10460
0.884375 0.81875 10462
0.884375 0.81875 10462
0.884375 0.81875 10464
0.884375 0.81875 10464
0.884375 0.81875 10470
0.884375 0.81875 10470
0.884375 0.81875 10470
0.890625 0.825 10512
0.890625 0.81875 10524
0.890625 0.81875 10524
0.890625 0.81875 10526
0.890625 0.81875 10526
0.890625 0.81875 10526
0.890625 0.81875 10526
0.890625 0.81875 10526
0.890625 0.81875 10526
0.890625 0.81875 10526
0.890625 0.81875 10526
0.890625 0.81875 10526
0.890625 0.81875 10526
0.890625 0.81875 10526
0.890625 0.81875 10532
0.890625 0.81875 10544
0.890625 0.81875 10544
0.890625 0.81875 10544
0.890625 0.81875 10544
0.890625 0.81875 10544
0.890625 0.81875 10544
0.890625 0.81875 10544
0.890625 0.81875 10550
0.890625 0.81875 10556
0.890625 0.81875 10556
0.890625 0.825 10598
0.890625 0.825 10598
0.890625 0.825 10598
0.890625 0.825 10598
0.890625 0.825 10600
0.890625 0.825 10600
0.8875 0.825 10620
0.8875 0.825 10622
0.8875 0.825 10622
0.8875 0.825 10622
0.8875 0.825 10622
0.8875 0.825 10634
0.8875 0.825 10634
0.8875 0.825 10634
0.8875 0.825 10634
0.8875 0.825 10634
0.8875 0.825 10634
0.8875 0.825 10634
0.8875 0.825 10634
0.8875 0.825 10634
0.8875 0.825 10634
0.8875 0.825 10634
0.8875 0.825 10636
0.8875 0.825 10636
0.8875 0.825 10636
0.8875 0.825 10636
0.8875 0.825 10636
0.8875 0.825 10638
0.8875 0.825 10640
0.8875 0.83125 10640
0.8875 0.825 10642
0.8875 0.825 10642
0.8875 0.825 10642
0.8875 0.825 10642
0.8875 0.825 10642
0.8875 0.825 10654
0.8875 0.825 10674
0.8875 0.825 10674
0.8875 0.825 10674
0.8875 0.825 10674
0.8875 0.825 10674
0.8875 0.825 10674
0.8875 0.825 10676
0.8875 0.825 10682
0.8875 0.825 10682
0.8875 0.825 10682
0.8875 0.825 10682
0.8875 0.825 10682
0.8875 0.825 10688
0.8875 0.825 10688
0.8875 0.825 10688
0.8875 0.825 10694
0.8875 0.825 10694
0.8875 0.825 10694
0.8875 0.825 10694
0.8875 0.825 10694
0.8875 0.825 10694
0.8875 0.825 10694
0.8875 0.825 10696
0.8875 0.825 10696
0.8875 0.825 10696
0.8875 0.825 10696
0.8875 0.825 10696
0.8875 0.825 10696
0.8875 0.825 10696
0.8875 0.825 10696
0.8875 0.825 10696
0.8875 0.825 10696
0.8875 0.825 10696
0.8875 0.825 10708
0.8875 0.825 10708
0.8875 0.825 10708
0.8875 0.825 10728
0.8875 0.825 10728
0.8875 0.825 10728
0.8875 0.825 10728
0.8875 0.825 10728
0.8875 0.825 10728
0.8875 0.825 10730
0.8875 0.825 10730
0.8875 0.825 10730
0.8875 0.825 10730
0.8875 0.825 10750
0.8875 0.825 10750
0.8875 0.825 10750
0.8875 0.825 10750
0.8875 0.825 10752
0.884375 0.825 10764
0.884375 0.825 10766
0.884375 0.825 10766
0.884375 0.825 10766
0.884375 0.825 10778
0.884375 0.825 10778
0.884375 0.825 10798
0.884375 0.825 10798
0.884375 0.825 10798
0.884375 0.825 10810
0.884375 0.825 10810
0.884375 0.825 10810
0.884375 0.825 10810
0.884375 0.825 10810
0.884375 0.825 10810
0.884375 0.825 10810
0.884375 0.825 10810
0.884375 0.825 10810
0.884375 0.825 10810
0.884375 0.825 10810
0.884375 0.825 10810
0.884375 0.825 10810
0.884375 0.825 10810
0.884375 0.825 10810
0.884375 0.825 10830
0.884375 0.825 10830
0.884375 0.825 10830
0.884375 0.825 10830
0.884375 0.825 10830
0.884375 0.825 10830
0.884375 0.825 10830
0.884375 0.825 10842
0.884375 0.825 10842
0.884375 0.825 10848
0.884375 0.825 10848
0.884375 0.825 10848
0.884375 0.825 10848
0.884375 0.825 10850
0.884375 0.825 10850
0.884375 0.825 10850
0.884375 0.825 10850
0.884375 0.825 10850
0.884375 0.825 10852
0.884375 0.825 10852
0.884375 0.825 10854
0.884375 0.825 10856
0.884375 0.825 10858
0.884375 0.825 10858
0.884375 0.825 10858
0.884375 0.825 10860
0.884375 0.825 10872
0.884375 0.825 10872
0.884375 0.825 10872
0.884375 0.825 10872
0.884375 0.825 10872
0.8875 0.825 10962
0.8875 0.825 10962
0.8875 0.825 10962
0.8875 0.825 10962
0.8875 0.825 10982
0.8875 0.825 10982
0.8875 0.825 10982
0.8875 0.825 10982
0.8875 0.825 10982
0.8875 0.825 10982
0.8875 0.825 10988
0.8875 0.825 10988
0.8875 0.825 10990
0.8875 0.825 10990
0.8875 0.825 10990
0.8875 0.825 10990
0.8875 0.825 10990
0.8875 0.825 10990
0.8875 0.825 10992
0.8875 0.825 10992
0.8875 0.825 10992
0.8875 0.825 10992
0.8875 0.825 10992
0.8875 0.825 10994
0.8875 0.825 10994
0.8875 0.825 10994
0.8875 0.825 10996
0.8875 0.825 10996
0.8875 0.825 10996
0.8875 0.825 10996
0.8875 0.825 10996
0.8875 0.825 10996
0.884375 0.825 11026
0.884375 0.825 11028
0.884375 0.825 11028
0.884375 0.825 11028
0.884375 0.825 11034
0.884375 0.825 11034
0.884375 0.825 11036
0.884375 0.83125 11066
0.884375 0.83125 11066
0.884375 0.83125 11066
0.884375 0.83125 11066
0.884375 0.83125 11068
0.884375 0.83125 11068
0.884375 0.83125 11068
0.884375 0.83125 11068
0.884375 0.83125 11068
0.884375 0.83125 11068
0.884375 0.83125 11068
0.884375 0.83125 11068
0.884375 0.83125 11068
0.884375 0.83125 11068
0.884375 0.83125 11068
0.884375 0.83125 11068
0.884375 0.83125 11068
0.884375 0.83125 11068
0.884375 0.83125 11068
0.884375 0.83125 11068
0.884375 0.83125 11088
0.884375 0.83125 11090
0.884375 0.83125 11090
0.884375 0.83125 11090
0.884375 0.83125 11090
0.884375 0.83125 11090
0.884375 0.83125 11090
0.884375 0.83125 11096
0.884375 0.83125 11096
0.884375 0.83125 11096
0.884375 0.83125 11096
0.884375 0.83125 11096
0.884375 0.83125 11096
0.884375 0.83125 11096
0.884375 0.83125 11096
0.884375 0.83125 11096
0.884375 0.83125 11096
0.884375 0.8375 11108
0.884375 0.8375 11108
0.884375 0.8375 11110
0.884375 0.8375 11110
0.884375 0.8375 11110
0.884375 0.8375 11110
0.884375 0.8375 11110
0.884375 0.8375 11110
0.884375 0.8375 11110
0.884375 0.8375 11122
0.884375 0.8375 11122
0.884375 0.8375 11122
0.884375 0.8375 11122
0.884375 0.8375 11124
0.884375 0.8375 11124
0.884375 0.8375 11130
0.884375 0.8375 11130
0.884375 0.8375 11130
0.884375 0.8375 11132
0.884375 0.8375 11132
0.884375 0.8375 11132
0.884375 0.8375 11132
0.884375 0.8375 11132
0.884375 0.8375 11132
0.884375 0.8375 11132
0.8875 0.85 11152
0.8875 0.85 11154
0.8875 0.85 11154
0.8875 0.85 11160
0.8875 0.85 11160
0.8875 0.85 11160
0.8875 0.85 11160
0.8875 0.85 11160
0.8875 0.85 11160
0.8875 0.85 11160
0.8875 0.85 11160
0.8875 0.85 11160
0.8875 0.85 11160
0.8875 0.85 11160
0.8875 0.85 11180
0.8875 0.85 11182
0.8875 0.85 11182
0.88125 0.85 11314
0.88125 0.85 11314
0.88125 0.85 11316
0.88125 0.85 11316
0.88125 0.85 11316
0.88125 0.85 11316
0.88125 0.85 11316
0.88125 0.85 11316
0.88125 0.85 11316
0.88125 0.85 11316
0.88125 0.85 11316
0.88125 0.85 11316
0.88125 0.85 11316
0.88125 0.85 11316
0.88125 0.85 11316
0.88125 0.85 11316
0.88125 0.85 11322
0.88125 0.85 11322
0.88125 0.85 11322
0.88125 0.85 11322
0.88125 0.85 11322
0.88125 0.85 11322
0.88125 0.85 11322
0.88125 0.85 11322
0.88125 0.85 11324
0.88125 0.85 11326
0.88125 0.85 11326
0.88125 0.85 11326
0.88125 0.85 11326
0.88125 0.85 11328
0.88125 0.85 11358
0.88125 0.85 11358
0.88125 0.85 11358
0.88125 0.85 11370
0.88125 0.85 11370
0.88125 0.85 11370
0.88125 0.85 11370
0.88125 0.85 11370
0.88125 0.85 11370
0.88125 0.85 11370
0.88125 0.85 11370
0.88125 0.85 11370
0.88125 0.85 11372
0.88125 0.85 11372
0.88125 0.85 11372
0.88125 0.85 11372
0.88125 0.85 11372
0.88125 0.85 11372
0.88125 0.85 11372
0.88125 0.85 11374
0.88125 0.85 11374
0.88125 0.85 11374
0.88125 0.85 11374
0.88125 0.85 11374
0.88125 0.85 11374
0.88125 0.85 11374
0.88125 0.85 11374
0.88125 0.85 11386
0.88125 0.85 11386
0.88125 0.85 11388
0.88125 0.85 11388
0.88125 0.85 11390
0.88125 0.85 11390
0.88125 0.85 11390
0.88125 0.85 11390
0.88125 0.85 11390
0.88125 0.85 11390
0.88125 0.85 11402
0.88125 0.85 11402
0.88125 0.85 11402
0.88125 0.85 11402
0.88125 0.85 11402
0.88125 0.85 11414
0.88125 0.85 11416
0.88125 0.85 11416
0.88125 0.85 11416
0.88125 0.85 11416
0.88125 0.85 11416
0.88125 0.85 11416
0.88125 0.85 11416
0.88125 0.85 11416
0.88125 0.85 11416
0.88125 0.85 11436
0.88125 0.85 11436
0.88125 0.85 11442
0.88125 0.85 11442
0.88125 0.85 11444
0.88125 0.85 11444
0.88125 0.85 11444
0.88125 0.85 11444
0.88125 0.85 11444
0.88125 0.85 11444
0.88125 0.85 11444
0.88125 0.85 11444
0.88125 0.85 11444
0.88125 0.85 11444
0.88125 0.85 11444
0.88125 0.85 11474
0.88125 0.85 11474
0.88125 0.85 11486
0.88125 0.85 11492
0.88125 0.85 11494
0.88125 0.84375 11536
0.88125 0.84375 11536
0.88125 0.84375 11536
0.88125 0.84375 11536
0.88125 0.84375 11536
0.88125 0.84375 11536
0.88125 0.84375 11536
0.88125 0.84375 11536
0.88125 0.84375 11536
0.88125 0.84375 11536
0.88125 0.84375 11536
0.88125 0.84375 11536
0.88125 0.84375 11556
0.88125 0.84375 11556
0.88125 0.84375 11556
0.88125 0.84375 11556
0.88125 0.84375 11556
0.88125 0.84375 11586
0.88125 0.84375 11588
0.88125 0.84375 11588
0.88125 0.84375 11588
0.88125 0.84375 11588
0.88125 0.84375 11588
0.88125 0.84375 11588
0.88125 0.84375 11600
0.88125 0.84375 11600
0.88125 0.84375 11600
0.88125 0.84375 11600
0.88125 0.84375 11600
0.88125 0.84375 11600
0.88125 0.84375 11612
0.88125 0.84375 11612
0.88125 0.84375 11614
0.88125 0.84375 11614
0.88125 0.84375 11614
0.88125 0.84375 11614
0.88125 0.84375 11614
0.88125 0.84375 11614
0.88125 0.84375 11614
0.88125 0.84375 11616
0.88125 0.84375 11628
0.88125 0.84375 11628
0.88125 0.84375 11628
0.88125 0.84375 11628
0.88125 0.84375 11628
0.88125 0.84375 11628
0.88125 0.84375 11628
0.88125 0.84375 11630
0.88125 0.84375 11632
0.88125 0.84375 11632
0.88125 0.84375 11634
0.88125 0.84375 11640
0.88125 0.84375 11652
0.88125 0.84375 11652
0.88125 0.84375 11654
0.88125 0.84375 11654
0.88125 0.84375 11654
0.88125 0.84375 11654
0.88125 0.84375 11654
0.88125 0.84375 11654
0.88125 0.84375 11654
0.88125 0.84375 11654
0.88125 0.84375 11654
0.88125 0.84375 11654
0.88125 0.84375 11654
0.88125 0.84375 11654
0.88125 0.84375 11660
0.88125 0.84375 11662
0.88125 0.84375 11662
0.88125 0.84375 11662
0.88125 0.84375 11662
0.88125 0.84375 11662
0.88125 0.84375 11664
0.88125 0.84375 11664
0.88125 0.84375 11664
0.88125 0.84375 11666
0.88125 0.84375 11666
0.88125 0.84375 11666
0.88125 0.84375 11666
0.88125 0.84375 11666
0.88125 0.84375 11666
0.88125 0.84375 11666
0.88125 0.84375 11666
0.88125 0.84375 11666
0.88125 0.84375 11666
0.88125 0.84375 11668
0.88125 0.84375 11668
0.88125 0.84375 11668
0.88125 0.84375 11670
0.88125 0.84375 11670
0.88125 0.84375 11670
0.88125 0.84375 11676
0.88125 0.84375 11678
0.884375 0.84375 11708
0.884375 0.84375 11708
0.884375 0.84375 11708
0.884375 0.84375 11708
0.884375 0.84375 11710
0.884375 0.84375 11752
0.884375 0.84375 11752
0.884375 0.84375 11752
0.884375 0.84375 11752
0.884375 0.84375 11754
0.884375 0.84375 11760
0.884375 0.84375 11760
0.884375 0.84375 11766
0.884375 0.84375 11768
0.884375 0.84375 11770
0.884375 0.84375 11770
0.884375 0.84375 11770
0.884375 0.84375 11770
0.884375 0.84375 11770
0.884375 0.84375 11770
0.8875 0.85 11812
0.8875 0.85 11814
0.8875 0.84375 11814
0.8875 0.84375 11814
0.8875 0.84375 11814
0.8875 0.85 11834
0.8875 0.85 11836
0.8875 0.85 11836
0.8875 0.85 11836
0.8875 0.85 11866
0.8875 0.85 11866
0.8875 0.85 11866
0.8875 0.85 11866
0.8875 0.85 11866
0.8875 0.85 11872
0.8875 0.85 11872
0.8875 0.85 11872
0.8875 0.85 11872
0.8875 0.85 11872
0.8875 0.85 11872
0.8875 0.85 11874
0.8875 0.85 11886
0.8875 0.85 11886
0.8875 0.85 11886
0.8875 0.85 11886
0.8875 0.85 11886
0.8875 0.85 11888
0.8875 0.85 11888
0.8875 0.85 11888
0.884375 0.85 11944
0.884375 0.85 11946
0.884375 0.85 11946
0.884375 0.85 11946
0.884375 0.85 11946
0.884375 0.85 11946
0.8875 0.85 11952
0.8875 0.85 11952
0.88125 0.84375 12084
0.88125 0.84375 12084
0.88125 0.84375 12104
0.884375 0.8375 12134
0.884375 0.8375 12134
0.884375 0.8375 12134
0.884375 0.8375 12134
0.884375 0.8375 12134
0.884375 0.8375 12134
0.884375 0.8375 12134
0.884375 0.8375 12136
0.884375 0.8375 12136
0.884375 0.8375 12136
0.884375 0.8375 12136
0.884375 0.8375 12136
0.884375 0.8375 12136
0.884375 0.8375 12136
0.884375 0.8375 12136
0.884375 0.8375 12138
0.884375 0.8375 12138
0.884375 0.8375 12138
0.884375 0.8375 12138
0.884375 0.8375 12138
0.884375 0.8375 12158
0.884375 0.8375 12158
0.884375 0.8375 12160
0.884375 0.8375 12160
0.884375 0.8375 12160
0.884375 0.8375 12160
0.884375 0.8375 12160
0.884375 0.8375 12160
0.884375 0.8375 12160
0.884375 0.8375 12160
0.884375 0.8375 12160
0.884375 0.8375 12166
0.88125 0.8375 12222
0.88125 0.8375 12222
0.884375 0.8375 12234
0.884375 0.8375 12234
0.884375 0.8375 12234
0.884375 0.8375 12236
0.884375 0.8375 12236
0.884375 0.8375 12236
0.884375 0.8375 12236
0.884375 0.8375 12236
0.884375 0.8375 12236
0.884375 0.8375 12236
0.884375 0.8375 12236
0.884375 0.8375 12238
0.884375 0.8375 12238
0.884375 0.8375 12238
0.884375 0.8375 12238
0.884375 0.8375 12238
0.884375 0.8375 12258
0.884375 0.8375 12260
0.884375 0.8375 12260
0.884375 0.8375 12260
0.884375 0.8375 12260
0.884375 0.8375 12262
0.884375 0.8375 12262
0.884375 0.8375 12264
0.884375 0.8375 12264
0.884375 0.8375 12264
0.884375 0.8375 12264
0.884375 0.8375 12264
0.884375 0.8375 12264
0.884375 0.8375 12264
0.884375 0.8375 12264
0.884375 0.8375 12320
0.884375 0.8375 12320
0.884375 0.8375 12320
0.884375 0.8375 12322
0.884375 0.8375 12322
0.884375 0.8375 12324
0.884375 0.8375 12324
0.884375 0.8375 12324
0.884375 0.8375 12324
0.884375 0.8375 12354
0.884375 0.8375 12354
0.884375 0.8375 12366
0.884375 0.8375 12366
0.884375 0.8375 12366
0.884375 0.8375 12366
0.884375 0.8375 12368
0.884375 0.8375 12368
0.884375 0.8375 12368
0.884375 0.8375 12368
0.884375 0.8375 12380
0.884375 0.8375 12380
0.884375 0.8375 12380
0.884375 0.8375 12382
0.884375 0.8375 12382
0.884375 0.8375 12382
0.884375 0.8375 12388
0.884375 0.8375 12388
0.884375 0.8375 12388
0.884375 0.8375 12390
0.884375 0.8375 12390
0.884375 0.8375 12390
0.884375 0.8375 12390
0.884375 0.8375 12392
0.884375 0.8375 12392
0.884375 0.8375 12394
0.884375 0.8375 12394
0.884375 0.8375 12394
0.884375 0.8375 12394
0.884375 0.8375 12394
0.884375 0.8375 12394
0.884375 0.8375 12394
0.884375 0.8375 12394
0.884375 0.8375 12394
0.884375 0.8375 12394
0.884375 0.8375 12394
0.884375 0.8375 12396
0.884375 0.8375 12398
0.884375 0.8375 12398
0.884375 0.8375 12410
0.884375 0.8375 12410
0.884375 0.8375 12410
0.884375 0.8375 12410
0.884375 0.8375 12410
0.884375 0.8375 12410
0.884375 0.8375 12410
0.884375 0.8375 12412
0.884375 0.8375 12412
0.884375 0.8375 12412
0.884375 0.8375 12412
0.884375 0.8375 12412
0.884375 0.8375 12414
0.884375 0.8375 12414
0.884375 0.8375 12414
0.884375 0.8375 12416
0.884375 0.8375 12416
0.884375 0.8375 12416
0.884375 0.8375 12418
0.88125 0.8375 12460
0.88125 0.8375 12460
0.88125 0.8375 12460
0.88125 0.8375 12460
0.88125 0.8375 12462
0.88125 0.8375 12462
0.88125 0.8375 12462
0.88125 0.8375 12464
0.88125 0.8375 12464
0.88125 0.8375 12464
0.88125 0.8375 12464
0.88125 0.8375 12464
0.88125 0.8375 12466
0.88125 0.8375 12466
0.88125 0.8375 12466
0.88125 0.8375 12466
0.88125 0.8375 12466
0.88125 0.8375 12472
0.88125 0.8375 12478
0.88125 0.8375 12478
0.88125 0.8375 12478
0.88125 0.8375 12478
0.88125 0.8375 12478
0.88125 0.8375 12478
0.88125 0.8375 12478
0.88125 0.8375 12478
0.88125 0.8375 12478
0.88125 0.8375 12478
0.88125 0.8375 12478
0.88125 0.8375 12478
0.88125 0.8375 12478
0.88125 0.8375 12480
0.88125 0.8375 12492
0.88125 0.8375 12494
0.88125 0.8375 12494
0.88125 0.8375 12496
0.88125 0.8375 12496
0.88125 0.8375 12496
0.88125 0.8375 12498
0.88125 0.8375 12498
0.88125 0.8375 12498
0.88125 0.8375 12500
0.88125 0.8375 12500
0.88125 0.8375 12502
0.88125 0.8375 12502
0.88125 0.8375 12502
0.88125 0.8375 12502
0.88125 0.8375 12502
0.88125 0.8375 12502
0.88125 0.8375 12502
0.88125 0.8375 12502
0.88125 0.8375 12502
0.88125 0.8375 12502
0.88125 0.8375 12502
0.88125 0.8375 12502
0.88125 0.8375 12502
0.88125 0.8375 12502
0.88125 0.8375 12502
0.88125 0.8375 12514
0.88125 0.8375 12514
0.88125 0.8375 12514
0.88125 0.8375 12516
0.88125 0.8375 12516
0.88125 0.8375 12518
0.88125 0.8375 12518
0.88125 0.8375 12518
0.88125 0.8375 12524
0.88125 0.8375 12524
0.88125 0.8375 12524
0.88125 0.8375 12526
0.88125 0.8375 12526
0.88125 0.8375 12526
0.88125 0.8375 12526
0.88125 0.8375 12526
0.88125 0.8375 12532
0.88125 0.8375 12538
0.88125 0.8375 12538
0.88125 0.8375 12538
0.88125 0.8375 12540
0.88125 0.8375 12540
0.88125 0.8375 12540
0.88125 0.8375 12540
0.88125 0.8375 12542
0.88125 0.8375 12542
0.88125 0.8375 12542
0.88125 0.8375 12542
0.88125 0.8375 12548
0.88125 0.8375 12548
0.88125 0.8375 12554
0.88125 0.8375 12556
0.88125 0.8375 12558
0.88125 0.8375 12558
0.88125 0.8375 12558
0.88125 0.8375 12570
0.88125 0.8375 12576
0.88125 0.8375 12578
0.88125 0.8375 12578
0.88125 0.8375 12580
0.88125 0.8375 12580
0.88125 0.8375 12580
0.88125 0.8375 12580
0.88125 0.8375 12580
0.88125 0.8375 12580
0.88125 0.8375 12580
0.88125 0.8375 12580
0.88125 0.8375 12580
0.88125 0.8375 12580
0.88125 0.8375 12580
0.88125 0.8375 12580
0.88125 0.8375 12586
0.88125 0.8375 12588
0.88125 0.8375 12594
0.88125 0.8375 12594
0.88125 0.8375 12594
0.88125 0.8375 12594
0.88125 0.8375 12594
0.88125 0.8375 12624
0.88125 0.8375 12624
0.88125 0.8375 12626
0.88125 0.8375 12626
0.88125 0.8375 12626
0.88125 0.8375 12626
0.88125 0.8375 12626
0.88125 0.8375 12628
0.88125 0.8375 12640
0.88125 0.8375 12646
0.88125 0.8375 12646
0.88125 0.8375 12646
0.88125 0.8375 12646
0.88125 0.8375 12646
0.88125 0.8375 12646
0.88125 0.8375 12646
0.88125 0.8375 12646
0.88125 0.8375 12646
0.88125 0.8375 12646
0.88125 0.8375 12646
0.88125 0.8375 12646
0.88125 0.8375 12646
0.88125 0.8375 12658
0.88125 0.8375 12658
0.88125 0.8375 12658
0.88125 0.8375 12660
0.88125 0.8375 12666
0.88125 0.8375 12678
0.88125 0.8375 12678
0.88125 0.8375 12678
0.88125 0.8375 12678
0.88125 0.8375 12678
0.88125 0.8375 12690
0.88125 0.8375 12690
0.88125 0.8375 12690
0.88125 0.8375 12690
0.88125 0.8375 12690
0.88125 0.8375 12690
0.88125 0.8375 12690
0.88125 0.8375 12690
0.88125 0.8375 12690
0.88125 0.8375 12690
0.88125 0.8375 12690
0.88125 0.8375 12690
0.88125 0.8375 12696
0.88125 0.8375 12696
0.88125 0.8375 12696
0.88125 0.8375 12702
0.88125 0.8375 12702
0.88125 0.8375 12702
0.88125 0.8375 12704
0.88125 0.8375 12716
0.88125 0.8375 12716
0.88125 0.8375 12716
0.88125 0.8375 12716
0.88125 0.8375 12716
0.88125 0.8375 12716
0.88125 0.8375 12716
0.88125 0.8375 12716
0.88125 0.8375 12716
0.88125 0.8375 12718
0.88125 0.8375 12718
0.88125 0.8375 12718
0.88125 0.8375 12718
0.88125 0.8375 12718
0.88125 0.8375 12718
0.88125 0.8375 12718
0.88125 0.8375 12724
0.88125 0.8375 12724
0.88125 0.8375 12724
0.88125 0.8375 12724
0.88125 0.8375 12724
0.88125 0.8375 12726
0.88125 0.8375 12726
0.88125 0.8375 12728
0.88125 0.8375 12728
0.88125 0.8375 12728
0.88125 0.8375 12728
0.88125 0.8375 12728
0.88125 0.8375 12734
0.88125 0.8375 12734
0.88125 0.8375 12734
0.88125 0.8375 12740
0.88125 0.8375 12740
0.88125 0.8375 12746
0.88125 0.8375 12746
0.88125 0.8375 12746
0.88125 0.8375 12746
0.88125 0.8375 12746
0.88125 0.8375 12748
0.88125 0.8375 12748
0.88125 0.8375 12748
0.88125 0.8375 12750
0.88125 0.8375 12756
0.88125 0.8375 12756
0.88125 0.8375 12756
0.88125 0.8375 12756
0.88125 0.8375 12756
0.88125 0.8375 12756
0.88125 0.8375 12756
0.88125 0.8375 12768
0.88125 0.8375 12768
0.878125 0.8375 12810
0.878125 0.8375 12810
0.878125 0.8375 12810
0.878125 0.8375 12812
0.878125 0.8375 12814
0.878125 0.8375 12834
0.878125 0.8375 12834
0.878125 0.8375 12834
0.878125 0.8375 12834
0.878125 0.8375 12834
0.878125 0.8375 12846
0.878125 0.8375 12846
0.878125 0.8375 12846
0.878125 0.8375 12848
0.878125 0.8375 12854
0.878125 0.8375 12854
0.878125 0.8375 12854
0.878125 0.8375 12856
0.878125 0.8375 12858
0.878125 0.8375 12858
0.878125 0.8375 12860
0.878125 0.8375 12860
0.878125 0.8375 12860
0.878125 0.8375 12860
0.878125 0.8375 12860
0.878125 0.8375 12860
0.878125 0.8375 12866
0.878125 0.8375 12868
0.878125 0.8375 12868
0.878125 0.8375 12868
0.878125 0.8375 12868
0.878125 0.8375 12870
0.878125 0.8375 12872
0.878125 0.8375 12872
0.878125 0.8375 12872
0.878125 0.8375 12872
0.878125 0.8375 12872
0.878125 0.8375 12872
0.878125 0.8375 12884
0.878125 0.8375 12884
0.878125 0.8375 12884
0.878125 0.8375 12884
0.878125 0.8375 12884
0.878125 0.8375 12890
0.878125 0.8375 12890
0.878125 0.8375 12890
0.878125 0.8375 12890
0.878125 0.8375 12902
0.878125 0.8375 12902
0.878125 0.8375 12902
0.878125 0.8375 12902
0.878125 0.8375 12902
0.878125 0.8375 12902
0.878125 0.8375 12922
0.878125 0.8375 12922
0.878125 0.8375 12922
0.878125 0.8375 12924
0.878125 0.8375 12924
0.878125 0.8375 12924
0.878125 0.8375 12924
0.878125 0.8375 12924
0.878125 0.8375 12924
0.878125 0.8375 12924
0.878125 0.8375 12924
0.878125 0.8375 12926
0.878125 0.8375 12926
0.878125 0.8375 12926
0.878125 0.8375 12926
0.878125 0.8375 12926
0.878125 0.8375 12928
0.878125 0.8375 12928
0.878125 0.8375 12930
0.878125 0.8375 12930
0.878125 0.8375 12950
0.878125 0.8375 12950
0.878125 0.8375 12952
0.878125 0.8375 12952
0.878125 0.8375 12952
0.878125 0.8375 12952
0.878125 0.8375 12952
0.878125 0.8375 12952
0.878125 0.8375 12958
0.878125 0.8375 12958
0.878125 0.8375 12958
0.878125 0.8375 12958
0.878125 0.8375 12958
0.878125 0.8375 12958
0.878125 0.8375 12958
0.878125 0.8375 12958
0.878125 0.8375 12958
0.878125 0.8375 12958
0.878125 0.8375 12958
0.878125 0.8375 12958
0.878125 0.8375 12960
0.878125 0.8375 12990
0.878125 0.8375 12990
0.878125 0.8375 12990
0.878125 0.8375 12990
0.878125 0.8375 12990
0.878125 0.8375 12990
0.878125 0.8375 13010
0.878125 0.8375 13010
0.878125 0.8375 13012
0.878125 0.8375 13012
0.878125 0.8375 13012
0.878125 0.8375 13014
0.878125 0.8375 13014
0.878125 0.8375 13020
0.878125 0.8375 13020
0.878125 0.8375 13022
0.878125 0.8375 13022
0.878125 0.8375 13024
0.871875 0.8375 13080
0.871875 0.8375 13110
0.871875 0.8375 13110
0.871875 0.8375 13112
0.871875 0.8375 13112
0.871875 0.8375 13118
0.871875 0.8375 13118
0.871875 0.8375 13118
0.871875 0.8375 13148
0.871875 0.8375 13148
0.871875 0.8375 13154
0.871875 0.8375 13154
0.871875 0.8375 13154
0.871875 0.8375 13154
0.871875 0.8375 13154
0.871875 0.8375 13156
0.871875 0.8375 13156
0.871875 0.8375 13158
0.871875 0.8375 13158
0.871875 0.8375 13158
0.871875 0.8375 13158
0.871875 0.8375 13160
0.871875 0.8375 13160
0.871875 0.8375 13160
0.871875 0.8375 13160
0.871875 0.8375 13160
0.871875 0.8375 13160
0.871875 0.8375 13162
0.871875 0.8375 13162
0.871875 0.8375 13162
0.871875 0.8375 13162
0.871875 0.8375 13164
0.871875 0.8375 13164
0.871875 0.8375 13164
0.871875 0.8375 13164
0.871875 0.8375 13164
0.871875 0.8375 13164
0.871875 0.8375 13164
0.871875 0.8375 13170
0.871875 0.8375 13170
0.871875 0.8375 13170
0.871875 0.8375 13170
0.871875 0.8375 13170
0.871875 0.8375 13170
0.871875 0.8375 13170
0.871875 0.8375 13170
0.871875 0.8375 13170
0.871875 0.8375 13182
0.871875 0.8375 13194
0.871875 0.8375 13194
0.871875 0.8375 13194
0.871875 0.8375 13196
0.871875 0.8375 13196
0.871875 0.8375 13196
0.871875 0.8375 13196
0.871875 0.8375 13196
0.871875 0.8375 13196
0.871875 0.8375 13196
0.871875 0.8375 13196
0.871875 0.8375 13196
0.871875 0.8375 13196
0.871875 0.8375 13202
0.871875 0.8375 13202
0.871875 0.8375 13202
0.871875 0.8375 13202
0.871875 0.8375 13202
0.871875 0.8375 13202
0.871875 0.8375 13202
0.871875 0.8375 13202
0.86875 0.8375 13204
0.86875 0.8375 13234
0.86875 0.83125 13276
0.86875 0.83125 13276
0.86875 0.83125 13276
0.86875 0.83125 13276
0.86875 0.83125 13276
0.86875 0.83125 13276
0.86875 0.83125 13276
0.86875 0.83125 13276
0.86875 0.83125 13276
0.86875 0.83125 13276
0.86875 0.83125 13276
0.86875 0.83125 13276
0.86875 0.83125 13278
0.86875 0.83125 13280
0.86875 0.83125 13280
0.86875 0.83125 13280
0.86875 0.83125 13280
0.86875 0.83125 13280
0.86875 0.83125 13280
0.86875 0.83125 13280
0.86875 0.83125 13286
0.86875 0.83125 13286
0.86875 0.83125 13286
0.86875 0.83125 13286
0.86875 0.83125 13286
0.86875 0.83125 13286
0.86875 0.83125 13306
0.86875 0.83125 13306
0.86875 0.83125 13306
0.86875 0.83125 13306
0.86875 0.83125 13306
0.86875 0.83125 13306
0.86875 0.83125 13306
0.86875 0.83125 13306
0.86875 0.83125 13306
0.86875 0.83125 13306
0.86875 0.83125 13312
0.86875 0.83125 13314
0.86875 0.8375 13320
0.86875 0.8375 13320
0.86875 0.8375 13320
0.86875 0.8375 13320
0.86875 0.8375 13320
0.86875 0.8375 13320
0.86875 0.8375 13320
0.86875 0.8375 13320
0.86875 0.8375 13320
0.86875 0.8375 13320
0.86875 0.8375 13320
0.86875 0.8375 13320
0.86875 0.8375 13320
0.86875 0.8375 13320
0.86875 0.8375 13320
0.86875 0.8375 13320
0.86875 0.8375 13320
0.86875 0.8375 13320
0.86875 0.8375 13320
0.865625 0.8375 13362
0.865625 0.8375 13362
0.865625 0.8375 13362
0.865625 0.8375 13362
0.865625 0.8375 13362
0.865625 0.83125 13362
0.865625 0.83125 13362
0.865625 0.83125 13362
0.865625 0.83125 13364
0.865625 0.83125 13364
0.865625 0.83125 13364
0.865625 0.83125 13364
0.865625 0.83125 13364
0.865625 0.8375 13364
0.865625 0.8375 13366
0.865625 0.8375 13368
0.865625 0.8375 13368
0.865625 0.834375 13368
0.865625 0.83125 13374
0.865625 0.83125 13374
0.865625 0.83125 13374
0.865625 0.8375 13374
0.865625 0.8375 13374
0.865625 0.8375 13376
0.865625 0.8375 13376
0.865625 0.83125 13376
0.865625 0.8375 13378
0.865625 0.8375 13378
0.865625 0.8375 13378
0.865625 0.8375 13380
0.865625 0.8375 13380
0.865625 0.8375 13380
0.865625 0.8375 13380
0.865625 0.8375 13392
