0.834375 0.796875 596
0.834375 0.803125 596
0.834375 0.803125 598
0.834375 0.803125 598
0.834375 0.803125 598
0.834375 0.803125 598
0.828125 0.80625 628
0.828125 0.796875 640
0.828125 0.796875 640
0.828125 0.796875 640
0.828125 0.796875 640
0.828125 0.796875 642
0.828125 0.796875 644
0.828125 0.790625 644
0.828125 0.8 644
0.828125 0.8 644
0.828125 0.8 644
0.825 0.796875 664
0.825 0.8 666
0.825 0.803125 666
0.825 0.8 666
0.825 0.796875 666
0.825 0.796875 666
0.825 0.796875 666
0.825 0.79375 666
0.825 0.79375 666
0.825 0.79375 666
0.825 0.79375 666
0.825 0.79375 666
0.825 0.790625 666
0.825 0.790625 668
0.825 0.790625 670
0.825 0.790625 672
0.825 0.790625 672
0.825 0.790625 672
0.825 0.790625 672
0.825 0.790625 672
0.825 0.790625 672
0.825 0.790625 674
0.825 0.7875 676
0.825 0.7875 676
0.825 0.7875 678
0.825 0.7875 680
0.825 0.7875 680
0.825 0.7875 692
0.825 0.7875 692
0.825 0.7875 694
0.8375 0.79375 750
0.8375 0.79375 750
0.8375 0.79375 750
0.8375 0.79375 750
0.8375 0.79375 750
0.8375 0.79375 750
0.8375 0.79375 750
0.8375 0.79375 750
0.8375 0.79375 750
0.8375 0.79375 750
0.8375 0.79375 752
0.8375 0.79375 752
0.8375 0.79375 752
0.8375 0.79375 752
0.853125 0.79375 824
0.853125 0.7875 830
0.853125 0.7875 832
0.853125 0.7875 832
0.853125 0.7875 834
0.853125 0.7875 834
0.853125 0.7875 834
0.853125 0.784375 840
0.853125 0.784375 842
0.853125 0.784375 842
0.853125 0.784375 842
0.853125 0.78125 844
0.853125 0.78125 844
0.853125 0.78125 846
0.853125 0.78125 846
0.853125 0.778125 848
0.853125 0.778125 848
0.853125 0.778125 848
0.859375 0.784375 860
0.859375 0.784375 862
0.859375 0.784375 862
0.8625 0.778125 868
0.8625 0.778125 868
0.8625 0.778125 868
0.8625 0.778125 868
0.865625 0.78125 888
0.865625 0.78125 890
0.865625 0.78125 890
0.865625 0.78125 890
0.865625 0.778125 890
0.865625 0.778125 890
0.865625 0.778125 890
0.865625 0.778125 890
0.865625 0.778125 890
0.865625 0.778125 890
0.865625 0.778125 892
0.865625 0.778125 892
0.865625 0.778125 892
0.865625 0.778125 892
0.865625 0.778125 892
0.865625 0.778125 892
0.865625 0.778125 894
0.865625 0.778125 894
0.865625 0.778125 894
0.865625 0.778125 894
0.865625 0.778125 896
0.865625 0.778125 896
0.865625 0.778125 896
0.865625 0.778125 896
0.865625 0.778125 1028
0.865625 0.778125 1028
0.865625 0.778125 1028
0.865625 0.778125 1028
0.865625 0.778125 1028
0.865625 0.778125 1028
0.865625 0.784375 1034
0.865625 0.784375 1034
0.865625 0.784375 1034
0.865625 0.784375 1036
0.865625 0.784375 1036
0.865625 0.784375 1036
0.865625 0.784375 1036
0.865625 0.784375 1036
0.865625 0.784375 1036
0.865625 0.784375 1036
0.865625 0.784375 1036
0.865625 0.784375 1036
0.865625 0.784375 1036
0.865625 0.784375 1036
0.865625 0.784375 1036
0.89375 0.815625 1038
0.89375 0.815625 1040
0.89375 0.815625 1040
0.89375 0.815625 1040
0.89375 0.815625 1042
0.89375 0.815625 1042
0.89375 0.815625 1054
0.89375 0.815625 1056
0.89375 0.815625 1068
0.89375 0.815625 1068
0.89375 0.815625 1080
0.89375 0.815625 1092
0.89375 0.815625 1092
0.89375 0.815625 1092
0.89375 0.815625 1092
0.89375 0.815625 1092
0.89375 0.815625 1092
0.89375 0.815625 1092
0.89375 0.815625 1094
0.89375 0.815625 1100
0.89375 0.815625 1100
0.89375 0.815625 1100
0.89375 0.815625 1100
0.89375 0.815625 1100
0.89375 0.815625 1100
0.89375 0.815625 1106
0.89375 0.815625 1106
0.89375 0.815625 1106
0.89375 0.815625 1106
0.89375 0.815625 1108
0.89375 0.815625 1108
0.89375 0.815625 1108
0.89375 0.815625 1114
0.890625 0.8125 1126
0.890625 0.8125 1126
0.890625 0.8125 1126
0.890625 0.8125 1128
0.890625 0.8125 1128
0.890625 0.8125 1128
0.890625 0.8125 1128
0.890625 0.8125 1128
0.890625 0.8125 1128
0.890625 0.809375 1140
0.890625 0.809375 1140
0.890625 0.809375 1140
0.890625 0.809375 1140
0.890625 0.80625 1142
0.890625 0.80625 1144
0.890625 0.803125 1144
0.890625 0.803125 1144
0.890625 0.809375 1146
0.890625 0.809375 1148
0.890625 0.809375 1148
0.890625 0.809375 1148
0.890625 0.809375 1148
0.890625 0.809375 1148
0.890625 0.809375 1150
0.890625 0.8125 1150
0.890625 0.815625 1170
0.890625 0.8125 1172
0.890625 0.8125 1172
0.890625 0.8125 1172
0.890625 0.809375 1172
0.890625 0.809375 1172
0.890625 0.80625 1174
0.890625 0.80625 1174
0.890625 0.80625 1174
0.890625 0.8125 1174
0.890625 0.8125 1174
0.890625 0.8125 1174
0.890625 0.8125 1180
0.890625 0.815625 1180
0.890625 0.815625 1180
0.890625 0.815625 1180
0.890625 0.815625 1180
0.890625 0.8125 1180
0.890625 0.8125 1180
0.890625 0.8125 1180
0.8875 0.8125 1192
0.8875 0.8125 1192
0.8875 0.8125 1192
0.8875 0.8125 1192
0.8875 0.8125 1192
0.8875 0.8125 1192
0.8875 0.8125 1192
0.8875 0.8125 1192
0.88125 0.815625 1212
0.88125 0.815625 1214
0.88125 0.815625 1214
0.88125 0.815625 1214
0.88125 0.815625 1214
0.878125 0.815625 1256
0.878125 0.815625 1256
0.878125 0.815625 1256
0.878125 0.815625 1256
0.878125 0.815625 1256
0.878125 0.815625 1258
0.878125 0.815625 1260
0.878125 0.815625 1262
0.878125 0.815625 1262
0.878125 0.815625 1264
0.878125 0.815625 1264
0.878125 0.815625 1266
0.88125 0.803125 1308
0.88125 0.803125 1308
0.88125 0.803125 1308
0.88125 0.803125 1308
0.88125 0.803125 1320
0.88125 0.809375 1320
0.88125 0.809375 1320
0.88125 0.803125 1320
0.88125 0.803125 1320
0.88125 0.803125 1320
0.88125 0.803125 1320
0.88125 0.8 1322
0.88125 0.8 1322
0.88125 0.8 1322
0.88125 0.8 1322
0.88125 0.8 1322
0.88125 0.8 1322
0.88125 0.8 1322
0.88125 0.8 1322
0.88125 0.8 1322
0.875 0.80625 1352
0.875 0.80625 1352
0.875 0.8 1352
0.875 0.8 1352
0.875 0.8 1352
0.875 0.79375 1352
0.875 0.79375 1352
0.875 0.79375 1358
0.875 0.79375 1358
0.875 0.79375 1358
0.875 0.79375 1358
0.875 0.79375 1358
0.875 0.79375 1358
0.875 0.79375 1358
0.875 0.79375 1360
0.875 0.79375 1360
0.875 0.79375 1360
0.875 0.79375 1360
0.875 0.79375 1360
0.875 0.79375 1360
0.875 0.79375 1360
0.875 0.79375 1362
0.875 0.79375 1362
0.875 0.79375 1362
0.875 0.79375 1362
0.875 0.790625 1364
0.875 0.790625 1364
0.875 0.790625 1364
0.875 0.790625 1366
0.875 0.790625 1366
0.875 0.790625 1368
0.875 0.790625 1368
0.875 0.790625 1368
0.875 0.790625 1368
0.875 0.790625 1368
0.875 0.79375 1380
0.875 0.79375 1380
0.875 0.79375 1380
0.875 0.79375 1380
0.875 0.79375 1392
0.875 0.79375 1392
0.875 0.79375 1392
0.875 0.7875 1398
0.875 0.7875 1410
0.875 0.784375 1412
0.875 0.784375 1418
0.875 0.784375 1418
0.875 0.784375 1418
0.875 0.784375 1424
0.875 0.784375 1424
0.875 0.784375 1424
0.875 0.78125 1424
0.875 0.7875 1424
0.865625 0.784375 1580
0.865625 0.784375 1582
0.865625 0.784375 1582
0.865625 0.784375 1582
0.865625 0.784375 1582
0.865625 0.78125 1582
0.859375 0.775 1612
0.865625 0.775 1632
0.865625 0.775 1638
0.865625 0.775 1640
0.865625 0.775 1640
0.865625 0.775 1640
0.865625 0.775 1640
0.865625 0.775 1640
0.865625 0.775 1640
0.865625 0.775 1640
0.865625 0.775 1646
0.865625 0.775 1646
0.865625 0.775 1648
0.865625 0.775 1648
0.865625 0.775 1648
0.85625 0.76875 1690
0.85625 0.76875 1690
0.85625 0.76875 1692
0.85625 0.76875 1692
0.85625 0.76875 1712
0.846875 0.75625 1784
0.846875 0.75625 1784
0.846875 0.75625 1784
0.846875 0.75625 1784
0.846875 0.75625 1784
0.846875 0.75625 1784
0.846875 0.75625 1786
0.846875 0.75625 1786
0.846875 0.75625 1786
0.846875 0.75625 1786
0.846875 0.75625 1786
0.846875 0.75625 1786
0.846875 0.75625 1788
0.846875 0.75625 1790
0.846875 0.75625 1790
0.846875 0.75625 1790
0.846875 0.75625 1790
0.846875 0.75625 1790
0.846875 0.75625 1790
0.846875 0.75625 1790
0.846875 0.75625 1790
0.846875 0.75625 1790
0.85625 0.765625 1802
0.85625 0.765625 1802
0.85625 0.765625 1804
0.85625 0.765625 1804
0.85625 0.765625 1804
0.85625 0.765625 1804
0.85625 0.765625 1804
0.84375 0.765625 1846
0.84375 0.765625 1846
0.84375 0.765625 1846
0.84375 0.765625 1846
0.84375 0.765625 1846
0.840625 0.765625 1866
0.840625 0.765625 1866
0.840625 0.765625 1868
0.840625 0.76875 1868
0.840625 0.76875 1868
0.840625 0.76875 1868
0.840625 0.76875 1868
0.840625 0.76875 1870
0.840625 0.76875 1870
0.840625 0.76875 1870
0.840625 0.76875 1870
0.840625 0.76875 1890
0.840625 0.76875 1890
0.840625 0.76875 1890
0.840625 0.76875 1890
0.840625 0.76875 1890
0.840625 0.76875 1890
0.840625 0.76875 1896
0.840625 0.76875 1896
0.840625 0.76875 1896
0.840625 0.76875 1896
0.840625 0.76875 1896
0.840625 0.76875 1896
0.840625 0.76875 1896
0.840625 0.76875 1898
0.840625 0.76875 1898
0.840625 0.76875 1904
0.840625 0.76875 1904
0.840625 0.76875 1904
0.8375 0.76875 1934
0.8375 0.76875 1934
0.8375 0.76875 1934
0.8375 0.76875 1934
0.8375 0.76875 1936
0.8375 0.76875 1936
0.8375 0.76875 1938
0.8375 0.76875 1938
0.8375 0.76875 1940
0.8375 0.76875 1942
0.8375 0.76875 1944
0.8375 0.76875 1946
0.8375 0.76875 1966
0.8375 0.76875 1966
0.8375 0.76875 1968
0.8375 0.76875 1968
0.8375 0.76875 1968
0.8375 0.76875 1970
0.8375 0.76875 1970
0.8375 0.76875 1970
0.8375 0.76875 1982
0.8375 0.76875 1984
0.8375 0.76875 1984
0.8375 0.76875 1984
0.8375 0.76875 1984
0.8375 0.76875 1984
0.8375 0.76875 1984
0.8375 0.76875 1984
0.8375 0.76875 1984
0.840625 0.76875 1986
0.840625 0.76875 1986
0.8375 0.76875 1992
0.8375 0.76875 1992
0.8375 0.76875 1992
0.8375 0.765625 1992
0.8375 0.765625 1992
0.8375 0.765625 1992
0.8375 0.765625 1992
0.8375 0.7625 1994
0.8375 0.7625 1994
0.8375 0.7625 1994
0.8375 0.7625 1994
0.8375 0.7625 1994
0.8375 0.7625 1994
0.8375 0.7625 1994
0.8375 0.7625 2006
0.8375 0.7625 2006
0.8375 0.76875 2008
0.8375 0.76875 2008
0.8375 0.76875 2008
0.8375 0.76875 2010
0.8375 0.76875 2012
0.8375 0.76875 2012
0.8375 0.7625 2012
0.8375 0.7625 2012
0.8375 0.7625 2012
0.8375 0.7625 2012
0.8375 0.7625 2012
0.8375 0.7625 2018
0.8375 0.7625 2018
0.8375 0.7625 2018
0.8375 0.7625 2018
0.8375 0.7625 2018
0.8375 0.7625 2018
0.8375 0.7625 2038
0.8375 0.7625 2044
0.8375 0.7625 2044
0.8375 0.7625 2044
0.8375 0.7625 2050
0.8375 0.7625 2050
0.8375 0.7625 2050
0.8375 0.75625 2062
0.8375 0.753125 2062
0.8375 0.753125 2062
0.8375 0.75625 2064
0.8375 0.75625 2064
0.8375 0.75625 2066
0.8375 0.75625 2066
0.8375 0.75625 2066
0.8375 0.75625 2066
0.8375 0.75625 2068
0.8375 0.75625 2068
0.8375 0.75625 2068
0.8375 0.75625 2068
0.8375 0.75625 2068
0.8375 0.75625 2068
0.8375 0.75625 2088
0.8375 0.75625 2090
0.8375 0.75625 2090
0.8375 0.75625 2090
0.8375 0.75625 2090
0.8375 0.75625 2090
0.8375 0.75625 2096
0.8375 0.75625 2096
0.8375 0.75625 2096
0.8375 0.75625 2096
0.840625 0.76875 2138
0.840625 0.76875 2138
0.840625 0.76875 2138
0.840625 0.76875 2138
0.840625 0.775 2140
0.840625 0.775 2140
0.840625 0.778125 2140
0.840625 0.771875 2142
0.840625 0.771875 2142
0.840625 0.76875 2142
0.840625 0.76875 2144
0.840625 0.775 2156
0.840625 0.775 2156
0.840625 0.775 2156
0.840625 0.775 2162
0.840625 0.775 2168
0.859375 0.809375 2198
0.859375 0.809375 2198
0.859375 0.809375 2198
0.859375 0.821875 2218
0.859375 0.821875 2220
0.859375 0.821875 2220
0.859375 0.821875 2232
0.859375 0.821875 2232
0.859375 0.821875 2232
0.859375 0.821875 2234
0.859375 0.821875 2234
0.859375 0.821875 2246
0.859375 0.821875 2248
0.859375 0.821875 2248
0.859375 0.821875 2248
0.859375 0.81875 2248
0.859375 0.81875 2248
0.859375 0.821875 2254
0.859375 0.821875 2254
0.859375 0.821875 2254
0.859375 0.821875 2254
0.859375 0.821875 2256
0.859375 0.821875 2256
0.859375 0.821875 2256
0.8625 0.834375 2286
0.8625 0.834375 2286
0.8625 0.834375 2292
0.8625 0.834375 2292
0.853125 0.828125 2304
0.853125 0.834375 2304
0.853125 0.83125 2304
0.853125 0.83125 2310
0.853125 0.83125 2316
0.853125 0.828125 2316
0.853125 0.828125 2316
0.853125 0.828125 2318
0.853125 0.828125 2318
0.853125 0.828125 2320
0.853125 0.828125 2320
0.853125 0.83125 2320
0.859375 0.828125 2340
0.859375 0.828125 2340
0.859375 0.83125 2340
0.859375 0.83125 2340
0.859375 0.83125 2352
0.859375 0.83125 2352
0.859375 0.83125 2358
0.859375 0.83125 2360
0.859375 0.83125 2360
0.859375 0.83125 2380
0.871875 0.846875 2452
0.871875 0.846875 2454
0.871875 0.846875 2454
0.871875 0.846875 2454
0.875 0.840625 2544
0.875 0.8375 2546
0.875 0.8375 2546
0.875 0.8375 2546
0.875 0.8375 2546
0.875 0.8375 2546
0.875 0.834375 2576
0.875 0.834375 2578
0.875 0.834375 2578
0.875 0.834375 2578
0.875 0.834375 2584
0.875 0.834375 2584
0.875 0.834375 2584
0.875 0.834375 2584
0.871875 0.834375 2586
0.871875 0.834375 2586
0.871875 0.834375 2586
0.871875 0.834375 2592
0.871875 0.834375 2594
0.871875 0.834375 2594
0.871875 0.834375 2594
0.871875 0.834375 2594
0.871875 0.834375 2594
0.871875 0.834375 2594
0.871875 0.834375 2594
0.86875 0.834375 2650
0.86875 0.834375 2650
0.86875 0.834375 2650
0.86875 0.834375 2650
0.86875 0.834375 2650
0.86875 0.834375 2650
0.86875 0.834375 2650
0.86875 0.834375 2652
0.86875 0.834375 2654
0.865625 0.834375 2726
0.865625 0.834375 2728
0.865625 0.834375 2728
0.865625 0.834375 2730
0.865625 0.834375 2730
0.865625 0.834375 2730
0.865625 0.834375 2730
0.865625 0.834375 2730
0.865625 0.834375 2730
0.865625 0.834375 2730
0.865625 0.834375 2732
0.865625 0.834375 2734
0.865625 0.834375 2734
0.865625 0.834375 2734
0.865625 0.834375 2740
0.865625 0.834375 2752
0.865625 0.834375 2752
0.865625 0.834375 2752
0.865625 0.834375 2752
0.865625 0.834375 2758
0.865625 0.834375 2758
0.865625 0.834375 2758
0.865625 0.834375 2758
0.865625 0.834375 2758
0.865625 0.834375 2758
0.865625 0.834375 2758
0.865625 0.834375 2758
0.865625 0.834375 2758
0.865625 0.834375 2758
0.865625 0.834375 2758
0.865625 0.834375 2764
0.865625 0.834375 2770
0.865625 0.834375 2770
0.865625 0.834375 2776
0.865625 0.834375 2776
0.865625 0.834375 2776
0.865625 0.834375 2776
0.865625 0.834375 2776
0.865625 0.834375 2776
0.865625 0.834375 2778
0.865625 0.834375 2778
0.865625 0.834375 2778
0.865625 0.815625 2910
0.865625 0.815625 2910
0.865625 0.815625 2912
0.865625 0.815625 2912
0.865625 0.815625 2912
0.865625 0.815625 2912
0.865625 0.815625 2912
0.865625 0.815625 2912
0.865625 0.815625 2912
0.865625 0.821875 2914
0.865625 0.821875 2914
0.865625 0.821875 2914
0.865625 0.821875 2914
0.865625 0.821875 2914
0.865625 0.821875 2914
0.865625 0.821875 2914
0.865625 0.821875 2916
0.865625 0.821875 2916
0.865625 0.821875 2916
0.865625 0.821875 2916
0.865625 0.821875 2916
0.865625 0.821875 2916
0.865625 0.828125 2936
0.865625 0.828125 2942
0.865625 0.828125 2942
0.865625 0.828125 2942
0.865625 0.83125 2944
0.865625 0.83125 2946
0.865625 0.834375 2946
0.865625 0.834375 2946
0.865625 0.834375 2946
0.865625 0.834375 2946
0.865625 0.834375 2946
0.865625 0.834375 2946
0.865625 0.8375 2976
0.865625 0.8375 2988
0.865625 0.8375 2988
0.865625 0.8375 2988
0.865625 0.8375 2988
0.865625 0.8375 2988
0.865625 0.8375 2988
0.865625 0.8375 2988
0.865625 0.8375 2988
0.865625 0.840625 2988
0.865625 0.840625 2988
0.865625 0.840625 2988
0.865625 0.840625 2988
0.865625 0.840625 3008
0.865625 0.840625 3014
0.865625 0.840625 3014
0.865625 0.840625 3014
0.865625 0.840625 3016
0.865625 0.840625 3016
0.865625 0.840625 3018
0.865625 0.840625 3038
0.865625 0.840625 3038
0.865625 0.840625 3038
0.865625 0.840625 3038
0.865625 0.840625 3038
0.865625 0.840625 3038
0.865625 0.840625 3038
0.865625 0.840625 3038
0.865625 0.840625 3038
0.865625 0.840625 3038
0.865625 0.840625 3040
0.865625 0.840625 3040
0.865625 0.840625 3040
0.865625 0.840625 3040
0.865625 0.840625 3040
0.865625 0.840625 3042
0.865625 0.840625 3042
0.865625 0.840625 3042
0.865625 0.840625 3042
0.865625 0.840625 3044
0.865625 0.840625 3044
0.865625 0.840625 3044
0.865625 0.840625 3046
0.865625 0.840625 3046
0.865625 0.840625 3046
0.865625 0.840625 3046
0.865625 0.840625 3046
0.865625 0.840625 3046
0.865625 0.840625 3046
0.865625 0.840625 3046
0.865625 0.840625 3046
0.865625 0.840625 3046
0.871875 0.846875 3058
0.871875 0.846875 3058
0.871875 0.846875 3058
0.871875 0.840625 3058
0.871875 0.84375 3070
0.871875 0.84375 3070
0.871875 0.846875 3072
0.871875 0.846875 3078
0.871875 0.846875 3078
0.871875 0.846875 3078
0.871875 0.846875 3078
0.871875 0.846875 3080
0.871875 0.846875 3080
0.871875 0.846875 3080
0.871875 0.846875 3080
0.884375 0.86875 3110
0.884375 0.86875 3110
0.884375 0.86875 3110
0.884375 0.86875 3116
0.884375 0.86875 3116
0.884375 0.86875 3116
0.884375 0.86875 3116
0.884375 0.86875 3136
0.884375 0.86875 3142
0.884375 0.86875 3142
0.884375 0.86875 3142
0.884375 0.86875 3142
0.884375 0.86875 3144
0.884375 0.86875 3146
0.884375 0.86875 3148
0.884375 0.86875 3148
0.884375 0.86875 3148
0.884375 0.86875 3148
0.884375 0.86875 3148
0.884375 0.86875 3148
0.884375 0.86875 3148
0.884375 0.86875 3148
0.884375 0.86875 3148
0.884375 0.86875 3148
0.884375 0.86875 3148
0.8875 0.86875 3160
0.8875 0.86875 3160
0.8875 0.86875 3160
0.8875 0.86875 3160
0.8875 0.86875 3160
0.8875 0.86875 3160
0.8875 0.86875 3162
0.8875 0.86875 3162
0.8875 0.86875 3162
0.8875 0.86875 3162
0.8875 0.86875 3162
0.8875 0.86875 3164
0.8875 0.86875 3164
0.8875 0.86875 3164
0.8875 0.86875 3164
0.8875 0.86875 3164
0.8875 0.86875 3164
0.8875 0.86875 3164
0.8875 0.86875 3164
0.8875 0.86875 3164
0.8875 0.86875 3176
0.8875 0.86875 3176
0.8875 0.86875 3176
0.8875 0.86875 3176
0.8875 0.86875 3178
0.8875 0.86875 3178
0.8875 0.86875 3178
0.8875 0.86875 3178
0.8875 0.86875 3178
0.8875 0.86875 3178
0.8875 0.86875 3178
0.8875 0.86875 3178
0.8875 0.86875 3190
0.8875 0.86875 3190
0.8875 0.86875 3190
0.8875 0.86875 3190
0.8875 0.86875 3190
0.884375 0.86875 3202
0.884375 0.86875 3202
0.884375 0.86875 3202
0.884375 0.86875 3202
0.884375 0.86875 3204
0.884375 0.86875 3204
0.884375 0.86875 3204
0.884375 0.86875 3204
0.884375 0.86875 3204
0.884375 0.86875 3204
0.884375 0.86875 3206
0.884375 0.86875 3206
0.884375 0.86875 3212
0.884375 0.86875 3212
0.884375 0.86875 3214
0.884375 0.86875 3214
0.884375 0.86875 3214
0.884375 0.86875 3214
0.884375 0.86875 3214
0.884375 0.86875 3214
0.884375 0.86875 3214
0.884375 0.86875 3214
0.884375 0.86875 3214
0.884375 0.86875 3216
0.884375 0.86875 3216
0.884375 0.86875 3216
0.884375 0.86875 3218
0.884375 0.86875 3218
0.884375 0.86875 3218
0.884375 0.86875 3218
0.884375 0.86875 3218
0.884375 0.86875 3218
0.884375 0.86875 3218
0.884375 0.86875 3218
0.884375 0.86875 3218
0.884375 0.86875 3218
0.884375 0.86875 3220
0.884375 0.86875 3220
0.884375 0.86875 3220
0.884375 0.86875 3220
0.884375 0.86875 3220
0.884375 0.86875 3220
0.884375 0.86875 3226
0.884375 0.86875 3226
0.884375 0.86875 3226
0.884375 0.86875 3226
0.884375 0.86875 3226
0.884375 0.86875 3226
0.884375 0.86875 3226
0.884375 0.86875 3226
0.884375 0.86875 3226
0.884375 0.86875 3246
0.884375 0.86875 3246
0.884375 0.86875 3246
0.884375 0.8625 3258
0.884375 0.8625 3258
0.884375 0.8625 3258
0.884375 0.8625 3258
0.884375 0.8625 3258
0.884375 0.8625 3258
0.884375 0.8625 3258
0.884375 0.8625 3258
0.884375 0.8625 3264
0.884375 0.8625 3264
0.884375 0.8625 3264
0.884375 0.8625 3264
0.884375 0.8625 3264
0.884375 0.8625 3264
0.884375 0.8625 3264
0.884375 0.8625 3284
0.884375 0.8625 3304
0.884375 0.8625 3304
0.884375 0.8625 3306
0.884375 0.8625 3306
0.884375 0.8625 3306
0.884375 0.8625 3306
0.884375 0.8625 3306
0.884375 0.8625 3308
0.884375 0.8625 3308
0.884375 0.8625 3320
0.884375 0.8625 3320
0.884375 0.8625 3320
0.884375 0.8625 3320
0.884375 0.8625 3320
0.884375 0.8625 3320
0.884375 0.8625 3320
0.884375 0.8625 3320
0.884375 0.8625 3320
0.884375 0.8625 3320
0.884375 0.8625 3320
0.884375 0.8625 3340
0.884375 0.8625 3342
0.884375 0.8625 3342
0.884375 0.8625 3342
0.884375 0.8625 3342
0.884375 0.8625 3342
0.884375 0.8625 3342
0.884375 0.8625 3342
0.884375 0.8625 3344
0.884375 0.8625 3344
0.884375 0.8625 3344
0.884375 0.8625 3344
0.884375 0.8625 3346
0.884375 0.8625 3346
0.884375 0.8625 3346
0.884375 0.8625 3346
0.884375 0.8625 3346
0.884375 0.8625 3346
0.884375 0.8625 3346
0.884375 0.8625 3346
0.884375 0.8625 3346
0.884375 0.8625 3346
0.884375 0.8625 3346
0.884375 0.8625 3346
0.884375 0.8625 3348
0.884375 0.8625 3360
0.884375 0.8625 3360
0.884375 0.8625 3360
0.884375 0.8625 3360
0.88125 0.8625 3380
0.88125 0.8625 3386
0.88125 0.8625 3386
0.88125 0.8625 3392
0.88125 0.8625 3392
0.88125 0.8625 3392
0.88125 0.8625 3394
0.88125 0.8625 3394
0.88125 0.8625 3394
0.88125 0.8625 3396
0.88125 0.8625 3396
0.88125 0.8625 3396
0.88125 0.8625 3398
0.88125 0.8625 3398
0.88125 0.8625 3398
0.88125 0.8625 3398
0.88125 0.8625 3398
0.88125 0.8625 3398
0.88125 0.8625 3398
0.88125 0.8625 3398
0.88125 0.8625 3398
0.88125 0.8625 3398
0.88125 0.8625 3398
0.88125 0.8625 3398
0.88125 0.8625 3418
0.88125 0.8625 3418
0.88125 0.8625 3418
0.88125 0.8625 3420
0.88125 0.8625 3420
0.88125 0.8625 3420
0.88125 0.8625 3420
0.88125 0.8625 3420
0.88125 0.8625 3420
0.88125 0.8625 3422
0.88125 0.8625 3424
0.88125 0.8625 3430
0.88125 0.8625 3430
0.88125 0.8625 3430
0.88125 0.8625 3430
0.88125 0.8625 3430
0.884375 0.8625 3432
0.884375 0.8625 3432
0.884375 0.8625 3432
0.884375 0.8625 3432
0.884375 0.8625 3432
0.884375 0.8625 3432
0.884375 0.8625 3438
0.884375 0.8625 3438
0.884375 0.8625 3444
0.884375 0.8625 3450
0.884375 0.8625 3450
0.884375 0.8625 3450
0.884375 0.8625 3450
0.884375 0.8625 3450
0.884375 0.8625 3450
0.884375 0.8625 3450
0.884375 0.8625 3450
0.884375 0.8625 3450
0.884375 0.8625 3450
0.884375 0.8625 3450
0.884375 0.8625 3450
0.884375 0.8625 3450
0.884375 0.8625 3450
0.884375 0.8625 3452
0.884375 0.8625 3454
0.88125 0.8625 3586
0.88125 0.8625 3588
0.88125 0.8625 3588
0.88125 0.8625 3590
0.88125 0.8625 3590
0.88125 0.8625 3590
0.88125 0.8625 3590
0.88125 0.8625 3590
0.88125 0.8625 3590
0.88125 0.8625 3590
0.88125 0.8625 3596
0.88125 0.8625 3596
0.88125 0.8625 3602
0.88125 0.8625 3602
0.88125 0.8625 3602
0.88125 0.8625 3608
0.88125 0.8625 3608
0.88125 0.8625 3608
0.884375 0.8625 3650
0.884375 0.8625 3650
0.884375 0.8625 3650
0.884375 0.8625 3650
0.884375 0.8625 3650
0.884375 0.8625 3656
0.884375 0.85625 3656
0.884375 0.85625 3656
0.884375 0.85625 3656
0.884375 0.85625 3656
0.884375 0.85625 3656
0.884375 0.8625 3656
0.884375 0.8625 3656
0.884375 0.8625 3656
0.884375 0.85625 3656
0.884375 0.85625 3658
0.88125 0.85625 3688
0.88125 0.85625 3688
0.88125 0.85625 3694
0.88125 0.85625 3700
0.88125 0.85625 3700
0.88125 0.85625 3700
0.88125 0.85625 3700
0.88125 0.85625 3700
0.88125 0.85625 3700
0.88125 0.85625 3702
0.88125 0.85625 3702
0.88125 0.85625 3702
0.88125 0.85625 3702
0.88125 0.85 3702
0.88125 0.85 3702
0.88125 0.85 3702
0.88125 0.85 3704
0.88125 0.85 3704
0.88125 0.85 3706
0.88125 0.85 3706
0.88125 0.85 3706
0.88125 0.85 3706
0.88125 0.85 3712
0.88125 0.85 3714
0.88125 0.85 3756
0.88125 0.85 3756
0.88125 0.85 3756
0.88125 0.85 3756
0.88125 0.85 3756
0.88125 0.85 3758
0.88125 0.85 3760
0.878125 0.8375 3790
0.878125 0.8375 3790
0.878125 0.84375 3802
0.878125 0.84375 3802
0.878125 0.84375 3802
0.878125 0.840625 3804
0.878125 0.840625 3804
0.878125 0.840625 3804
0.878125 0.840625 3804
0.878125 0.840625 3804
0.878125 0.840625 3804
0.875 0.84375 3824
0.875 0.83125 3830
0.875 0.83125 3832
0.875 0.8375 3838
0.875 0.8375 3838
0.875 0.8375 3838
0.875 0.8375 3838
0.875 0.8375 3838
0.875 0.8375 3838
0.875 0.8375 3838
0.875 0.8375 3838
0.875 0.8375 3838
0.875 0.8375 3838
0.875 0.8375 3838
0.875 0.8375 3838
0.875 0.8375 3838
0.875 0.8375 3838
0.875 0.8375 3838
0.875 0.840625 3880
0.875 0.840625 3886
0.875 0.840625 3886
0.875 0.840625 3886
0.875 0.84375 3886
0.875 0.84375 3886
0.875 0.84375 3886
0.875 0.84375 3886
0.875 0.84375 3888
0.875 0.84375 3888
0.871875 0.825 3998
0.871875 0.825 4000
0.871875 0.825 4000
0.871875 0.825 4000
0.871875 0.825 4000
0.871875 0.825 4000
0.871875 0.825 4000
0.871875 0.828125 4002
0.871875 0.825 4002
0.871875 0.825 4002
0.871875 0.825 4002
0.871875 0.825 4014
0.871875 0.825 4026
0.871875 0.828125 4026
0.871875 0.83125 4026
0.871875 0.83125 4026
0.871875 0.83125 4026
0.871875 0.83125 4026
0.871875 0.825 4026
0.871875 0.825 4026
0.871875 0.825 4026
0.871875 0.825 4026
0.871875 0.825 4038
0.871875 0.825 4038
0.871875 0.825 4038
0.871875 0.825 4038
0.871875 0.825 4038
0.871875 0.825 4038
0.871875 0.825 4038
0.871875 0.825 4040
0.871875 0.825 4040
0.871875 0.825 4040
0.871875 0.825 4040
0.871875 0.825 4052
0.871875 0.825 4052
0.871875 0.825 4052
0.871875 0.825 4052
0.871875 0.825 4052
0.871875 0.825 4052
0.871875 0.825 4052
0.871875 0.828125 4052
0.871875 0.828125 4052
0.871875 0.828125 4052
0.871875 0.828125 4052
0.871875 0.828125 4054
0.871875 0.828125 4054
0.871875 0.825 4054
0.871875 0.825 4054
0.8625 0.81875 4516
0.8625 0.81875 4516
0.8625 0.81875 4516
0.8625 0.81875 4516
0.8625 0.81875 4516
0.8625 0.81875 4522
0.871875 0.81875 4552
0.871875 0.81875 4552
0.871875 0.81875 4552
0.871875 0.81875 4552
0.871875 0.81875 4552
0.871875 0.81875 4552
0.871875 0.81875 4554
0.871875 0.81875 4556
0.871875 0.81875 4558
0.871875 0.81875 4560
0.871875 0.81875 4560
0.871875 0.81875 4560
0.871875 0.81875 4562
0.871875 0.81875 4562
0.871875 0.81875 4562
0.871875 0.81875 4562
0.88125 0.8375 4592
0.88125 0.8375 4592
0.88125 0.8375 4592
0.88125 0.8375 4594
0.88125 0.8375 4594
0.88125 0.8375 4594
0.88125 0.8375 4594
0.88125 0.8375 4594
0.88125 0.8375 4594
0.88125 0.8375 4594
0.88125 0.8375 4600
0.88125 0.8375 4600
0.88125 0.8375 4600
0.88125 0.8375 4600
0.88125 0.8375 4600
0.88125 0.8375 4600
0.88125 0.8375 4602
0.88125 0.8375 4602
0.88125 0.8375 4602
0.88125 0.8375 4602
0.88125 0.8375 4602
0.88125 0.8375 4602
0.88125 0.8375 4608
0.88125 0.8375 4608
0.88125 0.8375 4608
0.88125 0.8375 4608
0.88125 0.8375 4620
0.88125 0.8375 4626
0.88125 0.8375 4626
0.88125 0.8375 4626
0.88125 0.8375 4626
0.88125 0.8375 4626
0.88125 0.8375 4626
0.88125 0.834375 4632
0.88125 0.83125 4634
0.88125 0.83125 4634
0.88125 0.83125 4634
0.88125 0.83125 4634
0.88125 0.83125 4634
0.88125 0.834375 4634
0.88125 0.834375 4634
0.88125 0.834375 4634
0.88125 0.834375 4634
0.88125 0.834375 4634
0.88125 0.834375 4634
0.88125 0.834375 4634
0.88125 0.834375 4640
0.88125 0.8375 4646
0.88125 0.8375 4646
0.88125 0.8375 4648
0.88125 0.8375 4650
0.88125 0.8375 4650
0.88125 0.8375 4650
0.88125 0.8375 4656
0.88125 0.8375 4658
0.88125 0.8375 4658
0.88125 0.8375 4658
0.88125 0.8375 4658
0.88125 0.8375 4658
0.88125 0.8375 4658
0.88125 0.8375 4658
0.88125 0.834375 4678
0.88125 0.834375 4678
0.88125 0.834375 4678
0.88125 0.834375 4678
0.88125 0.834375 4678
0.88125 0.834375 4678
0.88125 0.828125 4678
0.88125 0.83125 4680
0.88125 0.834375 4686
0.88125 0.834375 4686
0.88125 0.834375 4686
0.88125 0.828125 4692
0.88125 0.828125 4694
0.88125 0.821875 4694
0.88125 0.821875 4694
0.88125 0.821875 4694
0.88125 0.821875 4694
0.88125 0.81875 4694
0.88125 0.81875 4694
0.88125 0.81875 4694
0.88125 0.825 4694
0.88125 0.83125 4700
0.88125 0.83125 4700
0.88125 0.834375 4700
0.88125 0.83125 4700
0.88125 0.83125 4702
0.88125 0.83125 4702
0.88125 0.83125 4702
0.88125 0.83125 4702
0.88125 0.83125 4702
0.88125 0.83125 4704
0.88125 0.83125 4704
0.88125 0.828125 4704
0.88125 0.828125 4704
0.88125 0.828125 4704
0.88125 0.834375 4706
0.88125 0.834375 4706
0.88125 0.834375 4706
0.88125 0.834375 4706
0.88125 0.834375 4706
0.88125 0.834375 4706
0.88125 0.834375 4706
0.88125 0.834375 4706
0.88125 0.834375 4706
0.88125 0.834375 4706
0.88125 0.834375 4706
0.88125 0.83125 4706
0.88125 0.83125 4706
0.878125 0.825 4726
0.878125 0.821875 4726
0.878125 0.821875 4726
0.878125 0.821875 4726
0.878125 0.821875 4726
0.878125 0.821875 4726
0.878125 0.821875 4726
0.878125 0.81875 4726
0.878125 0.815625 4726
0.878125 0.8125 4726
0.878125 0.8125 4726
0.878125 0.81875 4756
0.878125 0.81875 4756
0.878125 0.81875 4756
0.878125 0.8125 4768
0.875 0.8125 4774
0.875 0.8125 4774
0.875 0.8125 4774
0.875 0.81875 4776
0.875 0.81875 4782
0.875 0.81875 4782
0.875 0.81875 4782
0.875 0.81875 4782
0.875 0.821875 4788
0.875 0.825 4788
0.875 0.825 4788
0.875 0.825 4788
0.875 0.825 4788
0.871875 0.825 4800
0.871875 0.825 4800
0.871875 0.825 4800
0.871875 0.825 4802
0.871875 0.81875 4804
0.871875 0.81875 4806
0.871875 0.821875 4818
0.871875 0.821875 4818
0.871875 0.825 4820
0.871875 0.825 4820
0.871875 0.825 4820
0.871875 0.825 4820
0.871875 0.825 4820
0.871875 0.825 4820
0.871875 0.821875 4826
0.871875 0.81875 4826
0.871875 0.81875 4828
0.871875 0.81875 4828
0.871875 0.81875 4830
0.871875 0.81875 4830
0.871875 0.81875 4830
0.871875 0.81875 4830
0.871875 0.81875 4830
0.871875 0.821875 4830
0.871875 0.821875 4842
0.871875 0.821875 4842
0.871875 0.81875 4854
0.871875 0.81875 4854
0.871875 0.81875 4854
0.871875 0.81875 4854
0.871875 0.81875 4854
0.871875 0.81875 4854
0.871875 0.81875 4854
0.871875 0.81875 4854
0.871875 0.81875 4854
0.871875 0.81875 4854
0.871875 0.81875 4854
0.871875 0.81875 4854
0.871875 0.81875 4874
0.871875 0.81875 4874
0.871875 0.81875 4874
0.871875 0.8125 4874
0.871875 0.8125 4880
0.871875 0.8125 4880
0.871875 0.8125 4880
0.871875 0.81875 4880
0.871875 0.81875 4882
0.871875 0.81875 4882
0.871875 0.81875 4882
0.871875 0.81875 4882
0.871875 0.81875 4882
0.871875 0.81875 4882
0.871875 0.81875 4882
0.871875 0.81875 4882
0.871875 0.81875 4894
0.871875 0.81875 4894
0.871875 0.81875 4894
0.871875 0.81875 4894
0.871875 0.81875 4894
0.871875 0.821875 4894
0.871875 0.821875 4894
0.871875 0.821875 4894
0.871875 0.821875 4894
0.871875 0.821875 4894
0.871875 0.821875 4894
0.871875 0.821875 4894
0.871875 0.821875 4894
0.871875 0.821875 4894
0.871875 0.821875 4894
0.871875 0.821875 4896
0.871875 0.825 4898
0.871875 0.825 4898
0.871875 0.825 4900
0.871875 0.825 4900
0.871875 0.825 4900
0.871875 0.825 4906
0.871875 0.825 4906
0.871875 0.825 4906
0.871875 0.825 4906
0.871875 0.821875 4918
0.871875 0.81875 4974
0.871875 0.81875 4974
0.871875 0.81875 4974
0.871875 0.825 4974
0.871875 0.825 4974
0.871875 0.825 4974
0.871875 0.825 4974
0.871875 0.825 4974
0.871875 0.825 4974
0.871875 0.825 4974
0.871875 0.825 4974
0.871875 0.825 4980
0.871875 0.825 4980
0.875 0.825 4992
0.875 0.825 4992
0.875 0.825 4992
0.875 0.825 5012
0.875 0.825 5012
0.875 0.825 5012
0.875 0.825 5012
0.875 0.821875 5012
0.875 0.821875 5012
0.875 0.821875 5018
0.875 0.821875 5018
0.875 0.821875 5020
0.875 0.821875 5022
0.875 0.821875 5028
0.875 0.821875 5028
0.875 0.825 5028
0.875 0.825 5030
0.875 0.825 5030
0.875 0.825 5030
0.88125 0.825 5086
0.88125 0.825 5086
0.88125 0.825 5086
0.88125 0.825 5086
0.88125 0.825 5086
0.88125 0.825 5086
0.88125 0.825 5086
0.88125 0.825 5088
0.88125 0.825 5088
0.88125 0.825 5100
0.88125 0.825 5100
0.88125 0.825 5112
0.88125 0.825 5132
0.88125 0.825 5138
0.88125 0.825 5138
0.88125 0.825 5138
0.88125 0.825 5138
0.88125 0.825 5138
0.88125 0.825 5140
0.88125 0.825 5140
0.88125 0.825 5152
0.88125 0.825 5152
0.88125 0.825 5152
0.88125 0.825 5158
0.8875 0.83125 5214
0.8875 0.83125 5214
0.8875 0.83125 5214
0.8875 0.83125 5214
0.8875 0.83125 5214
0.8875 0.83125 5214
0.8875 0.83125 5214
0.8875 0.83125 5216
0.8875 0.83125 5216
0.8875 0.83125 5216
0.890625 0.828125 5258
0.890625 0.828125 5258
0.890625 0.828125 5258
0.890625 0.828125 5260
0.890625 0.828125 5260
0.890625 0.828125 5262
0.890625 0.828125 5262
0.890625 0.825 5268
0.890625 0.825 5270
0.890625 0.825 5270
0.890625 0.825 5270
0.890625 0.83125 5270
0.890625 0.83125 5270
0.890625 0.8375 5272
0.890625 0.834375 5274
0.890625 0.834375 5274
0.890625 0.834375 5274
0.890625 0.834375 5276
0.890625 0.834375 5276
0.890625 0.834375 5276
0.890625 0.8375 5282
0.890625 0.8375 5284
0.890625 0.8375 5284
0.890625 0.8375 5286
0.890625 0.8375 5306
0.890625 0.8375 5306
0.890625 0.8375 5306
0.890625 0.8375 5306
0.890625 0.8375 5306
0.890625 0.8375 5306
0.890625 0.8375 5306
0.890625 0.8375 5306
0.890625 0.8375 5306
0.890625 0.8375 5306
0.890625 0.8375 5306
0.890625 0.8375 5306
0.890625 0.8375 5306
0.890625 0.8375 5306
0.890625 0.8375 5306
0.890625 0.8375 5306
0.890625 0.8375 5306
0.890625 0.834375 5306
0.890625 0.834375 5306
0.890625 0.834375 5306
0.890625 0.834375 5306
0.890625 0.834375 5306
0.890625 0.834375 5306
0.890625 0.834375 5308
0.890625 0.834375 5308
0.890625 0.834375 5314
0.890625 0.834375 5314
0.890625 0.834375 5314
0.890625 0.834375 5314
0.890625 0.834375 5314
0.890625 0.834375 5316
0.890625 0.834375 5316
0.890625 0.834375 5316
0.890625 0.834375 5316
0.890625 0.834375 5316
0.890625 0.834375 5316
0.890625 0.83125 5316
0.890625 0.83125 5316
0.890625 0.83125 5316
0.890625 0.83125 5316
0.890625 0.83125 5322
0.890625 0.83125 5322
0.890625 0.825 5324
0.890625 0.83125 5324
0.890625 0.83125 5324
0.890625 0.825 5326
0.890625 0.825 5328
0.890625 0.825 5330
0.890625 0.825 5330
0.890625 0.825 5330
0.890625 0.825 5330
0.890625 0.825 5330
0.890625 0.825 5330
0.890625 0.825 5330
0.890625 0.825 5330
0.890625 0.825 5330
0.890625 0.825 5332
0.890625 0.825 5332
0.890625 0.828125 5334
0.890625 0.828125 5354
0.890625 0.828125 5356
0.890625 0.828125 5356
0.890625 0.828125 5356
0.890625 0.825 5356
0.890625 0.825 5356
0.890625 0.83125 5356
0.890625 0.83125 5356
0.890625 0.83125 5356
0.890625 0.83125 5356
0.890625 0.83125 5356
0.890625 0.83125 5358
0.890625 0.83125 5358
0.890625 0.83125 5358
0.890625 0.83125 5360
0.884375 0.83125 5390
0.884375 0.83125 5390
0.884375 0.83125 5390
0.884375 0.83125 5392
0.884375 0.83125 5394
0.884375 0.83125 5394
0.884375 0.83125 5394
0.884375 0.83125 5394
0.884375 0.83125 5394
0.884375 0.83125 5394
0.884375 0.83125 5394
0.884375 0.83125 5396
0.884375 0.83125 5396
0.884375 0.83125 5396
0.884375 0.83125 5396
0.884375 0.83125 5396
0.884375 0.83125 5398
0.884375 0.83125 5398
0.884375 0.83125 5400
0.884375 0.83125 5400
0.884375 0.83125 5400
0.884375 0.83125 5400
0.884375 0.83125 5400
0.884375 0.83125 5400
0.884375 0.83125 5400
0.884375 0.83125 5430
0.884375 0.83125 5430
0.884375 0.83125 5430
0.884375 0.834375 5430
0.884375 0.834375 5432
0.884375 0.834375 5432
0.884375 0.834375 5432
0.884375 0.834375 5432
0.884375 0.834375 5432
0.884375 0.834375 5432
0.884375 0.834375 5432
0.884375 0.834375 5438
0.884375 0.834375 5440
0.884375 0.834375 5440
0.884375 0.83125 5442
0.884375 0.828125 5448
0.884375 0.828125 5450
0.884375 0.828125 5456
0.8875 0.81875 5512
0.8875 0.81875 5512
0.8875 0.81875 5512
0.8875 0.81875 5512
0.8875 0.81875 5512
0.8875 0.81875 5512
0.8875 0.81875 5512
0.8875 0.81875 5512
0.8875 0.81875 5524
0.8875 0.81875 5524
0.8875 0.81875 5524
0.8875 0.81875 5524
0.8875 0.81875 5524
0.8875 0.81875 5524
0.8875 0.81875 5526
0.8875 0.81875 5526
0.8875 0.81875 5526
0.8875 0.81875 5528
0.8875 0.81875 5528
0.8875 0.81875 5530
0.8875 0.81875 5530
0.8875 0.81875 5530
0.8875 0.81875 5530
0.8875 0.81875 5530
0.8875 0.81875 5530
0.8875 0.81875 5530
0.8875 0.81875 5536
0.8875 0.81875 5536
0.8875 0.81875 5536
0.8875 0.81875 5536
0.8875 0.81875 5536
0.8875 0.81875 5536
0.8875 0.81875 5536
0.8875 0.81875 5538
0.8875 0.81875 5540
0.8875 0.81875 5540
0.8875 0.81875 5540
0.8875 0.81875 5542
0.8875 0.81875 5542
0.8875 0.81875 5542
0.8875 0.81875 5562
0.8875 0.81875 5564
0.8875 0.81875 5564
0.8875 0.81875 5564
0.8875 0.81875 5564
0.8875 0.81875 5566
0.8875 0.81875 5566
0.8875 0.81875 5566
0.8875 0.81875 5566
0.8875 0.81875 5566
0.8875 0.81875 5568
0.8875 0.81875 5570
0.8875 0.81875 5570
0.8875 0.81875 5570
0.8875 0.81875 5570
0.8875 0.81875 5570
0.8875 0.81875 5570
0.8875 0.81875 5572
0.8875 0.81875 5572
0.8875 0.81875 5572
0.8875 0.81875 5572
0.8875 0.81875 5572
0.8875 0.81875 5572
0.8875 0.81875 5574
0.8875 0.81875 5576
0.8875 0.81875 5576
0.8875 0.81875 5578
0.8875 0.81875 5578
0.8875 0.81875 5584
0.8875 0.81875 5596
0.8875 0.825 5596
0.8875 0.825 5596
0.8875 0.825 5596
0.8875 0.825 5596
0.8875 0.825 5596
0.8875 0.825 5596
0.8875 0.825 5596
0.8875 0.825 5596
0.8875 0.825 5596
0.8875 0.825 5598
0.8875 0.825 5598
0.8875 0.81875 5610
0.8875 0.81875 5610
0.8875 0.81875 5610
0.8875 0.81875 5610
0.8875 0.81875 5610
0.8875 0.81875 5610
0.8875 0.81875 5610
0.8875 0.81875 5610
0.8875 0.81875 5610
0.8875 0.81875 5610
0.8875 0.81875 5612
0.8875 0.81875 5612
0.8875 0.81875 5612
0.8875 0.81875 5612
0.8875 0.81875 5612
0.8875 0.81875 5612
0.8875 0.81875 5612
0.8875 0.81875 5612
0.8875 0.81875 5612
0.8875 0.81875 5612
0.8875 0.81875 5612
0.8875 0.81875 5612
0.8875 0.81875 5612
0.8875 0.81875 5614
0.8875 0.81875 5614
0.8875 0.81875 5620
0.8875 0.81875 5620
0.8875 0.81875 5622
0.8875 0.81875 5622
0.8875 0.81875 5622
0.8875 0.81875 5622
0.8875 0.81875 5622
0.8875 0.81875 5622
0.8875 0.81875 5622
0.8875 0.81875 5652
0.8875 0.81875 5652
0.8875 0.81875 5652
0.8875 0.81875 5652
0.8875 0.81875 5654
0.8875 0.81875 5656
0.8875 0.81875 5656
0.8875 0.81875 5656
0.8875 0.81875 5656
0.8875 0.81875 5656
0.8875 0.81875 5656
0.8875 0.81875 5656
0.8875 0.81875 5658
0.8875 0.825 5678
0.8875 0.825 5680
0.890625 0.825 5710
0.890625 0.825 5710
0.890625 0.825 5710
0.890625 0.825 5710
0.890625 0.825 5710
0.890625 0.825 5722
0.890625 0.825 5722
0.890625 0.825 5728
0.890625 0.825 5728
0.890625 0.825 5734
0.890625 0.825 5734
0.890625 0.825 5734
0.890625 0.825 5734
0.890625 0.825 5734
0.890625 0.825 5736
0.890625 0.825 5736
0.890625 0.825 5736
0.890625 0.825 5736
0.890625 0.825 5742
0.890625 0.825 5742
0.890625 0.825 5742
0.890625 0.825 5742
0.890625 0.825 5874
0.890625 0.825 5874
0.890625 0.825 5874
0.890625 0.825 5874
0.890625 0.825 5874
0.890625 0.825 5874
0.890625 0.825 5874
0.890625 0.825 5874
0.890625 0.825 5876
0.890625 0.825 5876
0.890625 0.825 5876
0.890625 0.825 5876
0.890625 0.825 5876
0.890625 0.825 5876
0.890625 0.825 5882
0.896875 0.8375 5888
0.896875 0.8375 5888
0.896875 0.8375 5888
0.896875 0.8375 5888
0.896875 0.8375 5888
0.896875 0.8375 5888
0.896875 0.8375 5888
0.896875 0.8375 5888
0.896875 0.8375 5894
0.896875 0.8375 5894
0.896875 0.8375 5894
0.896875 0.8375 5900
0.896875 0.8375 5902
0.896875 0.8375 5902
0.896875 0.8375 5902
0.896875 0.8375 5904
0.896875 0.8375 5916
0.896875 0.8375 5916
0.896875 0.8375 5918
0.896875 0.8375 5918
0.896875 0.8375 5920
0.896875 0.8375 5920
0.896875 0.8375 5920
0.896875 0.8375 5920
0.896875 0.8375 5920
0.896875 0.8375 5920
0.896875 0.84375 5920
0.896875 0.84375 5920
0.896875 0.84375 5920
0.896875 0.840625 5920
0.896875 0.840625 5920
0.896875 0.8375 5920
0.896875 0.8375 5922
0.896875 0.8375 5922
0.896875 0.834375 5922
0.896875 0.834375 5922
0.896875 0.825 5922
0.890625 0.825 5934
0.890625 0.825 5934
0.890625 0.825 5934
0.890625 0.825 5934
0.890625 0.825 5934
0.890625 0.825 5934
0.890625 0.825 5934
0.890625 0.83125 5940
0.890625 0.83125 5982
0.890625 0.8375 5988
0.890625 0.83125 6000
0.890625 0.83125 6000
0.890625 0.83125 6000
0.890625 0.83125 6000
0.890625 0.821875 6030
0.890625 0.821875 6030
0.890625 0.825 6030
0.890625 0.825 6030
0.890625 0.825 6030
0.890625 0.825 6032
0.890625 0.825 6032
0.890625 0.825 6032
0.890625 0.825 6032
0.890625 0.825 6034
0.890625 0.825 6034
0.890625 0.825 6034
0.890625 0.825 6034
0.890625 0.825 6046
0.890625 0.83125 6118
0.890625 0.83125 6130
0.890625 0.83125 6130
0.890625 0.83125 6130
0.890625 0.83125 6130
0.890625 0.83125 6130
0.890625 0.83125 6186
0.890625 0.83125 6188
0.890625 0.83125 6188
0.890625 0.83125 6194
0.890625 0.83125 6194
0.890625 0.83125 6194
0.890625 0.83125 6194
0.890625 0.83125 6214
0.890625 0.83125 6214
0.890625 0.83125 6214
0.890625 0.83125 6214
0.890625 0.83125 6214
0.890625 0.83125 6214
0.890625 0.83125 6214
0.890625 0.83125 6214
0.890625 0.83125 6214
0.890625 0.83125 6214
0.890625 0.83125 6214
0.890625 0.83125 6214
0.890625 0.83125 6214
0.890625 0.83125 6214
0.890625 0.83125 6214
0.890625 0.83125 6214
0.890625 0.83125 6214
0.890625 0.83125 6214
0.890625 0.83125 6214
0.890625 0.83125 6214
0.890625 0.83125 6214
0.890625 0.83125 6214
0.890625 0.83125 6214
0.890625 0.83125 6214
0.890625 0.83125 6216
0.890625 0.83125 6216
0.890625 0.8375 6222
0.890625 0.8375 6222
0.890625 0.8375 6222
0.8875 0.83125 6252
0.8875 0.83125 6252
0.8875 0.83125 6252
0.8875 0.83125 6272
0.8875 0.83125 6272
0.8875 0.83125 6274
0.8875 0.83125 6274
0.8875 0.83125 6276
0.8875 0.83125 6296
0.8875 0.83125 6296
0.8875 0.83125 6296
0.8875 0.83125 6296
0.8875 0.83125 6296
0.8875 0.83125 6296
0.8875 0.83125 6296
0.8875 0.83125 6296
0.8875 0.825 6298
0.8875 0.825 6298
0.8875 0.825 6310
0.8875 0.825 6310
0.8875 0.825 6310
0.8875 0.83125 6330
0.8875 0.83125 6330
0.8875 0.83125 6330
0.8875 0.83125 6330
0.8875 0.83125 6332
0.8875 0.83125 6332
0.8875 0.83125 6334
0.8875 0.83125 6336
0.8875 0.83125 6336
0.8875 0.83125 6336
0.8875 0.83125 6336
0.8875 0.83125 6336
0.8875 0.83125 6338
0.8875 0.83125 6338
0.8875 0.83125 6338
0.8875 0.83125 6338
0.8875 0.83125 6338
0.8875 0.83125 6340
0.8875 0.825 6352
0.8875 0.825 6352
0.884375 0.825 6354
0.884375 0.825 6354
0.884375 0.825 6354
0.884375 0.825 6354
0.884375 0.821875 6354
0.884375 0.821875 6356
0.884375 0.821875 6356
0.884375 0.81875 6358
0.884375 0.81875 6358
0.884375 0.81875 6358
0.884375 0.81875 6358
0.884375 0.81875 6364
0.884375 0.81875 6364
0.884375 0.81875 6364
0.884375 0.81875 6366
0.884375 0.81875 6366
0.884375 0.81875 6366
0.884375 0.825 6368
0.884375 0.825 6368
0.884375 0.825 6368
0.884375 0.825 6368
0.884375 0.825 6368
0.884375 0.825 6368
0.884375 0.825 6370
0.884375 0.83125 6370
0.884375 0.83125 6376
0.884375 0.83125 6376
0.884375 0.83125 6376
0.884375 0.83125 6376
0.884375 0.83125 6378
0.884375 0.83125 6378
0.884375 0.83125 6378
0.884375 0.83125 6378
0.884375 0.83125 6380
0.884375 0.83125 6380
0.884375 0.83125 6380
0.884375 0.83125 6380
0.884375 0.83125 6380
0.884375 0.83125 6386
0.884375 0.83125 6386
0.884375 0.83125 6392
0.884375 0.83125 6392
0.884375 0.83125 6422
0.884375 0.83125 6422
0.884375 0.83125 6428
0.884375 0.83125 6428
0.884375 0.83125 6428
0.884375 0.83125 6428
0.884375 0.83125 6428
0.884375 0.83125 6428
0.8875 0.83125 6458
0.8875 0.83125 6460
0.890625 0.83125 6472
0.890625 0.83125 6472
0.890625 0.83125 6478
0.890625 0.83125 6480
0.890625 0.83125 6480
0.890625 0.83125 6480
0.890625 0.83125 6480
0.890625 0.83125 6480
0.890625 0.83125 6480
0.890625 0.83125 6480
0.890625 0.83125 6480
0.890625 0.84375 6522
0.890625 0.84375 6522
0.890625 0.84375 6542
0.890625 0.84375 6542
0.890625 0.84375 6542
0.890625 0.84375 6542
0.890625 0.84375 6542
0.890625 0.84375 6542
0.890625 0.84375 6542
0.890625 0.84375 6548
0.890625 0.84375 6554
0.890625 0.84375 6554
0.890625 0.84375 6554
0.890625 0.840625 6554
0.890625 0.840625 6554
0.890625 0.840625 6554
0.890625 0.840625 6554
0.890625 0.840625 6554
0.890625 0.840625 6554
0.88125 0.840625 6596
0.88125 0.840625 6596
0.88125 0.840625 6596
0.88125 0.840625 6596
0.88125 0.840625 6598
0.88125 0.840625 6598
0.88125 0.840625 6598
0.88125 0.840625 6604
0.88125 0.840625 6604
0.88125 0.840625 6604
0.88125 0.840625 6604
0.88125 0.8375 6610
0.88125 0.8375 6610
0.88125 0.8375 6612
0.88125 0.8375 6612
0.88125 0.8375 6612
0.88125 0.8375 6612
0.88125 0.8375 6612
0.88125 0.8375 6612
0.88125 0.8375 6618
0.88125 0.8375 6618
0.884375 0.84375 6660
0.884375 0.84375 6660
0.884375 0.84375 6660
0.884375 0.84375 6660
0.884375 0.84375 6660
0.884375 0.84375 6660
0.884375 0.84375 6660
0.884375 0.84375 6660
0.884375 0.84375 6660
0.884375 0.84375 6660
0.884375 0.84375 6660
0.884375 0.84375 6660
0.884375 0.84375 6660
0.884375 0.84375 6660
0.884375 0.84375 6660
0.884375 0.84375 6660
0.884375 0.84375 6660
0.884375 0.84375 6660
0.884375 0.84375 6660
0.884375 0.84375 6660
0.884375 0.84375 6660
0.884375 0.8375 6662
0.884375 0.8375 6662
0.884375 0.8375 6662
0.884375 0.8375 6668
0.884375 0.8375 6668
0.884375 0.8375 6668
0.884375 0.8375 6668
0.884375 0.8375 6674
0.884375 0.8375 6680
0.884375 0.8375 6682
0.884375 0.8375 6682
0.884375 0.8375 6682
0.884375 0.8375 6682
0.884375 0.8375 6682
0.884375 0.8375 6682
0.884375 0.8375 6688
0.884375 0.8375 6688
0.884375 0.8375 6694
0.884375 0.8375 6694
0.884375 0.8375 6696
0.884375 0.8375 6696
0.884375 0.8375 6696
0.884375 0.8375 6696
0.884375 0.8375 6696
0.884375 0.8375 6696
0.884375 0.8375 6696
0.884375 0.83125 6702
0.884375 0.83125 6702
0.884375 0.83125 6702
0.884375 0.83125 6702
0.884375 0.83125 6702
0.884375 0.83125 6702
0.884375 0.83125 6702
0.884375 0.83125 6704
0.884375 0.83125 6704
0.884375 0.83125 6706
0.884375 0.83125 6708
0.884375 0.83125 6708
0.884375 0.83125 6708
0.884375 0.83125 6710
0.884375 0.83125 6710
0.884375 0.83125 6712
0.884375 0.83125 6712
0.884375 0.83125 6712
0.884375 0.83125 6712
0.884375 0.83125 6712
0.884375 0.83125 6712
0.884375 0.83125 6712
0.884375 0.83125 6732
0.884375 0.83125 6734
0.884375 0.83125 6734
0.884375 0.83125 6734
0.884375 0.83125 6734
0.884375 0.83125 6734
0.884375 0.83125 6734
0.884375 0.83125 6736
0.884375 0.8375 6736
0.884375 0.8375 6736
0.884375 0.8375 6736
0.884375 0.8375 6738
0.884375 0.8375 6738
0.884375 0.8375 6738
0.884375 0.8375 6738
0.884375 0.8375 6738
0.884375 0.8375 6738
0.884375 0.8375 6738
0.884375 0.8375 6738
0.884375 0.8375 6738
0.884375 0.8375 6738
0.884375 0.8375 6738
0.884375 0.8375 6738
0.884375 0.8375 6740
0.884375 0.8375 6740
0.884375 0.8375 6740
0.884375 0.8375 6742
0.884375 0.8375 6742
0.884375 0.8375 6742
0.884375 0.8375 6742
0.884375 0.8375 6748
0.884375 0.8375 6748
0.884375 0.8375 6750
0.884375 0.825 6770
0.884375 0.825 6770
0.884375 0.825 6770
0.884375 0.825 6776
0.884375 0.825 6776
0.884375 0.825 6776
0.884375 0.828125 6778
0.884375 0.828125 6778
0.884375 0.828125 6778
0.884375 0.828125 6778
0.884375 0.828125 6778
0.884375 0.828125 6778
0.884375 0.828125 6778
0.884375 0.828125 6784
0.884375 0.825 6784
0.884375 0.825 6784
0.884375 0.825 6784
0.884375 0.825 6786
0.884375 0.825 6788
0.884375 0.825 6788
0.884375 0.825 6788
0.884375 0.825 6788
0.884375 0.825 6790
0.884375 0.828125 6790
0.884375 0.825 6790
0.884375 0.825 6790
0.8875 0.825 6880
0.8875 0.825 6880
0.8875 0.825 6880
0.8875 0.825 6882
0.8875 0.825 6882
0.890625 0.825 6924
0.890625 0.825 6924
0.890625 0.825 6924
0.890625 0.825 6924
0.890625 0.825 6924
0.890625 0.825 6924
0.890625 0.825 6924
0.890625 0.825 6930
0.890625 0.825 6932
0.890625 0.825 6932
0.890625 0.825 6932
0.890625 0.825 6932
0.890625 0.825 6934
0.890625 0.825 6934
0.890625 0.825 6934
0.890625 0.825 6934
0.890625 0.825 6940
0.890625 0.825 6942
0.890625 0.825 6942
0.890625 0.825 6954
0.890625 0.825 6954
0.890625 0.825 6954
0.890625 0.825 6954
0.890625 0.825 6954
0.890625 0.825 6954
0.890625 0.825 6954
0.890625 0.825 6954
0.890625 0.825 6954
0.890625 0.825 6960
0.890625 0.825 6960
0.890625 0.825 6960
0.890625 0.825 6960
0.890625 0.825 6960
0.890625 0.825 6960
0.890625 0.825 6960
0.890625 0.825 6962
0.890625 0.825 6962
0.890625 0.825 6964
0.890625 0.825 6964
0.890625 0.825 6964
0.890625 0.825 6964
0.89375 0.83125 6976
0.89375 0.83125 7032
0.89375 0.83125 7034
0.89375 0.83125 7034
0.89375 0.83125 7034
0.89375 0.83125 7034
0.89375 0.83125 7034
0.89375 0.83125 7034
0.89375 0.83125 7040
0.89375 0.83125 7096
0.89375 0.83125 7096
0.89375 0.83125 7096
0.89375 0.83125 7096
0.89375 0.83125 7096
0.89375 0.83125 7096
0.89375 0.83125 7096
0.89375 0.83125 7096
0.89375 0.83125 7096
0.89375 0.83125 7096
0.890625 0.83125 7108
0.890625 0.83125 7108
0.890625 0.83125 7108
0.890625 0.83125 7108
0.890625 0.83125 7108
0.890625 0.83125 7108
0.890625 0.83125 7108
0.890625 0.83125 7108
0.890625 0.83125 7108
0.890625 0.83125 7108
0.890625 0.83125 7108
0.890625 0.83125 7108
0.890625 0.83125 7120
0.890625 0.83125 7120
0.890625 0.83125 7120
0.890625 0.83125 7120
0.890625 0.83125 7120
0.890625 0.83125 7132
0.890625 0.83125 7132
0.890625 0.83125 7134
0.890625 0.83125 7134
0.890625 0.83125 7140
0.890625 0.83125 7142
0.890625 0.83125 7154
0.890625 0.83125 7154
0.890625 0.83125 7154
0.890625 0.83125 7154
0.890625 0.83125 7166
0.890625 0.83125 7166
0.890625 0.83125 7166
0.890625 0.83125 7166
0.890625 0.83125 7172
0.890625 0.83125 7172
0.890625 0.83125 7172
0.890625 0.83125 7172
0.890625 0.83125 7178
0.890625 0.83125 7180
0.890625 0.83125 7180
0.890625 0.83125 7180
0.890625 0.83125 7180
0.890625 0.83125 7180
0.890625 0.83125 7182
0.890625 0.83125 7182
0.890625 0.83125 7182
0.890625 0.83125 7182
0.890625 0.83125 7182
0.890625 0.83125 7182
0.890625 0.83125 7182
0.890625 0.83125 7182
0.890625 0.83125 7182
0.890625 0.83125 7182
0.890625 0.83125 7182
0.890625 0.83125 7182
0.890625 0.83125 7182
0.890625 0.83125 7182
0.890625 0.83125 7182
0.890625 0.83125 7184
0.890625 0.83125 7184
0.890625 0.83125 7184
0.890625 0.83125 7184
0.890625 0.83125 7186
0.890625 0.83125 7186
0.890625 0.83125 7186
0.890625 0.83125 7186
0.890625 0.83125 7186
0.890625 0.83125 7186
0.890625 0.83125 7186
0.890625 0.83125 7198
0.890625 0.83125 7198
0.890625 0.83125 7198
0.890625 0.83125 7198
0.890625 0.83125 7198
0.890625 0.83125 7198
0.890625 0.83125 7198
0.890625 0.83125 7198
0.890625 0.83125 7198
0.890625 0.83125 7198
0.890625 0.83125 7218
0.890625 0.83125 7218
0.890625 0.83125 7220
0.890625 0.83125 7220
0.890625 0.83125 7220
0.890625 0.83125 7220
0.890625 0.83125 7226
0.890625 0.83125 7226
0.890625 0.83125 7232
0.890625 0.83125 7232
0.890625 0.83125 7234
0.890625 0.83125 7240
0.890625 0.83125 7240
0.890625 0.83125 7240
0.890625 0.83125 7240
0.890625 0.83125 7246
0.890625 0.83125 7246
0.890625 0.83125 7246
0.890625 0.83125 7246
0.890625 0.83125 7246
0.890625 0.83125 7246
0.890625 0.83125 7246
0.89375 0.83125 7276
0.89375 0.83125 7276
0.89375 0.83125 7276
0.89375 0.83125 7276
0.89375 0.83125 7276
0.89375 0.83125 7278
0.89375 0.83125 7278
0.890625 0.83125 7280
0.890625 0.83125 7280
0.890625 0.83125 7280
0.890625 0.83125 7280
0.890625 0.83125 7280
0.890625 0.83125 7280
0.890625 0.83125 7280
0.890625 0.83125 7280
0.890625 0.83125 7280
0.890625 0.83125 7280
0.890625 0.83125 7280
0.890625 0.83125 7280
0.890625 0.83125 7292
0.890625 0.83125 7292
0.890625 0.83125 7292
0.890625 0.83125 7292
0.890625 0.83125 7292
0.890625 0.83125 7292
0.890625 0.83125 7292
0.890625 0.83125 7292
0.890625 0.83125 7292
0.890625 0.83125 7292
0.890625 0.83125 7292
0.890625 0.83125 7292
0.890625 0.83125 7292
0.890625 0.83125 7304
0.890625 0.83125 7304
0.890625 0.83125 7304
0.890625 0.83125 7306
0.890625 0.83125 7308
0.890625 0.83125 7308
0.890625 0.83125 7308
0.890625 0.83125 7328
0.890625 0.83125 7328
0.890625 0.83125 7328
0.890625 0.83125 7328
0.890625 0.83125 7328
0.890625 0.83125 7334
0.890625 0.83125 7334
0.890625 0.83125 7336
0.890625 0.83125 7338
0.890625 0.83125 7350
0.890625 0.83125 7350
0.890625 0.83125 7350
0.890625 0.83125 7350
0.890625 0.83125 7350
0.890625 0.83125 7362
0.890625 0.83125 7362
0.890625 0.83125 7362
0.890625 0.83125 7362
0.890625 0.83125 7362
0.890625 0.83125 7364
0.890625 0.83125 7364
0.890625 0.83125 7370
0.890625 0.83125 7382
0.890625 0.83125 7382
0.890625 0.83125 7382
0.890625 0.83125 7382
0.890625 0.83125 7394
0.890625 0.83125 7394
0.890625 0.83125 7394
0.890625 0.83125 7414
0.890625 0.83125 7416
0.890625 0.83125 7416
0.89375 0.83125 7436
0.89375 0.83125 7436
0.89375 0.83125 7436
0.89375 0.83125 7436
0.89375 0.83125 7436
0.89375 0.83125 7436
0.89375 0.83125 7436
0.89375 0.83125 7442
0.89375 0.83125 7442
0.89375 0.83125 7448
0.89375 0.83125 7450
0.89375 0.83125 7450
0.89375 0.83125 7450
0.89375 0.83125 7450
0.89375 0.83125 7456
0.89375 0.83125 7456
0.89375 0.83125 7456
0.89375 0.83125 7456
0.89375 0.83125 7456
0.89375 0.83125 7476
0.89375 0.83125 7476
0.89375 0.83125 7476
0.89375 0.83125 7476
0.89375 0.83125 7476
0.89375 0.83125 7476
0.89375 0.83125 7476
0.89375 0.83125 7476
0.89375 0.83125 7476
0.89375 0.83125 7476
0.89375 0.83125 7476
0.8875 0.83125 7518
0.8875 0.83125 7518
0.8875 0.83125 7524
0.8875 0.83125 7544
0.8875 0.83125 7546
0.8875 0.83125 7546
0.8875 0.83125 7546
0.8875 0.83125 7548
0.8875 0.83125 7548
0.8875 0.83125 7548
0.8875 0.83125 7548
0.8875 0.83125 7550
0.8875 0.83125 7550
0.8875 0.83125 7550
0.8875 0.83125 7550
0.8875 0.83125 7550
0.8875 0.83125 7550
0.8875 0.83125 7550
0.8875 0.83125 7550
0.8875 0.83125 7550
0.8875 0.83125 7556
0.8875 0.83125 7556
0.8875 0.83125 7556
0.8875 0.83125 7556
0.8875 0.83125 7556
0.8875 0.83125 7556
0.8875 0.83125 7556
0.8875 0.83125 7556
0.8875 0.83125 7556
0.8875 0.83125 7568
0.8875 0.83125 7568
0.8875 0.83125 7568
0.8875 0.83125 7568
0.8875 0.83125 7568
0.8875 0.83125 7570
0.8875 0.83125 7570
0.8875 0.83125 7570
0.8875 0.83125 7570
0.8875 0.83125 7572
0.8875 0.83125 7572
0.8875 0.83125 7572
0.8875 0.83125 7574
0.8875 0.83125 7574
0.8875 0.83125 7574
0.8875 0.83125 7574
0.8875 0.83125 7586
0.8875 0.83125 7586
0.8875 0.83125 7586
0.8875 0.83125 7592
0.8875 0.83125 7592
0.8875 0.83125 7598
0.8875 0.83125 7598
0.8875 0.83125 7598
0.8875 0.83125 7598
0.8875 0.83125 7598
0.8875 0.83125 7600
0.8875 0.83125 7600
0.8875 0.83125 7602
0.8875 0.83125 7602
0.8875 0.83125 7602
0.8875 0.83125 7602
0.8875 0.83125 7602
0.8875 0.83125 7602
0.8875 0.83125 7602
0.8875 0.83125 7602
0.8875 0.83125 7602
0.8875 0.83125 7602
0.8875 0.83125 7644
0.8875 0.83125 7646
0.8875 0.83125 7646
0.8875 0.83125 7646
0.878125 0.825 8152
0.878125 0.825 8152
0.878125 0.825 8152
0.878125 0.81875 8284
0.878125 0.81875 8286
0.878125 0.81875 8286
0.878125 0.81875 8286
0.878125 0.81875 8286
0.878125 0.81875 8288
0.878125 0.81875 8288
0.878125 0.81875 8288
0.878125 0.81875 8288
0.878125 0.81875 8288
0.878125 0.81875 8290
0.878125 0.81875 8290
0.878125 0.81875 8290
0.878125 0.81875 8290
0.878125 0.81875 8290
0.878125 0.81875 8290
0.878125 0.81875 8296
0.878125 0.81875 8296
0.878125 0.81875 8302
0.878125 0.81875 8322
0.878125 0.81875 8322
0.878125 0.81875 8322
0.878125 0.81875 8322
0.878125 0.81875 8322
0.878125 0.81875 8322
0.878125 0.81875 8324
0.878125 0.81875 8324
0.878125 0.81875 8324
0.878125 0.81875 8324
0.878125 0.81875 8324
0.878125 0.81875 8330
0.878125 0.81875 8330
0.878125 0.81875 8330
0.878125 0.81875 8330
0.878125 0.81875 8330
0.878125 0.81875 8332
0.878125 0.81875 8332
0.878125 0.81875 8332
0.878125 0.81875 8332
0.878125 0.81875 8332
0.878125 0.81875 8332
0.878125 0.81875 8332
0.878125 0.81875 8332
0.878125 0.81875 8332
0.878125 0.81875 8334
0.878125 0.81875 8334
0.878125 0.81875 8334
0.878125 0.81875 8334
0.878125 0.81875 8334
0.878125 0.81875 8334
0.878125 0.81875 8334
0.878125 0.81875 8334
0.878125 0.81875 8334
0.878125 0.81875 8336
0.878125 0.81875 8336
0.878125 0.81875 8336
0.878125 0.81875 8336
0.878125 0.81875 8338
0.878125 0.81875 8338
0.878125 0.81875 8344
0.878125 0.81875 8344
0.878125 0.81875 8344
0.878125 0.81875 8344
0.878125 0.81875 8344
0.878125 0.81875 8344
0.878125 0.81875 8344
0.878125 0.81875 8346
0.878125 0.81875 8352
0.878125 0.81875 8358
0.878125 0.81875 8358
0.878125 0.81875 8358
0.878125 0.81875 8358
0.878125 0.81875 8358
0.878125 0.81875 8360
0.878125 0.81875 8360
0.878125 0.81875 8360
0.878125 0.81875 8360
0.878125 0.81875 8362
0.878125 0.81875 8404
0.878125 0.81875 8404
0.878125 0.81875 8404
0.878125 0.81875 8404
0.878125 0.81875 8404
0.878125 0.81875 8404
0.878125 0.81875 8404
0.878125 0.81875 8406
0.878125 0.81875 8406
0.878125 0.81875 8412
0.878125 0.81875 8412
0.878125 0.81875 8412
0.878125 0.81875 8412
0.878125 0.81875 8412
0.878125 0.81875 8412
0.878125 0.81875 8414
0.878125 0.81875 8414
0.878125 0.81875 8414
0.878125 0.81875 8426
0.878125 0.81875 8426
0.878125 0.81875 8426
0.878125 0.81875 8426
0.878125 0.81875 8426
0.878125 0.81875 8426
0.88125 0.81875 8438
0.88125 0.81875 8438
0.88125 0.81875 8438
0.88125 0.81875 8438
0.88125 0.81875 8458
0.88125 0.81875 8458
0.88125 0.81875 8458
0.88125 0.81875 8458
0.88125 0.81875 8460
0.884375 0.81875 8516
0.884375 0.81875 8516
0.884375 0.81875 8516
0.884375 0.81875 8516
0.884375 0.81875 8516
0.884375 0.81875 8516
0.884375 0.81875 8546
0.884375 0.81875 8546
0.884375 0.81875 8546
0.884375 0.81875 8546
0.884375 0.81875 8546
0.884375 0.81875 8548
0.884375 0.81875 8590
0.884375 0.81875 8610
0.884375 0.81875 8610
0.88125 0.80625 8666
0.88125 0.80625 8666
0.884375 0.81875 8776
0.884375 0.81875 8796
0.884375 0.81875 8798
0.884375 0.81875 8800
0.884375 0.81875 8800
0.884375 0.81875 8800
0.884375 0.81875 8802
0.884375 0.81875 8804
0.884375 0.81875 8804
0.884375 0.81875 8804
0.884375 0.81875 8804
0.884375 0.81875 8810
0.884375 0.81875 8810
0.884375 0.81875 8810
0.884375 0.81875 8810
0.884375 0.81875 8810
0.884375 0.81875 8810
0.884375 0.81875 8812
0.884375 0.81875 8812
0.884375 0.81875 8812
0.884375 0.81875 8812
0.884375 0.81875 8812
0.884375 0.81875 8818
0.884375 0.81875 8818
0.884375 0.81875 8818
0.884375 0.81875 8818
0.884375 0.81875 8818
0.884375 0.81875 8928
0.884375 0.825 9000
0.884375 0.825 9000
0.884375 0.825 9042
0.884375 0.821875 9042
0.884375 0.821875 9042
0.884375 0.821875 9044
0.884375 0.821875 9044
0.884375 0.821875 9044
0.884375 0.821875 9044
0.884375 0.81875 9044
0.884375 0.81875 9044
0.884375 0.81875 9044
0.884375 0.81875 9044
0.884375 0.81875 9044
0.884375 0.81875 9044
0.884375 0.81875 9044
0.8875 0.81875 9074
0.8875 0.81875 9074
0.8875 0.81875 9074
0.8875 0.81875 9074
0.8875 0.81875 9074
0.8875 0.81875 9074
0.8875 0.81875 9074
0.8875 0.81875 9080
0.8875 0.81875 9080
0.8875 0.81875 9080
0.8875 0.81875 9080
0.8875 0.81875 9080
0.8875 0.81875 9080
0.8875 0.81875 9080
0.8875 0.81875 9080
0.8875 0.81875 9080
0.8875 0.81875 9100
0.8875 0.81875 9120
0.8875 0.81875 9122
0.8875 0.81875 9122
0.8875 0.81875 9122
0.8875 0.81875 9122
0.8875 0.81875 9122
0.8875 0.81875 9122
0.8875 0.81875 9122
0.8875 0.81875 9122
0.8875 0.81875 9122
0.8875 0.81875 9122
0.8875 0.81875 9122
0.8875 0.81875 9122
0.8875 0.81875 9122
0.890625 0.821875 9152
0.890625 0.821875 9152
0.890625 0.821875 9152
0.890625 0.821875 9152
0.890625 0.821875 9152
0.890625 0.821875 9152
0.890625 0.821875 9154
0.890625 0.821875 9154
0.890625 0.821875 9154
0.890625 0.821875 9154
0.890625 0.821875 9154
0.884375 0.825 9166
0.884375 0.825 9166
0.884375 0.825 9166
0.884375 0.825 9166
0.884375 0.825 9178
0.884375 0.825 9178
0.884375 0.825 9178
0.884375 0.825 9178
0.884375 0.825 9178
0.884375 0.825 9180
0.884375 0.825 9182
0.884375 0.825 9182
0.884375 0.825 9182
0.884375 0.825 9182
0.884375 0.825 9182
0.884375 0.825 9182
0.884375 0.825 9182
0.884375 0.825 9182
0.884375 0.825 9182
0.884375 0.825 9182
0.89375 0.825 9272
0.89375 0.825 9274
0.89375 0.825 9274
0.89375 0.825 9274
0.89375 0.825 9274
0.89375 0.825 9274
0.89375 0.825 9274
0.89375 0.825 9280
0.89375 0.825 9280
0.89375 0.825 9280
0.89375 0.81875 9280
0.89375 0.81875 9280
0.89375 0.81875 9280
0.89375 0.81875 9286
0.89375 0.81875 9286
0.89375 0.81875 9286
0.89375 0.81875 9286
0.89375 0.81875 9286
0.89375 0.81875 9286
0.89375 0.81875 9286
0.89375 0.81875 9286
0.89375 0.81875 9292
0.89375 0.81875 9294
0.89375 0.81875 9294
0.89375 0.81875 9294
0.89375 0.81875 9294
0.89375 0.81875 9294
0.89375 0.81875 9294
0.89375 0.81875 9294
0.89375 0.81875 9294
0.89375 0.81875 9294
0.89375 0.81875 9294
0.89375 0.81875 9294
0.89375 0.81875 9294
0.89375 0.81875 9294
0.89375 0.81875 9294
0.89375 0.81875 9294
0.89375 0.81875 9294
0.89375 0.81875 9296
0.89375 0.81875 9296
0.89375 0.81875 9296
0.89375 0.81875 9296
0.89375 0.81875 9298
0.89375 0.81875 9298
0.89375 0.81875 9298
0.89375 0.81875 9298
0.89375 0.81875 9298
0.89375 0.81875 9298
0.89375 0.81875 9310
0.89375 0.81875 9312
0.89375 0.81875 9312
0.89375 0.81875 9314
0.89375 0.81875 9314
0.89375 0.81875 9320
0.89375 0.81875 9320
0.89375 0.81875 9320
0.89375 0.81875 9320
0.89375 0.81875 9320
0.89375 0.81875 9320
0.89375 0.81875 9322
0.89375 0.81875 9342
0.89375 0.81875 9342
0.89375 0.81875 9342
0.89375 0.81875 9342
0.89375 0.81875 9362
0.89375 0.8125 9382
0.89375 0.8125 9382
0.89375 0.8125 9384
0.89375 0.8125 9384
0.89375 0.8125 9384
0.89375 0.8125 9384
0.89375 0.8125 9384
0.89375 0.8125 9384
0.89375 0.8125 9384
0.89375 0.8125 9384
0.89375 0.8125 9384
0.89375 0.8125 9390
0.89375 0.8125 9390
0.89375 0.8125 9390
0.89375 0.8125 9390
0.89375 0.8125 9392
0.89375 0.809375 9394
0.89375 0.8125 9424
0.89375 0.8125 9424
0.89375 0.8125 9424
0.89375 0.8125 9424
0.89375 0.8125 9426
0.89375 0.8125 9432
0.89375 0.8125 9432
0.89375 0.8125 9432
0.89375 0.8125 9432
0.89375 0.8125 9432
0.89375 0.8125 9432
0.89375 0.8125 9432
0.89375 0.8125 9432
0.89375 0.8125 9434
0.89375 0.8125 9434
0.89375 0.8125 9434
0.89375 0.8125 9434
0.89375 0.8125 9436
0.89375 0.8125 9436
0.89375 0.8125 9466
0.89375 0.8125 9508
0.89375 0.8125 9508
0.89375 0.8125 9514
0.89375 0.8125 9514
0.89375 0.8125 9514
0.89375 0.8125 9514
0.89375 0.8125 9514
0.89375 0.8125 9514
0.89375 0.8125 9520
0.89375 0.8125 9522
0.89375 0.8125 9522
0.89375 0.8125 9522
0.89375 0.8125 9522
0.89375 0.8125 9522
0.89375 0.8125 9524
0.89375 0.8125 9524
0.89375 0.8125 9524
0.89375 0.8125 9524
0.89375 0.8125 9524
0.89375 0.8125 9526
0.89375 0.8125 9526
0.89375 0.8125 9526
0.89375 0.8125 9526
0.89375 0.8125 9526
0.89375 0.8125 9526
0.89375 0.8125 9526
0.89375 0.8125 9526
0.89375 0.8125 9528
0.89375 0.8125 9528
0.89375 0.8125 9528
0.89375 0.8125 9528
0.89375 0.8125 9528
0.89375 0.8125 9530
0.89375 0.8125 9530
0.89375 0.8125 9530
0.89375 0.8125 9530
0.89375 0.8125 9536
0.89375 0.8125 9536
0.89375 0.8125 9536
0.89375 0.8125 9536
0.89375 0.8125 9536
0.89375 0.8125 9536
0.89375 0.8125 9536
0.89375 0.8125 9536
0.89375 0.8125 9538
0.89375 0.8125 9550
0.89375 0.8125 9552
0.89375 0.8125 9552
0.89375 0.8125 9552
0.89375 0.8125 9552
0.89375 0.8125 9552
0.89375 0.8125 9552
0.896875 0.825 9608
0.896875 0.825 9614
0.896875 0.825 9614
0.896875 0.825 9620
0.896875 0.825 9620
0.896875 0.825 9622
0.896875 0.825 9624
0.896875 0.825 9626
0.896875 0.825 9626
0.896875 0.825 9626
0.896875 0.825 9626
0.896875 0.825 9626
0.896875 0.825 9626
0.896875 0.825 9632
0.896875 0.825 9632
0.896875 0.825 9632
0.896875 0.825 9632
0.896875 0.825 9634
0.896875 0.825 9634
0.896875 0.825 9636
0.896875 0.825 9648
0.896875 0.825 9648
0.896875 0.825 9648
0.896875 0.825 9648
0.896875 0.825 9648
0.896875 0.825 9648
0.896875 0.825 9654
0.896875 0.821875 9654
0.896875 0.81875 9660
0.896875 0.81875 9660
0.896875 0.81875 9660
0.896875 0.81875 9660
0.896875 0.81875 9660
0.896875 0.81875 9660
0.896875 0.81875 9660
0.896875 0.81875 9662
0.896875 0.81875 9662
0.896875 0.81875 9662
0.896875 0.81875 9662
0.896875 0.81875 9662
0.896875 0.81875 9668
0.896875 0.81875 9670
0.896875 0.81875 9670
0.896875 0.81875 9672
0.896875 0.81875 9672
0.896875 0.81875 9672
0.89375 0.821875 9782
0.89375 0.81875 9784
0.89375 0.81875 9786
0.89375 0.81875 9786
0.89375 0.81875 9786
0.89375 0.81875 9788
0.89375 0.81875 9790
0.89375 0.81875 9790
0.89375 0.81875 9790
0.89375 0.81875 9810
0.89375 0.81875 9822
0.89375 0.81875 9822
0.89375 0.81875 9822
0.89375 0.81875 9822
0.89375 0.81875 9828
0.89375 0.81875 9828
0.89375 0.81875 9828
0.89375 0.81875 9830
0.89375 0.81875 9830
0.89375 0.81875 9832
0.89375 0.81875 9832
0.89375 0.8125 9862
0.89375 0.8125 9862
0.89375 0.8125 9862
0.89375 0.8125 9862
0.89375 0.8125 9874
0.89375 0.8125 9874
0.89375 0.8125 9874
0.89375 0.8125 9874
0.89375 0.8125 9874
0.89375 0.8125 9874
0.89375 0.8125 9874
0.89375 0.8125 9876
0.89375 0.8125 9876
0.89375 0.8125 9876
0.89375 0.8125 9888
0.89375 0.8125 9888
0.89375 0.8125 9888
0.89375 0.8125 9888
0.89375 0.8125 9890
0.89375 0.8125 9890
0.89375 0.8125 9890
0.89375 0.8125 9890
0.89375 0.8125 9890
0.89375 0.8125 9890
0.89375 0.8125 9892
0.89375 0.8125 9898
0.89375 0.8125 9928
0.89375 0.8125 9928
0.89375 0.8125 9928
0.89375 0.8125 9928
0.89375 0.8125 9928
0.89375 0.8125 9928
0.89375 0.8125 9928
0.89375 0.8125 9928
0.89375 0.8125 9928
0.89375 0.8125 9928
0.89375 0.80625 9984
0.89375 0.80625 9984
0.89375 0.80625 9984
0.89375 0.80625 9984
0.89375 0.80625 9984
0.89375 0.80625 9984
0.89375 0.80625 9984
0.89375 0.80625 9984
0.89375 0.80625 9984
0.89375 0.80625 9984
0.89375 0.80625 9986
0.89375 0.80625 9988
0.89375 0.80625 9988
0.89375 0.80625 9988
0.89375 0.80625 9988
0.89375 0.80625 9988
0.89375 0.80625 9990
0.89375 0.80625 9990
0.89375 0.80625 10002
0.89375 0.80625 10002
0.89375 0.80625 10002
0.89375 0.80625 10002
0.89375 0.80625 10002
0.89375 0.80625 10002
0.89375 0.80625 10002
0.89375 0.80625 10002
0.89375 0.80625 10004
0.89375 0.80625 10004
0.89375 0.80625 10004
0.89375 0.80625 10004
0.89375 0.80625 10004
0.89375 0.80625 10004
0.89375 0.80625 10004
0.89375 0.80625 10004
0.89375 0.80625 10004
0.89375 0.80625 10004
0.89375 0.80625 10004
0.89375 0.80625 10004
0.89375 0.80625 10004
0.89375 0.80625 10004
0.89375 0.80625 10010
0.89375 0.80625 10010
0.89375 0.8125 10010
0.89375 0.809375 10010
0.89375 0.809375 10012
0.89375 0.809375 10012
0.89375 0.809375 10014
0.89375 0.80625 10014
0.89375 0.80625 10034
0.89375 0.80625 10034
0.89375 0.80625 10034
0.89375 0.80625 10034
0.89375 0.80625 10034
0.89375 0.80625 10034
0.89375 0.80625 10046
0.89375 0.80625 10046
0.89375 0.80625 10048
0.89375 0.80625 10048
0.89375 0.80625 10048
0.89375 0.80625 10048
0.89375 0.80625 10048
0.89375 0.80625 10048
0.89375 0.8125 10050
0.89375 0.8125 10050
0.89375 0.8125 10050
0.89375 0.8125 10050
0.89375 0.8125 10050
0.89375 0.8125 10050
0.89375 0.8125 10050
0.89375 0.8125 10050
0.89375 0.8125 10050
0.89375 0.8125 10050
0.89375 0.8125 10062
0.89375 0.8125 10062
0.89375 0.8125 10062
0.89375 0.8125 10092
0.89375 0.8125 10092
0.89375 0.8125 10092
0.89375 0.8125 10094
0.89375 0.8125 10094
0.89375 0.8125 10094
0.89375 0.8125 10114
0.89375 0.8125 10116
0.89375 0.8125 10118
0.89375 0.8125 10118
0.89375 0.8125 10118
0.89375 0.8125 10118
0.89375 0.8125 10118
0.89375 0.81875 10138
0.89375 0.81875 10138
0.89375 0.81875 10138
0.89375 0.81875 10140
0.89375 0.81875 10140
0.89375 0.81875 10140
0.89375 0.81875 10142
0.89375 0.81875 10142
0.89375 0.81875 10144
0.89375 0.81875 10144
0.89375 0.81875 10144
0.89375 0.81875 10144
0.89375 0.81875 10144
0.89375 0.81875 10144
0.89375 0.81875 10144
0.89375 0.81875 10144
0.89375 0.81875 10144
0.89375 0.81875 10144
0.89375 0.81875 10144
0.89375 0.81875 10144
0.89375 0.81875 10144
0.89375 0.81875 10144
0.89375 0.81875 10150
0.89375 0.81875 10150
0.89375 0.81875 10156
0.89375 0.81875 10156
0.89375 0.81875 10156
0.89375 0.81875 10156
0.89375 0.81875 10158
0.89375 0.81875 10158
0.89375 0.81875 10158
0.89375 0.81875 10158
0.89375 0.81875 10160
0.89375 0.81875 10160
0.89375 0.81875 10160
0.89375 0.81875 10160
0.89375 0.81875 10166
0.89375 0.81875 10166
0.89375 0.81875 10166
0.89375 0.81875 10166
0.89375 0.81875 10178
0.89375 0.81875 10190
0.89375 0.81875 10190
0.89375 0.81875 10190
0.89375 0.81875 10190
0.89375 0.81875 10190
0.89375 0.81875 10202
0.89375 0.81875 10202
0.89375 0.81875 10202
0.89375 0.81875 10202
0.89375 0.81875 10202
0.89375 0.81875 10202
0.89375 0.81875 10202
0.89375 0.81875 10202
0.89375 0.81875 10222
0.89375 0.8125 10234
0.89375 0.8125 10240
0.89375 0.8125 10240
0.89375 0.81875 10270
0.89375 0.81875 10270
0.89375 0.81875 10270
0.89375 0.81875 10270
0.89375 0.81875 10270
0.89375 0.81875 10270
0.89375 0.81875 10270
0.89375 0.81875 10272
0.89375 0.81875 10278
0.89375 0.81875 10278
0.89375 0.81875 10290
0.89375 0.81875 10290
0.89375 0.81875 10290
0.89375 0.81875 10290
0.89375 0.81875 10290
0.89375 0.81875 10290
0.89375 0.81875 10290
0.89375 0.81875 10292
0.89375 0.81875 10292
0.89375 0.81875 10294
0.89375 0.81875 10294
0.89375 0.81875 10294
0.89375 0.81875 10294
0.89375 0.81875 10294
0.89375 0.815625 10300
0.89375 0.815625 10300
0.89375 0.815625 10300
0.89375 0.815625 10300
0.89375 0.815625 10300
0.89375 0.815625 10300
0.89375 0.8125 10302
0.89375 0.8125 10302
0.89375 0.8125 10308
0.89375 0.81875 10338
0.89375 0.81875 10338
0.89375 0.81875 10338
0.89375 0.81875 10350
0.89375 0.81875 10350
0.89375 0.81875 10350
0.89375 0.81875 10352
0.89375 0.81875 10352
0.89375 0.81875 10352
0.89375 0.81875 10352
0.89375 0.81875 10364
0.89375 0.81875 10364
0.89375 0.8125 10364
0.89375 0.8125 10364
0.89375 0.8125 10364
0.89375 0.8125 10364
0.89375 0.8125 10384
0.89375 0.8125 10384
0.89375 0.8125 10384
0.89375 0.8125 10390
0.89375 0.8125 10402
0.89375 0.8125 10402
0.89375 0.8125 10402
0.89375 0.8125 10402
0.89375 0.8125 10402
0.89375 0.8125 10402
0.89375 0.8125 10402
0.89375 0.8125 10402
0.89375 0.8125 10402
0.89375 0.8125 10402
0.89375 0.8125 10408
0.89375 0.8125 10408
0.89375 0.8125 10408
0.89375 0.8125 10408
0.89375 0.8125 10414
0.89375 0.8125 10414
0.89375 0.8125 10414
0.89375 0.8125 10414
0.89375 0.8125 10416
0.89375 0.8125 10416
0.89375 0.8125 10416
0.89375 0.8125 10416
0.89375 0.8125 10416
0.89375 0.8125 10418
0.89375 0.8125 10418
0.89375 0.8125 10418
0.89375 0.815625 10424
0.89375 0.815625 10426
0.89375 0.815625 10426
0.89375 0.815625 10426
0.89375 0.815625 10428
0.89375 0.815625 10428
0.89375 0.815625 10428
0.89375 0.815625 10430
0.89375 0.815625 10430
0.89375 0.815625 10430
0.89375 0.80625 10486
0.89375 0.80625 10486
0.89375 0.8125 10486
0.89375 0.8125 10486
0.89375 0.81875 10486
0.89375 0.81875 10486
0.89375 0.81875 10486
0.89375 0.8125 10486
0.89375 0.8125 10486
0.89375 0.8125 10488
0.89375 0.8125 10490
0.89375 0.8125 10490
0.89375 0.8125 10490
0.89375 0.8125 10490
0.89375 0.8125 10490
0.89375 0.8125 10490
0.89375 0.8125 10490
0.89375 0.80625 10490
0.89375 0.80625 10490
0.89375 0.80625 10490
0.89375 0.80625 10490
0.89375 0.80625 10490
0.89375 0.80625 10490
0.89375 0.80625 10490
0.89375 0.80625 10492
0.89375 0.80625 10492
0.89375 0.80625 10492
0.89375 0.80625 10492
0.89375 0.80625 10492
0.89375 0.80625 10492
0.89375 0.8125 10492
0.89375 0.8125 10498
0.89375 0.8125 10498
0.89375 0.8125 10498
0.89375 0.8125 10518
0.89375 0.8125 10518
0.89375 0.8125 10518
0.89375 0.8125 10518
0.89375 0.80625 10518
0.89375 0.80625 10518
0.89375 0.8125 10520
0.89375 0.8125 10520
0.89375 0.8125 10520
0.89375 0.8125 10520
0.89375 0.8125 10520
0.89375 0.8125 10520
0.89375 0.8125 10520
0.89375 0.8125 10520
0.89375 0.8125 10520
0.89375 0.8125 10520
0.89375 0.8125 10526
0.89375 0.8125 10526
0.89375 0.80625 10526
0.89375 0.80625 10528
0.89375 0.80625 10528
0.89375 0.80625 10540
0.89375 0.80625 10540
0.89375 0.80625 10540
0.89375 0.80625 10540
0.89375 0.80625 10540
0.89375 0.80625 10540
0.89375 0.80625 10542
0.89375 0.80625 10542
0.89375 0.80625 10548
0.89375 0.8125 10568
0.89375 0.8125 10568
0.89375 0.8125 10568
0.89375 0.8125 10568
0.89375 0.8125 10580
0.89375 0.8125 10580
0.89375 0.8125 10582
0.89375 0.8125 10582
0.89375 0.8125 10584
0.89375 0.8125 10584
0.89375 0.8125 10584
0.89375 0.8125 10584
0.89375 0.8125 10584
0.89375 0.8125 10596
0.89375 0.8125 10596
0.89375 0.8125 10596
0.89375 0.8125 10596
0.89375 0.8125 10596
0.89375 0.8125 10596
0.89375 0.8125 10596
0.89375 0.8125 10602
0.89375 0.8125 10602
0.89375 0.8125 10602
0.89375 0.8125 10602
0.89375 0.8125 10602
0.89375 0.8125 10604
0.89375 0.8125 10604
0.89375 0.8125 10604
0.89375 0.8125 10604
0.89375 0.8125 10604
0.89375 0.8125 10606
0.89375 0.8125 10606
0.89375 0.8125 10606
0.89375 0.8125 10606
0.89375 0.8125 10606
0.89375 0.8125 10606
0.89375 0.8125 10618
0.89375 0.8125 10618
0.89375 0.8125 10618
0.89375 0.8125 10618
0.89375 0.8125 10618
0.89375 0.8125 10618
0.89375 0.8125 10618
0.89375 0.8125 10618
0.89375 0.8125 10618
0.89375 0.8125 10618
0.89375 0.8125 10618
0.89375 0.8125 10618
0.89375 0.8125 10618
0.89375 0.8125 10630
0.89375 0.8125 10632
0.89375 0.8125 10634
0.89375 0.8125 10634
0.89375 0.8125 10634
0.89375 0.8125 10634
0.89375 0.8125 10640
0.89375 0.8125 10640
0.89375 0.8125 10646
0.89375 0.8125 10648
0.89375 0.8125 10648
0.89375 0.8125 10648
0.89375 0.8125 10648
0.89375 0.8125 10648
0.89375 0.8125 10648
0.89375 0.8125 10650
0.89375 0.8125 10650
0.89375 0.8125 10656
0.89375 0.8125 10656
0.89375 0.8125 10656
0.89375 0.8125 10656
0.89375 0.8125 10656
0.89375 0.8125 10656
0.89375 0.8125 10656
0.89375 0.8125 10656
0.89375 0.8125 10656
0.89375 0.8125 10676
0.89375 0.8125 10676
0.89375 0.8125 10676
0.89375 0.8125 10682
0.89375 0.8125 10684
0.89375 0.8125 10684
0.89375 0.8125 10684
0.89375 0.8125 10696
0.89375 0.8125 10702
0.89375 0.8125 10702
0.89375 0.8125 10704
0.89375 0.8125 10704
0.89375 0.8125 10704
0.89375 0.8125 10710
0.89375 0.8125 10710
0.896875 0.825 10722
0.896875 0.81875 10722
0.896875 0.81875 10722
0.89375 0.84375 10878
0.89375 0.84375 10880
0.89375 0.84375 10880
0.89375 0.84375 10880
0.89375 0.84375 10880
0.89375 0.840625 10880
0.89375 0.840625 10880
0.89375 0.840625 10880
0.89375 0.8375 10900
0.89375 0.8375 10900
0.89375 0.8375 10900
0.89375 0.8375 10900
0.89375 0.8375 10900
0.89375 0.8375 10900
0.89375 0.8375 10900
0.89375 0.8375 10900
0.89375 0.83125 10930
0.89375 0.83125 10930
0.89375 0.83125 10932
0.89375 0.83125 10932
0.89375 0.83125 10932
0.89375 0.83125 10934
0.89375 0.83125 10936
0.89375 0.83125 10936
0.89375 0.83125 10942
0.89375 0.83125 10942
0.89375 0.83125 10942
0.89375 0.83125 10942
0.89375 0.83125 10942
0.89375 0.83125 10944
0.89375 0.83125 10944
0.89375 0.83125 10944
0.89375 0.83125 10944
0.89375 0.83125 10944
0.89375 0.83125 10944
0.89375 0.83125 10956
0.89375 0.83125 10956
0.89375 0.83125 10986
0.89375 0.83125 10988
0.89375 0.83125 11000
0.89375 0.83125 11002
0.89375 0.83125 11002
0.89375 0.83125 11002
0.89375 0.83125 11004
0.89375 0.83125 11016
0.89375 0.83125 11016
0.89375 0.83125 11016
0.89375 0.83125 11016
0.89375 0.83125 11016
0.89375 0.83125 11016
0.89375 0.83125 11016
0.89375 0.83125 11018
0.89375 0.8375 11074
0.89375 0.8375 11074
0.89375 0.8375 11086
0.89375 0.8375 11086
0.89375 0.8375 11086
0.89375 0.8375 11088
0.89375 0.8375 11088
0.89375 0.8375 11088
0.89375 0.8375 11088
0.89375 0.8375 11088
0.89375 0.8375 11088
0.89375 0.8375 11088
0.89375 0.8375 11088
0.89375 0.8375 11088
0.89375 0.8375 11088
0.89375 0.8375 11088
0.89375 0.8375 11088
0.89375 0.8375 11088
0.89375 0.8375 11088
0.89375 0.8375 11088
0.89375 0.8375 11088
0.89375 0.8375 11088
0.89375 0.8375 11088
0.89375 0.8375 11108
0.89375 0.8375 11108
0.89375 0.8375 11108
0.89375 0.8375 11108
0.89375 0.8375 11108
0.89375 0.8375 11108
0.89375 0.8375 11114
0.89375 0.8375 11116
0.89375 0.8375 11116
0.89375 0.8375 11116
0.89375 0.8375 11118
0.89375 0.8375 11118
0.89375 0.8375 11118
0.89375 0.8375 11118
0.89375 0.8375 11118
0.89375 0.8375 11120
0.89375 0.8375 11120
0.89375 0.8375 11120
0.89375 0.8375 11120
0.89375 0.8375 11120
0.89375 0.8375 11120
0.89375 0.8375 11122
0.89375 0.8375 11122
0.89375 0.8375 11122
0.89375 0.8375 11122
0.89375 0.8375 11122
0.89375 0.8375 11122
0.89375 0.8375 11124
0.89375 0.8375 11126
0.89375 0.8375 11126
0.89375 0.8375 11126
0.89375 0.8375 11126
0.89375 0.8375 11128
0.89375 0.8375 11128
0.89375 0.8375 11128
0.89375 0.8375 11130
0.89375 0.8375 11130
0.89375 0.8375 11132
0.89375 0.8375 11134
0.89375 0.8375 11134
0.89375 0.8375 11136
0.89375 0.8375 11138
0.89375 0.8375 11158
0.89375 0.8375 11158
0.89375 0.8375 11158
0.89375 0.8375 11158
0.89375 0.8375 11158
0.89375 0.8375 11158
0.89375 0.8375 11164
0.89375 0.8375 11170
0.89375 0.8375 11170
0.89375 0.8375 11172
0.89375 0.8375 11172
0.89375 0.8375 11184
0.89375 0.8375 11184
0.89375 0.8375 11184
0.89375 0.8375 11184
0.89375 0.8375 11184
0.89375 0.8375 11186
0.89375 0.8375 11186
0.89375 0.8375 11186
0.89375 0.8375 11186
0.89375 0.8375 11198
0.89375 0.8375 11198
0.89375 0.8375 11204
0.89375 0.8375 11206
0.89375 0.8375 11206
0.89375 0.8375 11206
0.89375 0.8375 11206
0.89375 0.8375 11208
0.89375 0.8375 11208
0.89375 0.8375 11208
0.89375 0.8375 11220
0.89375 0.8375 11220
0.89375 0.8375 11220
0.89375 0.8375 11220
0.89375 0.8375 11220
0.89375 0.8375 11222
0.89375 0.8375 11222
0.89375 0.8375 11222
0.89375 0.8375 11222
0.89375 0.8375 11222
0.89375 0.8375 11222
0.89375 0.8375 11222
0.89375 0.8375 11222
0.89375 0.8375 11224
0.89375 0.8375 11226
0.89375 0.8375 11226
0.89375 0.8375 11226
0.89375 0.8375 11228
0.89375 0.8375 11228
0.89375 0.8375 11228
0.89375 0.8375 11228
0.89375 0.8375 11248
0.89375 0.8375 11248
0.89375 0.8375 11248
0.89375 0.8375 11248
0.89375 0.8375 11250
0.89375 0.8375 11250
0.89375 0.8375 11250
0.89375 0.8375 11250
0.89375 0.8375 11250
0.89375 0.8375 11262
0.89375 0.8375 11262
0.89375 0.8375 11262
0.89375 0.8375 11262
0.89375 0.8375 11264
0.89375 0.8375 11264
0.89375 0.8375 11266
0.89375 0.8375 11266
0.89375 0.8375 11266
0.89375 0.8375 11266
0.89375 0.8375 11266
0.89375 0.8375 11322
0.89375 0.8375 11322
0.89375 0.8375 11322
0.89375 0.8375 11322
0.89375 0.8375 11328
0.89375 0.8375 11328
0.89375 0.8375 11348
0.89375 0.8375 11348
0.89375 0.8375 11348
0.89375 0.8375 11348
0.89375 0.8375 11348
0.89375 0.8375 11348
0.89375 0.8375 11348
0.89375 0.8375 11348
0.89375 0.8375 11348
0.89375 0.8375 11348
0.89375 0.8375 11348
0.89375 0.8375 11348
0.89375 0.8375 11348
0.89375 0.8375 11348
0.89375 0.8375 11350
0.89375 0.8375 11350
0.89375 0.8375 11350
0.89375 0.8375 11350
0.89375 0.8375 11352
0.89375 0.8375 11352
0.89375 0.8375 11352
0.89375 0.8375 11354
0.89375 0.8375 11356
0.89375 0.8375 11356
0.89375 0.8375 11356
0.89375 0.8375 11358
0.89375 0.8375 11358
0.89375 0.8375 11358
0.89375 0.8375 11358
0.89375 0.8375 11358
0.89375 0.8375 11358
0.89375 0.8375 11358
0.89375 0.8375 11358
0.89375 0.8375 11358
0.89375 0.8375 11360
0.89375 0.8375 11360
0.89375 0.8375 11362
0.89375 0.8375 11362
0.89375 0.8375 11368
0.89375 0.8375 11370
0.89375 0.8375 11370
0.89375 0.8375 11382
0.89375 0.8375 11382
0.89375 0.8375 11382
0.89375 0.8375 11382
0.89375 0.8375 11382
0.89375 0.8375 11382
0.89375 0.8375 11382
0.89375 0.8375 11412
0.89375 0.8375 11412
0.89375 0.8375 11412
0.89375 0.8375 11412
0.896875 0.8375 11424
0.896875 0.8375 11424
0.896875 0.8375 11424
0.896875 0.8375 11426
0.896875 0.8375 11426
0.896875 0.8375 11426
0.896875 0.8375 11426
0.896875 0.8375 11426
0.896875 0.8375 11432
0.896875 0.8375 11432
0.896875 0.8375 11432
0.896875 0.8375 11434
0.896875 0.8375 11434
0.896875 0.8375 11434
0.896875 0.8375 11434
0.896875 0.8375 11434
0.896875 0.8375 11434
0.896875 0.8375 11434
0.896875 0.8375 11434
0.896875 0.8375 11446
0.896875 0.8375 11446
0.896875 0.8375 11446
0.896875 0.8375 11448
0.896875 0.8375 11448
0.896875 0.8375 11450
0.896875 0.8375 11450
0.896875 0.8375 11450
0.896875 0.8375 11456
0.896875 0.8375 11456
0.896875 0.8375 11462
0.896875 0.8375 11462
0.896875 0.8375 11462
0.896875 0.8375 11462
0.896875 0.8375 11462
0.896875 0.8375 11462
0.896875 0.8375 11462
0.896875 0.8375 11462
0.896875 0.8375 11462
0.896875 0.8375 11462
0.896875 0.8375 11474
0.896875 0.8375 11474
0.896875 0.8375 11474
0.896875 0.8375 11474
0.896875 0.8375 11474
0.896875 0.8375 11486
0.896875 0.8375 11488
0.896875 0.8375 11488
0.896875 0.8375 11488
0.896875 0.8375 11488
0.896875 0.8375 11488
0.896875 0.8375 11488
0.896875 0.8375 11500
0.896875 0.8375 11500
0.896875 0.8375 11502
0.896875 0.8375 11502
0.896875 0.8375 11502
0.896875 0.8375 11502
0.896875 0.8375 11514
0.896875 0.8375 11514
0.896875 0.8375 11516
0.896875 0.8375 11516
0.896875 0.8375 11516
0.896875 0.8375 11518
0.896875 0.8375 11518
0.896875 0.8375 11518
0.896875 0.8375 11518
0.896875 0.8375 11520
0.896875 0.8375 11520
0.896875 0.8375 11520
0.896875 0.8375 11520
0.896875 0.8375 11520
0.896875 0.8375 11520
0.896875 0.8375 11520
0.896875 0.8375 11520
0.896875 0.8375 11522
0.896875 0.8375 11522
0.896875 0.8375 11522
0.896875 0.8375 11522
0.896875 0.8375 11528
0.896875 0.8375 11528
0.896875 0.8375 11528
0.896875 0.8375 11528
0.896875 0.8375 11530
0.896875 0.8375 11536
0.896875 0.8375 11536
0.896875 0.8375 11536
0.896875 0.8375 11536
0.896875 0.8375 11536
0.896875 0.8375 11536
0.896875 0.8375 11538
0.896875 0.8375 11538
0.896875 0.8375 11538
0.896875 0.8375 11538
0.896875 0.8375 11540
0.896875 0.8375 11540
0.896875 0.8375 11546
0.896875 0.8375 11558
0.896875 0.8375 11558
0.896875 0.8375 11558
0.896875 0.8375 11560
0.896875 0.8375 11560
0.896875 0.8375 11580
0.896875 0.8375 11582
0.896875 0.8375 11582
0.896875 0.8375 11582
0.896875 0.8375 11582
0.896875 0.8375 11584
0.896875 0.8375 11590
0.896875 0.8375 11592
0.896875 0.8375 11594
0.896875 0.8375 11594
0.896875 0.8375 11594
0.896875 0.8375 11594
0.896875 0.8375 11596
0.896875 0.8375 11596
0.896875 0.8375 11596
0.896875 0.8375 11608
0.896875 0.8375 11608
0.896875 0.8375 11608
0.896875 0.8375 11608
0.896875 0.8375 11608
0.896875 0.8375 11608
0.896875 0.8375 11608
0.896875 0.8375 11608
0.896875 0.8375 11608
0.896875 0.8375 11608
0.896875 0.8375 11610
0.896875 0.8375 11612
0.896875 0.8375 11624
0.896875 0.8375 11626
0.896875 0.8375 11626
0.896875 0.8375 11626
0.896875 0.8375 11638
0.896875 0.8375 11638
0.896875 0.8375 11638
0.896875 0.8375 11640
0.896875 0.8375 11640
0.896875 0.8375 11640
0.896875 0.8375 11640
0.896875 0.8375 11640
0.896875 0.8375 11640
0.896875 0.8375 11640
0.896875 0.8375 11642
0.896875 0.8375 11642
0.896875 0.8375 11644
0.896875 0.8375 11646
0.896875 0.8375 11646
0.896875 0.8375 11646
0.896875 0.8375 11646
0.896875 0.8375 11646
0.896875 0.8375 11652
0.896875 0.8375 11682
0.896875 0.8375 11682
0.896875 0.8375 11684
0.896875 0.8375 11686
0.896875 0.8375 11688
0.896875 0.8375 11688
0.896875 0.8375 11688
0.896875 0.8375 11688
0.896875 0.8375 11694
0.896875 0.8375 11694
0.896875 0.8375 11694
0.896875 0.8375 11714
0.896875 0.8375 11714
0.896875 0.8375 11716
0.896875 0.8375 11716
0.896875 0.8375 11716
0.896875 0.8375 11716
0.896875 0.8375 11716
0.896875 0.8375 11718
0.896875 0.8375 11718
0.896875 0.8375 11718
0.896875 0.8375 11718
0.896875 0.8375 11718
0.896875 0.8375 11720
0.896875 0.8375 11720
0.896875 0.8375 11720
0.896875 0.8375 11720
0.896875 0.8375 11720
0.896875 0.8375 11720
0.896875 0.8375 11720
0.896875 0.8375 11726
0.896875 0.8375 11726
0.896875 0.83125 11858
0.896875 0.83125 11860
0.896875 0.83125 11860
0.896875 0.83125 11860
0.896875 0.83125 11860
0.896875 0.83125 11862
0.896875 0.83125 11862
0.896875 0.83125 11862
0.896875 0.83125 11862
0.896875 0.83125 11862
0.896875 0.83125 11862
0.896875 0.83125 11862
0.896875 0.83125 11874
0.896875 0.83125 11874
0.896875 0.83125 11874
0.896875 0.83125 11874
0.896875 0.83125 11874
0.896875 0.83125 11874
0.896875 0.83125 11874
0.896875 0.83125 11874
0.896875 0.83125 11876
0.896875 0.83125 11878
0.896875 0.83125 11878
0.896875 0.83125 11878
0.896875 0.83125 11880
0.896875 0.83125 11880
0.896875 0.83125 11880
0.896875 0.83125 11880
0.896875 0.83125 11886
0.896875 0.83125 11886
0.896875 0.83125 11886
0.896875 0.83125 11888
0.896875 0.83125 11888
0.896875 0.83125 11888
0.896875 0.83125 11888
0.896875 0.83125 11888
0.896875 0.83125 11894
0.896875 0.83125 11896
0.9 0.83125 11908
0.9 0.83125 11908
0.9 0.83125 11908
0.9 0.83125 11908
0.9 0.83125 11908
0.9 0.83125 11908
0.9 0.83125 11908
0.9 0.83125 11908
0.9 0.825 11980
0.9 0.825 11980
0.9 0.825 11980
0.9 0.825 11986
0.9 0.825 11992
0.9 0.825 11992
0.9 0.825 11998
0.9 0.825 12000
0.9 0.825 12000
0.9 0.825 12000
0.9 0.825 12000
0.9 0.825 12000
0.9 0.825 12000
0.9 0.825 12000
0.9 0.825 12000
0.9 0.825 12000
0.9 0.825 12000
0.9 0.825 12000
0.9 0.825 12000
0.9 0.825 12000
0.9 0.825 12000
0.9 0.825 12012
0.9 0.825 12012
0.9 0.825 12012
0.9 0.825 12012
0.9 0.825 12012
0.9 0.825 12012
0.9 0.825 12012
0.9 0.825 12012
0.9 0.83125 12084
0.9 0.83125 12084
0.9 0.83125 12084
0.9 0.83125 12084
0.9 0.83125 12084
0.9 0.83125 12084
0.9 0.83125 12084
0.9 0.83125 12084
0.9 0.83125 12084
0.9 0.83125 12084
0.9 0.83125 12084
0.9 0.83125 12086
0.9 0.83125 12128
0.9 0.83125 12130
0.9 0.83125 12130
0.9 0.83125 12130
0.9 0.83125 12132
0.9 0.83125 12144
0.9 0.83125 12144
0.9 0.83125 12144
0.9 0.83125 12150
0.9 0.83125 12150
0.9 0.83125 12150
0.9 0.83125 12150
0.9 0.83125 12150
0.9 0.83125 12150
0.9 0.83125 12150
0.9 0.83125 12150
0.9 0.83125 12150
0.9 0.83125 12156
0.9 0.83125 12156
0.9 0.83125 12158
0.9 0.83125 12170
0.9 0.83125 12172
0.9 0.83125 12172
0.9 0.83125 12172
0.9 0.83125 12172
0.9 0.83125 12174
0.9 0.83125 12180
0.9 0.83125 12210
0.9 0.83125 12210
0.9 0.83125 12222
0.9 0.83125 12222
0.9 0.83125 12222
0.9 0.83125 12222
0.9 0.83125 12222
0.9 0.83125 12222
0.9 0.83125 12222
0.9 0.83125 12222
0.9 0.83125 12222
0.9 0.83125 12222
0.9 0.83125 12222
0.9 0.83125 12222
0.9 0.83125 12222
0.9 0.83125 12222
0.9 0.83125 12222
0.9 0.83125 12222
0.9 0.83125 12222
0.9 0.83125 12222
0.9 0.8375 12234
0.9 0.8375 12234
0.9 0.8375 12234
0.9 0.8375 12246
0.9 0.8375 12246
0.9 0.8375 12246
0.9 0.8375 12246
0.9 0.8375 12248
0.9 0.8375 12248
0.9 0.8375 12250
0.9 0.8375 12250
0.9 0.8375 12250
0.9 0.8375 12250
0.9 0.8375 12252
0.9 0.8375 12252
0.9 0.8375 12252
0.9 0.8375 12252
0.9 0.8375 12258
0.9 0.8375 12258
0.9 0.8375 12258
0.9 0.8375 12258
0.9 0.8375 12258
0.9 0.8375 12260
0.9 0.8375 12260
0.9 0.8375 12260
0.9 0.8375 12272
0.9 0.8375 12272
0.9 0.8375 12292
0.896875 0.8375 12322
0.896875 0.8375 12322
0.896875 0.8375 12322
0.896875 0.8375 12322
0.896875 0.8375 12322
0.896875 0.8375 12334
0.896875 0.8375 12334
0.896875 0.8375 12334
0.896875 0.8375 12334
0.896875 0.8375 12334
0.896875 0.8375 12334
0.896875 0.8375 12334
0.896875 0.8375 12334
0.896875 0.8375 12334
0.896875 0.8375 12334
0.896875 0.8375 12336
0.896875 0.8375 12336
0.896875 0.8375 12336
0.896875 0.8375 12336
0.896875 0.8375 12348
0.896875 0.8375 12348
0.896875 0.8375 12354
0.896875 0.8375 12354
0.896875 0.8375 12366
0.896875 0.8375 12372
0.896875 0.8375 12372
0.896875 0.8375 12372
0.896875 0.8375 12372
0.896875 0.8375 12392
0.896875 0.8375 12392
0.896875 0.8375 12398
0.896875 0.8375 12398
0.896875 0.8375 12398
0.896875 0.83125 12398
0.896875 0.83125 12400
0.896875 0.83125 12400
0.896875 0.83125 12400
0.896875 0.8375 12406
0.896875 0.8375 12412
0.896875 0.8375 12412
0.896875 0.8375 12412
0.896875 0.8375 12412
0.896875 0.8375 12418
0.896875 0.8375 12418
0.896875 0.8375 12418
0.896875 0.8375 12418
0.896875 0.8375 12418
0.896875 0.8375 12418
0.896875 0.8375 12418
0.896875 0.8375 12418
0.896875 0.8375 12448
0.896875 0.8375 12448
0.896875 0.8375 12448
0.896875 0.8375 12448
0.896875 0.8375 12448
0.896875 0.8375 12448
0.896875 0.8375 12448
0.896875 0.8375 12454
0.896875 0.8375 12454
0.896875 0.8375 12484
0.896875 0.8375 12484
0.896875 0.8375 12526
0.896875 0.8375 12526
0.896875 0.8375 12526
0.896875 0.8375 12526
0.896875 0.8375 12526
0.896875 0.8375 12526
0.896875 0.8375 12526
0.896875 0.8375 12526
0.896875 0.8375 12538
0.896875 0.8375 12538
0.896875 0.8375 12538
0.896875 0.8375 12538
0.896875 0.8375 12538
0.896875 0.8375 12538
0.896875 0.8375 12538
0.896875 0.8375 12538
0.896875 0.8375 12540
0.896875 0.8375 12542
0.896875 0.8375 12542
0.896875 0.8375 12542
0.896875 0.8375 12548
0.896875 0.8375 12548
0.896875 0.8375 12548
0.896875 0.8375 12550
0.896875 0.8375 12550
0.896875 0.8375 12562
0.896875 0.8375 12562
0.896875 0.8375 12562
0.896875 0.8375 12564
0.896875 0.8375 12564
0.896875 0.8375 12570
0.896875 0.8375 12570
0.896875 0.8375 12572
0.896875 0.8375 12578
0.896875 0.8375 12578
0.896875 0.8375 12578
0.896875 0.8375 12578
0.896875 0.8375 12578
0.896875 0.8375 12578
0.896875 0.8375 12578
0.896875 0.8375 12578
0.896875 0.8375 12578
0.896875 0.8375 12578
0.896875 0.8375 12578
0.896875 0.8375 12578
0.896875 0.8375 12578
0.896875 0.8375 12580
0.896875 0.8375 12580
0.896875 0.8375 12580
0.896875 0.8375 12580
0.896875 0.8375 12580
0.896875 0.83125 12652
0.896875 0.83125 12652
0.896875 0.83125 12652
0.896875 0.83125 12652
0.896875 0.83125 12652
0.896875 0.83125 12652
0.896875 0.83125 12652
0.896875 0.83125 12672
0.896875 0.83125 12672
0.896875 0.83125 12672
0.896875 0.83125 12672
0.896875 0.83125 12672
0.896875 0.83125 12672
0.896875 0.83125 12674
0.896875 0.83125 12674
0.896875 0.83125 12674
0.896875 0.83125 12676
0.896875 0.83125 12682
0.896875 0.83125 12684
0.896875 0.83125 12684
0.896875 0.83125 12686
0.896875 0.83125 12686
0.896875 0.83125 12686
0.896875 0.83125 12686
0.896875 0.83125 12692
0.896875 0.83125 12692
0.896875 0.83125 12692
0.896875 0.83125 12692
0.896875 0.83125 12692
0.896875 0.83125 12692
0.896875 0.83125 12704
0.896875 0.83125 12704
0.896875 0.83125 12704
0.896875 0.83125 12706
0.896875 0.83125 12706
0.896875 0.83125 12706
0.896875 0.83125 12708
0.896875 0.83125 12710
0.896875 0.83125 12710
0.896875 0.83125 12716
0.896875 0.83125 12716
0.896875 0.8375 12758
0.896875 0.8375 12770
0.896875 0.8375 12770
0.896875 0.8375 12770
0.896875 0.8375 12770
0.896875 0.8375 12770
0.896875 0.8375 12770
0.896875 0.8375 12770
0.896875 0.8375 12770
0.896875 0.8375 12770
0.896875 0.8375 12770
0.896875 0.8375 12770
0.896875 0.8375 12770
0.896875 0.8375 12770
0.89375 0.8375 12812
0.89375 0.8375 12824
0.89375 0.84375 12824
0.896875 0.8375 12854
0.896875 0.8375 12854
0.896875 0.8375 12854
0.896875 0.8375 12860
0.896875 0.8375 12860
0.896875 0.8375 12860
0.896875 0.8375 12860
0.896875 0.8375 12860
0.896875 0.8375 12862
0.896875 0.8375 12862
0.896875 0.8375 12862
0.896875 0.8375 12864
0.896875 0.8375 12864
0.896875 0.8375 12864
0.896875 0.8375 12864
0.896875 0.8375 12864
0.896875 0.8375 12864
0.896875 0.8375 12864
0.896875 0.8375 12866
0.896875 0.8375 12866
0.896875 0.8375 12866
0.896875 0.8375 12866
0.896875 0.8375 12868
0.896875 0.8375 12868
0.896875 0.8375 12870
0.896875 0.8375 12870
0.896875 0.8375 12870
0.896875 0.8375 12870
0.896875 0.8375 12870
0.896875 0.83125 12876
0.896875 0.83125 12876
0.896875 0.83125 12876
0.896875 0.83125 12876
0.896875 0.83125 12876
0.896875 0.83125 12878
0.896875 0.83125 12878
0.896875 0.83125 12878
0.896875 0.83125 12878
0.896875 0.83125 12878
0.896875 0.83125 12878
0.896875 0.83125 12878
0.896875 0.83125 12878
0.896875 0.83125 12878
0.896875 0.83125 12878
0.896875 0.83125 12878
0.896875 0.83125 12880
0.896875 0.83125 12880
0.896875 0.83125 12880
0.896875 0.83125 12882
0.896875 0.83125 12882
0.896875 0.83125 12882
0.896875 0.83125 12882
0.896875 0.83125 12884
0.896875 0.83125 12890
0.896875 0.83125 12896
0.896875 0.83125 12896
0.896875 0.83125 12896
0.896875 0.83125 12896
0.896875 0.83125 12916
0.896875 0.83125 12922
0.896875 0.83125 12922
0.896875 0.83125 12922
0.896875 0.83125 12928
0.896875 0.83125 12928
0.896875 0.83125 12928
0.896875 0.83125 12928
0.896875 0.83125 12928
0.896875 0.83125 12928
0.896875 0.83125 12928
0.896875 0.83125 12930
0.896875 0.83125 12930
0.896875 0.83125 12930
0.896875 0.83125 12930
0.896875 0.83125 12930
0.896875 0.83125 12930
0.896875 0.83125 12932
0.896875 0.83125 12934
0.896875 0.83125 12934
0.896875 0.83125 12940
0.896875 0.83125 12940
0.896875 0.83125 12940
0.896875 0.83125 12952
0.896875 0.83125 12952
0.896875 0.83125 12952
0.896875 0.83125 12954
0.896875 0.83125 12954
0.896875 0.83125 12954
0.896875 0.83125 12956
0.896875 0.83125 12968
0.896875 0.83125 12968
0.896875 0.83125 12968
0.896875 0.83125 12968
0.896875 0.83125 12980
0.896875 0.83125 12980
0.896875 0.83125 12980
0.896875 0.83125 12980
0.896875 0.83125 12980
0.896875 0.83125 12980
0.896875 0.83125 12986
0.896875 0.83125 12986
0.896875 0.83125 12986
0.896875 0.83125 12986
0.896875 0.83125 12988
0.896875 0.83125 12988
0.896875 0.83125 12988
0.896875 0.83125 12988
0.896875 0.83125 12988
0.896875 0.83125 12990
0.896875 0.83125 12990
0.896875 0.83125 12990
0.896875 0.83125 12992
0.896875 0.83125 12992
0.896875 0.83125 12992
0.896875 0.83125 13004
0.896875 0.83125 13010
0.896875 0.83125 13010
0.896875 0.83125 13010
0.896875 0.83125 13010
0.896875 0.8375 13016
0.896875 0.8375 13016
0.9 0.8375 13046
0.9 0.8375 13058
0.9 0.8375 13060
0.9 0.8375 13060
0.9 0.8375 13060
0.9 0.83125 13062
0.9 0.83125 13062
0.9 0.8375 13064
0.9 0.8375 13064
0.9 0.8375 13066
0.9 0.8375 13066
0.9 0.8375 13066
0.9 0.8375 13066
0.9 0.8375 13066
0.9 0.8375 13066
0.9 0.8375 13066
0.9 0.8375 13066
0.9 0.8375 13066
0.9 0.8375 13066
0.9 0.8375 13068
0.9 0.8375 13068
0.9 0.8375 13068
0.9 0.8375 13068
0.9 0.8375 13074
0.9 0.8375 13074
0.9 0.8375 13074
0.9 0.8375 13074
0.9 0.8375 13074
0.9 0.8375 13074
0.9 0.8375 13074
0.9 0.8375 13074
0.9 0.8375 13074
0.9 0.8375 13074
0.9 0.8375 13074
0.9 0.8375 13074
0.9 0.8375 13094
0.9 0.8375 13094
0.9 0.8375 13094
0.9 0.8375 13106
0.9 0.8375 13108
0.9 0.8375 13108
0.9 0.8375 13108
0.9 0.8375 13108
0.9 0.8375 13108
0.9 0.8375 13108
0.9 0.8375 13108
0.9 0.8375 13108
0.9 0.8375 13108
0.9 0.8375 13108
0.9 0.8375 13110
0.9 0.8375 13110
0.9 0.8375 13110
0.9 0.8375 13112
0.9 0.8375 13112
0.9 0.8375 13112
0.9 0.8375 13112
0.9 0.8375 13114
0.9 0.8375 13114
0.9 0.8375 13114
0.9 0.8375 13114
0.9 0.8375 13114
0.9 0.8375 13114
0.9 0.8375 13114
0.9 0.8375 13114
0.9 0.8375 13114
0.9 0.8375 13114
0.9 0.8375 13114
0.9 0.8375 13114
0.9 0.8375 13114
0.9 0.8375 13114
0.9 0.8375 13114
0.9 0.8375 13114
0.9 0.8375 13114
0.9 0.8375 13120
0.9 0.8375 13120
0.9 0.8375 13120
0.9 0.8375 13120
0.9 0.8375 13120
0.9 0.8375 13120
0.9 0.8375 13132
0.9 0.8375 13134
0.9 0.8375 13134
0.9 0.8375 13134
0.9 0.8375 13134
0.9 0.8375 13134
0.9 0.8375 13136
0.9 0.8375 13136
0.9 0.8375 13136
0.896875 0.8375 13156
0.896875 0.8375 13156
0.896875 0.8375 13158
0.896875 0.8375 13158
0.896875 0.8375 13158
0.896875 0.8375 13158
0.896875 0.8375 13158
0.896875 0.8375 13158
0.896875 0.8375 13158
0.896875 0.8375 13158
0.896875 0.8375 13164
0.896875 0.8375 13194
0.896875 0.8375 13194
0.896875 0.8375 13194
0.896875 0.8375 13194
0.896875 0.8375 13194
0.896875 0.8375 13200
0.896875 0.8375 13200
0.896875 0.8375 13200
0.896875 0.8375 13200
0.896875 0.8375 13202
0.896875 0.8375 13202
0.896875 0.8375 13202
0.896875 0.8375 13202
0.896875 0.8375 13202
0.896875 0.8375 13202
0.896875 0.8375 13202
0.896875 0.8375 13202
0.896875 0.8375 13202
0.896875 0.8375 13202
0.896875 0.8375 13202
0.896875 0.8375 13204
0.896875 0.8375 13204
0.89375 0.8375 13224
0.89375 0.8375 13224
0.89375 0.8375 13226
0.89375 0.8375 13226
0.89375 0.8375 13226
0.89375 0.8375 13226
0.89375 0.8375 13226
0.89375 0.8375 13226
0.89375 0.8375 13226
0.89375 0.8375 13226
0.89375 0.8375 13226
0.89375 0.8375 13226
0.89375 0.8375 13226
0.89375 0.8375 13228
0.89375 0.8375 13228
0.89375 0.8375 13228
0.89375 0.8375 13228
0.89375 0.8375 13228
0.89375 0.8375 13228
0.89375 0.8375 13230
0.89375 0.8375 13236
0.89375 0.84375 13256
0.89375 0.84375 13256
0.89375 0.84375 13256
0.89375 0.84375 13256
0.89375 0.84375 13258
0.89375 0.84375 13258
0.89375 0.84375 13258
0.89375 0.84375 13258
0.89375 0.84375 13258
0.89375 0.8375 13278
0.89375 0.8375 13278
0.89375 0.8375 13278
0.89375 0.8375 13278
0.89375 0.8375 13278
0.89375 0.8375 13278
0.89375 0.8375 13278
0.89375 0.8375 13278
0.89375 0.8375 13278
0.89375 0.8375 13278
0.89375 0.8375 13278
0.89375 0.8375 13278
0.89375 0.8375 13278
0.89375 0.8375 13278
0.89375 0.84375 13280
0.89375 0.84375 13280
0.89375 0.84375 13280
0.89375 0.84375 13280
0.89375 0.84375 13280
0.89375 0.84375 13286
0.89375 0.84375 13286
0.89375 0.84375 13286
0.89375 0.84375 13286
0.89375 0.84375 13286
0.89375 0.84375 13286
0.89375 0.84375 13288
0.89375 0.84375 13294
0.89375 0.84375 13294
0.89375 0.84375 13294
0.89375 0.84375 13294
0.89375 0.84375 13294
0.89375 0.84375 13294
0.89375 0.84375 13294
0.89375 0.84375 13294
0.89375 0.84375 13294
0.89375 0.84375 13294
0.89375 0.84375 13296
0.89375 0.84375 13296
0.89375 0.84375 13296
0.89375 0.84375 13338
0.89375 0.84375 13338
0.89375 0.84375 13338
0.89375 0.8375 13350
0.89375 0.8375 13350
0.89375 0.8375 13350
0.89375 0.84375 13370
0.89375 0.84375 13370
0.89375 0.84375 13370
0.89375 0.84375 13370
0.89375 0.84375 13370
0.89375 0.84375 13370
0.89375 0.84375 13370
0.89375 0.84375 13370
0.89375 0.84375 13370
0.89375 0.84375 13370
0.89375 0.84375 13370
0.89375 0.84375 13370
0.89375 0.84375 13372
0.89375 0.84375 13372
0.89375 0.84375 13372
0.89375 0.84375 13372
0.89375 0.84375 13372
0.89375 0.84375 13374
0.89375 0.84375 13374
0.89375 0.84375 13374
0.89375 0.84375 13374
0.89375 0.84375 13374
0.89375 0.84375 13386
0.89375 0.84375 13386
0.89375 0.84375 13386
0.89375 0.84375 13392
0.89375 0.84375 13392
0.89375 0.84375 13392
