0.85 0.83125 596
0.85 0.83125 596
0.85 0.83125 596
0.85 0.828125 596
0.85 0.825 596
0.85 0.825 596
0.85 0.825 596
0.85 0.825 596
0.85 0.828125 598
0.85 0.828125 598
0.85 0.834375 618
0.85 0.834375 624
0.85 0.834375 624
0.85 0.834375 624
0.85 0.834375 624
0.85 0.834375 624
0.85 0.834375 624
0.85 0.834375 624
0.85 0.834375 624
0.85 0.834375 624
0.85 0.834375 624
0.85 0.834375 626
0.85 0.834375 626
0.85 0.834375 638
0.85 0.834375 638
0.85 0.834375 644
0.85 0.834375 644
0.85 0.828125 674
0.846875 0.828125 686
0.846875 0.821875 686
0.846875 0.821875 688
0.846875 0.821875 688
0.846875 0.81875 690
0.846875 0.81875 690
0.846875 0.81875 690
0.846875 0.81875 690
0.846875 0.81875 690
0.846875 0.81875 690
0.846875 0.81875 692
0.846875 0.81875 692
0.846875 0.81875 692
0.846875 0.81875 698
0.846875 0.81875 698
0.846875 0.81875 698
0.846875 0.81875 700
0.846875 0.81875 700
0.846875 0.81875 700
0.846875 0.815625 706
0.846875 0.8125 706
0.846875 0.8125 712
0.846875 0.8125 712
0.846875 0.8125 712
0.846875 0.8125 714
0.846875 0.8125 714
0.846875 0.8125 716
0.846875 0.8125 716
0.846875 0.8125 718
0.84375 0.809375 730
0.84375 0.809375 730
0.84375 0.803125 742
0.84375 0.803125 742
0.84375 0.803125 742
0.84375 0.8 744
0.84375 0.80625 744
0.84375 0.80625 744
0.84375 0.809375 744
0.84375 0.809375 744
0.84375 0.809375 744
0.84375 0.809375 746
0.84375 0.809375 746
0.840625 0.809375 766
0.840625 0.809375 778
0.840625 0.8125 778
0.840625 0.815625 778
0.846875 0.821875 790
0.846875 0.821875 792
0.846875 0.821875 792
0.846875 0.821875 792
0.846875 0.821875 792
0.846875 0.821875 792
0.846875 0.821875 792
0.846875 0.821875 792
0.846875 0.821875 792
0.846875 0.821875 792
0.846875 0.821875 794
0.846875 0.821875 794
0.846875 0.821875 794
0.85 0.825 824
0.85 0.825 824
0.85 0.825 824
0.85 0.825 824
0.85 0.825 824
0.85 0.825 824
0.859375 0.825 880
0.859375 0.825 880
0.859375 0.825 880
0.859375 0.825 880
0.859375 0.825 880
0.859375 0.825 892
0.859375 0.825 892
0.859375 0.825 892
0.859375 0.825 904
0.859375 0.821875 904
0.859375 0.81875 904
0.859375 0.81875 904
0.859375 0.81875 904
0.859375 0.81875 904
0.859375 0.81875 904
0.859375 0.81875 904
0.859375 0.81875 904
0.859375 0.81875 904
0.85625 0.825 910
0.85625 0.825 912
0.85625 0.825 912
0.85625 0.825 914
0.85625 0.825 914
0.85625 0.825 914
0.85625 0.825 914
0.85625 0.825 914
0.85625 0.825 914
0.85625 0.825 914
0.85625 0.825 914
0.85625 0.825 914
0.85625 0.825 914
0.85625 0.825 914
0.85625 0.825 914
0.85625 0.825 914
0.85625 0.825 914
0.85625 0.825 920
0.85625 0.825 920
0.85625 0.825 922
0.85625 0.825 924
0.85625 0.825 924
0.85625 0.825 924
0.85625 0.825 924
0.85625 0.825 924
0.85625 0.825 924
0.85625 0.825 924
0.85625 0.825 924
0.85625 0.825 926
0.85625 0.825 932
0.85625 0.825 932
0.85625 0.828125 934
0.85625 0.828125 934
0.85625 0.828125 934
0.85625 0.828125 954
0.85625 0.828125 954
0.85625 0.821875 984
0.85625 0.821875 984
0.85625 0.821875 986
0.85625 0.821875 986
0.85625 0.821875 986
0.85625 0.81875 986
0.85625 0.81875 986
0.85625 0.81875 986
0.853125 0.821875 1028
0.853125 0.821875 1040
0.853125 0.821875 1040
0.853125 0.821875 1040
0.853125 0.821875 1040
0.853125 0.821875 1040
0.853125 0.821875 1040
0.853125 0.821875 1040
0.853125 0.821875 1040
0.853125 0.821875 1040
0.853125 0.821875 1040
0.853125 0.821875 1040
0.853125 0.821875 1040
0.853125 0.821875 1040
0.853125 0.821875 1040
0.853125 0.821875 1040
0.853125 0.821875 1040
0.853125 0.81875 1046
0.853125 0.81875 1046
0.853125 0.81875 1046
0.853125 0.81875 1048
0.853125 0.81875 1060
0.853125 0.81875 1060
0.853125 0.81875 1060
0.853125 0.825 1060
0.853125 0.825 1060
0.853125 0.825 1060
0.853125 0.825 1060
0.853125 0.825 1060
0.853125 0.821875 1060
0.853125 0.821875 1060
0.853125 0.821875 1060
0.853125 0.821875 1060
0.853125 0.825 1072
0.853125 0.825 1072
0.853125 0.825 1074
0.853125 0.825 1074
0.853125 0.825 1076
0.853125 0.825 1076
0.853125 0.825 1076
0.853125 0.825 1076
0.853125 0.825 1076
0.853125 0.825 1076
0.853125 0.825 1076
0.853125 0.825 1076
0.853125 0.825 1076
0.853125 0.825 1076
0.853125 0.825 1088
0.853125 0.825 1090
0.853125 0.825 1092
0.853125 0.825 1094
0.853125 0.825 1096
0.853125 0.828125 1096
0.853125 0.828125 1096
0.853125 0.828125 1096
0.853125 0.828125 1096
0.853125 0.83125 1096
0.853125 0.83125 1096
0.853125 0.83125 1096
0.853125 0.83125 1108
0.853125 0.83125 1108
0.853125 0.83125 1108
0.853125 0.83125 1108
0.853125 0.83125 1108
0.853125 0.83125 1108
0.853125 0.83125 1108
0.853125 0.83125 1108
0.853125 0.83125 1108
0.853125 0.83125 1108
0.853125 0.83125 1108
0.853125 0.83125 1108
0.853125 0.83125 1108
0.853125 0.83125 1108
0.853125 0.83125 1108
0.853125 0.83125 1108
0.853125 0.828125 1120
0.853125 0.828125 1120
0.853125 0.828125 1126
0.853125 0.828125 1128
0.85 0.83125 1134
0.85 0.83125 1134
0.853125 0.83125 1140
0.853125 0.83125 1170
0.853125 0.83125 1170
0.853125 0.828125 1170
0.853125 0.821875 1170
0.853125 0.81875 1172
0.853125 0.81875 1172
0.853125 0.81875 1172
0.853125 0.821875 1172
0.853125 0.821875 1172
0.853125 0.821875 1172
0.853125 0.83125 1172
0.853125 0.83125 1172
0.853125 0.83125 1172
0.853125 0.83125 1172
0.853125 0.83125 1172
0.853125 0.83125 1172
0.853125 0.825 1192
0.853125 0.825 1192
0.853125 0.821875 1198
0.853125 0.821875 1198
0.853125 0.821875 1198
0.853125 0.821875 1198
0.853125 0.821875 1198
0.853125 0.821875 1198
0.853125 0.821875 1198
0.853125 0.821875 1198
0.853125 0.821875 1200
0.853125 0.821875 1200
0.853125 0.821875 1220
0.853125 0.821875 1220
0.853125 0.821875 1220
0.853125 0.821875 1222
0.853125 0.81875 1222
0.853125 0.815625 1222
0.853125 0.815625 1222
0.853125 0.815625 1222
0.85 0.81875 1234
0.85 0.81875 1236
0.85 0.825 1242
0.85 0.821875 1244
0.85 0.821875 1244
0.846875 0.815625 1250
0.846875 0.815625 1250
0.846875 0.815625 1252
0.846875 0.815625 1252
0.846875 0.815625 1252
0.846875 0.815625 1252
0.846875 0.8125 1252
0.846875 0.8125 1254
0.846875 0.8125 1260
0.846875 0.8125 1260
0.846875 0.81875 1262
0.846875 0.81875 1262
0.846875 0.81875 1262
0.846875 0.81875 1264
0.846875 0.81875 1264
0.846875 0.815625 1266
0.846875 0.815625 1266
0.846875 0.815625 1272
0.846875 0.815625 1272
0.846875 0.815625 1272
0.846875 0.815625 1284
0.846875 0.815625 1284
0.846875 0.815625 1284
0.846875 0.81875 1284
0.846875 0.81875 1284
0.846875 0.81875 1286
0.846875 0.81875 1286
0.846875 0.81875 1286
0.846875 0.81875 1286
0.846875 0.81875 1286
0.846875 0.81875 1286
0.846875 0.81875 1298
0.846875 0.81875 1298
0.846875 0.81875 1298
0.846875 0.81875 1298
0.846875 0.81875 1300
0.846875 0.81875 1300
0.846875 0.81875 1300
0.846875 0.81875 1300
0.846875 0.81875 1312
0.846875 0.81875 1324
0.846875 0.81875 1324
0.846875 0.81875 1324
0.846875 0.81875 1326
0.846875 0.81875 1326
0.846875 0.81875 1326
0.846875 0.81875 1326
0.846875 0.81875 1326
0.846875 0.81875 1328
0.846875 0.81875 1328
0.846875 0.81875 1328
0.846875 0.81875 1340
0.846875 0.81875 1340
0.846875 0.81875 1340
0.86875 0.846875 1342
0.86875 0.846875 1342
0.86875 0.846875 1372
0.86875 0.846875 1374
0.86875 0.846875 1374
0.86875 0.846875 1376
0.86875 0.846875 1376
0.86875 0.846875 1378
0.86875 0.846875 1378
0.86875 0.846875 1378
0.86875 0.846875 1378
0.86875 0.846875 1380
0.86875 0.846875 1380
0.86875 0.846875 1380
0.86875 0.846875 1386
0.86875 0.846875 1386
0.86875 0.846875 1398
0.86875 0.846875 1398
0.86875 0.846875 1400
0.86875 0.846875 1402
0.86875 0.846875 1404
0.8625 0.83125 1460
0.8625 0.83125 1460
0.8625 0.83125 1460
0.8625 0.83125 1460
0.8625 0.83125 1462
0.8625 0.834375 1468
0.8625 0.83125 1470
0.8625 0.83125 1470
0.8625 0.83125 1482
0.8625 0.83125 1482
0.8625 0.83125 1482
0.8625 0.83125 1482
0.8625 0.83125 1482
0.8625 0.83125 1482
0.8625 0.83125 1482
0.8625 0.83125 1484
0.8625 0.83125 1484
0.8625 0.83125 1484
0.8625 0.83125 1484
0.8625 0.83125 1484
0.8625 0.83125 1496
0.8625 0.83125 1496
0.8625 0.83125 1502
0.8625 0.83125 1502
0.8625 0.83125 1502
0.8625 0.83125 1502
0.8625 0.83125 1502
0.8625 0.83125 1502
0.8625 0.83125 1514
0.8625 0.83125 1520
0.8625 0.83125 1520
0.8625 0.83125 1520
0.8625 0.83125 1520
0.8625 0.83125 1520
0.8625 0.83125 1520
0.8625 0.83125 1520
0.8625 0.83125 1520
0.8625 0.83125 1520
0.8625 0.83125 1520
0.8625 0.83125 1520
0.8625 0.83125 1522
0.859375 0.83125 1524
0.859375 0.83125 1524
0.859375 0.83125 1524
0.859375 0.83125 1524
0.859375 0.83125 1524
0.859375 0.83125 1524
0.859375 0.83125 1524
0.859375 0.828125 1530
0.859375 0.828125 1536
0.859375 0.828125 1538
0.859375 0.828125 1538
0.859375 0.825 1538
0.859375 0.825 1540
0.859375 0.825 1542
0.859375 0.825 1542
0.859375 0.825 1542
0.859375 0.825 1542
0.859375 0.825 1542
0.859375 0.825 1542
0.859375 0.825 1544
0.859375 0.825 1544
0.85625 0.825 1546
0.85625 0.825 1546
0.853125 0.825 1552
0.853125 0.825 1552
0.853125 0.825 1552
0.853125 0.825 1552
0.853125 0.825 1552
0.853125 0.825 1552
0.853125 0.825 1552
0.853125 0.825 1552
0.853125 0.825 1552
0.853125 0.825 1552
0.853125 0.825 1552
0.853125 0.825 1552
0.853125 0.825 1552
0.853125 0.825 1552
0.853125 0.825 1552
0.853125 0.825 1554
0.853125 0.825 1554
0.853125 0.825 1554
0.853125 0.825 1554
0.853125 0.825 1554
0.853125 0.825 1554
0.853125 0.825 1566
0.853125 0.825 1572
0.853125 0.825 1574
0.853125 0.825 1574
0.853125 0.825 1574
0.853125 0.825 1574
0.853125 0.825 1580
0.85625 0.825 1600
0.85625 0.825 1600
0.85625 0.825 1600
0.85625 0.825 1600
0.85625 0.825 1600
0.85625 0.83125 1600
0.85625 0.828125 1600
0.85625 0.828125 1600
0.85625 0.828125 1620
0.85625 0.828125 1620
0.85625 0.828125 1620
0.85625 0.828125 1620
0.85625 0.828125 1620
0.85625 0.828125 1620
0.85625 0.828125 1620
0.85625 0.828125 1626
0.85625 0.828125 1626
0.85625 0.828125 1626
0.85625 0.828125 1626
0.85625 0.828125 1626
0.85625 0.828125 1626
0.85625 0.828125 1626
0.85625 0.828125 1626
0.859375 0.8375 1682
0.859375 0.834375 1682
0.859375 0.83125 1682
0.859375 0.83125 1684
0.859375 0.83125 1684
0.859375 0.83125 1686
0.859375 0.83125 1686
0.859375 0.83125 1686
0.859375 0.83125 1686
0.859375 0.83125 1686
0.859375 0.83125 1686
0.859375 0.828125 1698
0.859375 0.825 1700
0.859375 0.825 1700
0.859375 0.825 1700
0.859375 0.825 1700
0.859375 0.828125 1700
0.859375 0.83125 1700
0.846875 0.8375 1742
0.846875 0.8375 1744
0.846875 0.8375 1744
0.846875 0.8375 1744
0.846875 0.8375 1744
0.846875 0.8375 1746
0.846875 0.8375 1746
0.846875 0.8375 1746
0.846875 0.8375 1748
0.846875 0.8375 1748
0.846875 0.8375 1748
0.846875 0.834375 1748
0.846875 0.834375 1748
0.846875 0.834375 1748
0.846875 0.834375 1748
0.846875 0.834375 1748
0.846875 0.834375 1748
0.846875 0.83125 1748
0.846875 0.834375 1748
0.846875 0.834375 1750
0.846875 0.825 1756
0.846875 0.825 1756
0.846875 0.825 1768
0.846875 0.825 1770
0.846875 0.825 1770
0.846875 0.825 1770
0.846875 0.828125 1770
0.846875 0.828125 1770
0.846875 0.83125 1770
0.846875 0.828125 1772
0.846875 0.83125 1772
0.846875 0.83125 1772
0.846875 0.83125 1774
0.846875 0.8375 1794
0.846875 0.8375 1794
0.846875 0.840625 1794
0.846875 0.840625 1794
0.846875 0.840625 1794
0.846875 0.840625 1796
0.846875 0.8375 1796
0.846875 0.8375 1796
0.846875 0.8375 1796
0.846875 0.8375 1802
0.846875 0.8375 1804
0.846875 0.8375 1806
0.846875 0.8375 1808
0.846875 0.8375 1808
0.846875 0.8375 1808
0.846875 0.8375 1808
0.846875 0.8375 1808
0.846875 0.834375 1808
0.846875 0.834375 1808
0.846875 0.834375 1808
0.846875 0.834375 1808
0.846875 0.840625 1808
0.846875 0.840625 1808
0.846875 0.8375 1808
0.846875 0.8375 1810
0.846875 0.8375 1810
0.84375 0.825 1882
0.84375 0.825 1882
0.84375 0.825 1882
0.84375 0.83125 1888
0.84375 0.83125 1888
0.84375 0.828125 1888
0.84375 0.828125 1888
0.84375 0.83125 1888
0.84375 0.83125 1888
0.84375 0.83125 1888
0.84375 0.83125 1888
0.84375 0.834375 1890
0.84375 0.83125 1890
0.84375 0.83125 1896
0.84375 0.83125 1896
0.84375 0.828125 1896
0.84375 0.828125 1896
0.84375 0.828125 1896
0.846875 0.83125 1908
0.846875 0.83125 1908
0.846875 0.83125 1908
0.846875 0.83125 1914
0.846875 0.83125 1914
0.846875 0.83125 1914
0.846875 0.83125 1914
0.846875 0.83125 1916
0.846875 0.83125 1916
0.846875 0.83125 1916
0.846875 0.83125 1916
0.846875 0.83125 1928
0.846875 0.83125 1928
0.846875 0.83125 1934
0.846875 0.83125 1934
0.846875 0.83125 1934
0.846875 0.83125 1934
0.846875 0.83125 1934
0.846875 0.83125 1934
0.846875 0.83125 1946
0.846875 0.83125 1946
0.846875 0.828125 1946
0.84375 0.825 2002
0.84375 0.825 2002
0.84375 0.825 2002
0.84375 0.825 2002
0.84375 0.825 2002
0.84375 0.825 2022
0.84375 0.825 2034
0.84375 0.825 2034
0.84375 0.825 2034
0.84375 0.825 2034
0.84375 0.825 2034
0.84375 0.825 2046
0.84375 0.825 2046
0.84375 0.825 2046
0.84375 0.825 2046
0.84375 0.825 2046
0.84375 0.825 2046
0.84375 0.825 2046
0.84375 0.825 2046
0.84375 0.825 2046
0.84375 0.825 2046
0.84375 0.825 2046
0.84375 0.825 2052
0.84375 0.825 2054
0.84375 0.825 2054
0.84375 0.825 2054
0.84375 0.825 2056
0.84375 0.825 2056
0.84375 0.825 2056
0.84375 0.825 2056
0.84375 0.825 2056
0.84375 0.825 2056
0.84375 0.825 2056
0.84375 0.825 2056
0.84375 0.825 2056
0.84375 0.825 2056
0.84375 0.81875 2068
0.84375 0.81875 2068
0.84375 0.81875 2070
0.84375 0.81875 2070
0.84375 0.81875 2070
0.84375 0.81875 2090
0.84375 0.81875 2090
0.84375 0.81875 2090
0.84375 0.81875 2090
0.84375 0.81875 2090
0.84375 0.81875 2092
0.84375 0.81875 2092
0.84375 0.81875 2092
0.84375 0.815625 2092
0.84375 0.815625 2092
0.84375 0.8125 2092
0.84375 0.8125 2092
0.84375 0.8125 2092
0.84375 0.8125 2094
0.84375 0.8125 2094
0.84375 0.8125 2094
0.84375 0.8125 2094
0.84375 0.815625 2100
0.84375 0.815625 2102
0.84375 0.815625 2104
0.84375 0.815625 2104
0.828125 0.803125 2260
0.825 0.79375 2316
0.825 0.79375 2316
0.825 0.79375 2316
0.825 0.79375 2316
0.825 0.79375 2316
0.825 0.79375 2316
0.825 0.79375 2318
0.825 0.79375 2318
0.825 0.796875 2324
0.825 0.796875 2324
0.825 0.796875 2324
0.825 0.796875 2324
0.825 0.796875 2324
0.825 0.796875 2324
0.825 0.796875 2324
0.825 0.796875 2324
0.825 0.796875 2324
0.825 0.796875 2326
0.825 0.796875 2328
0.825 0.796875 2328
0.825 0.8 2328
0.825 0.8 2328
0.825 0.8 2328
0.825 0.8 2328
0.825 0.8 2328
0.825 0.8 2334
0.825 0.8 2334
0.825 0.8 2336
0.825 0.8 2336
0.825 0.8 2338
0.825 0.8 2338
0.825 0.8 2340
0.825 0.8 2340
0.825 0.8 2340
0.825 0.8 2342
0.825 0.8 2342
0.825 0.8 2342
0.825 0.8 2342
0.825 0.8 2342
0.825 0.8 2342
0.825 0.8 2342
0.825 0.80625 2354
0.825 0.80625 2354
0.825 0.80625 2354
0.825 0.80625 2384
0.825 0.80625 2384
0.825 0.80625 2384
0.825 0.80625 2384
0.825 0.80625 2384
0.825 0.80625 2384
0.825 0.80625 2384
0.825 0.80625 2384
0.825 0.80625 2384
0.825 0.80625 2384
0.825 0.80625 2384
0.825 0.80625 2384
0.825 0.80625 2384
0.825 0.80625 2384
0.825 0.80625 2384
0.825 0.80625 2384
0.825 0.80625 2390
0.825 0.80625 2390
0.825 0.80625 2390
0.825 0.80625 2390
0.825 0.80625 2390
0.825 0.80625 2390
0.825 0.80625 2390
0.825 0.80625 2390
0.825 0.8 2410
0.825 0.796875 2410
0.825 0.796875 2410
0.825 0.796875 2410
0.825 0.796875 2410
0.825 0.79375 2412
0.825 0.79375 2412
0.825 0.79375 2412
0.825 0.79375 2412
0.825 0.79375 2412
0.825 0.79375 2484
0.825 0.79375 2484
0.825 0.79375 2484
0.825 0.796875 2490
0.825 0.796875 2490
0.825 0.796875 2490
0.825 0.796875 2492
0.825 0.796875 2492
0.825 0.796875 2492
0.834375 0.8 2504
0.878125 0.834375 2546
0.878125 0.834375 2546
0.878125 0.834375 2552
0.878125 0.834375 2552
0.878125 0.834375 2554
0.878125 0.834375 2554
0.871875 0.8375 2560
0.871875 0.8375 2560
0.871875 0.8375 2560
0.871875 0.8375 2560
0.871875 0.834375 2560
0.871875 0.834375 2560
0.871875 0.834375 2566
0.871875 0.834375 2568
0.871875 0.834375 2568
0.871875 0.834375 2568
0.871875 0.834375 2568
0.871875 0.834375 2568
0.871875 0.834375 2568
0.871875 0.834375 2568
0.871875 0.834375 2570
0.86875 0.834375 2702
0.86875 0.834375 2704
0.86875 0.834375 2704
0.86875 0.834375 2704
0.86875 0.834375 2704
0.86875 0.834375 2704
0.86875 0.834375 2704
0.865625 0.83125 2706
0.865625 0.83125 2706
0.865625 0.83125 2706
0.865625 0.83125 2706
0.865625 0.83125 2706
0.865625 0.834375 2706
0.865625 0.834375 2706
0.865625 0.834375 2706
0.865625 0.834375 2706
0.865625 0.834375 2706
0.865625 0.834375 2708
0.865625 0.834375 2708
0.865625 0.834375 2708
0.865625 0.834375 2708
0.865625 0.834375 2710
0.865625 0.834375 2710
0.865625 0.834375 2710
0.865625 0.834375 2710
0.865625 0.834375 2710
0.865625 0.834375 2710
0.865625 0.834375 2710
0.865625 0.834375 2710
0.865625 0.834375 2710
0.865625 0.834375 2716
0.865625 0.834375 2716
0.865625 0.834375 2716
0.865625 0.834375 2716
0.865625 0.834375 2716
0.865625 0.834375 2716
0.865625 0.834375 2716
0.865625 0.834375 2716
0.865625 0.834375 2716
0.865625 0.834375 2718
0.865625 0.834375 2718
0.865625 0.834375 2718
0.871875 0.834375 2730
0.871875 0.834375 2730
0.871875 0.834375 2730
0.871875 0.834375 2730
0.871875 0.834375 2730
0.871875 0.834375 2742
0.871875 0.834375 2754
0.871875 0.834375 2754
0.871875 0.834375 2754
0.871875 0.834375 2754
0.871875 0.834375 2766
0.871875 0.834375 2766
0.871875 0.834375 2766
0.871875 0.834375 2766
0.871875 0.834375 2766
0.871875 0.834375 2766
0.871875 0.834375 2766
0.871875 0.834375 2766
0.871875 0.834375 2766
0.871875 0.834375 2772
0.871875 0.834375 2772
0.871875 0.834375 2772
0.871875 0.834375 2772
0.871875 0.834375 2772
0.871875 0.834375 2772
0.871875 0.834375 2772
0.871875 0.834375 2774
0.871875 0.834375 2774
0.871875 0.834375 2774
0.871875 0.834375 2774
0.871875 0.834375 2774
0.871875 0.834375 2776
0.871875 0.834375 2776
0.871875 0.834375 2776
0.871875 0.834375 2778
0.871875 0.834375 2778
0.871875 0.834375 2778
0.871875 0.834375 2778
0.871875 0.834375 2780
0.871875 0.834375 2780
0.871875 0.834375 2780
0.871875 0.834375 2782
0.871875 0.834375 2782
0.871875 0.834375 2782
0.871875 0.834375 2782
0.875 0.840625 2838
0.875 0.840625 2838
0.875 0.840625 2838
0.875 0.840625 2838
0.875 0.840625 2838
0.875 0.840625 2840
0.875 0.840625 2846
0.875 0.840625 2846
0.875 0.840625 2858
0.875 0.840625 2858
0.875 0.840625 2864
0.875 0.840625 2864
0.875 0.840625 2864
0.875 0.840625 2870
0.875 0.840625 2870
0.875 0.840625 2870
0.875 0.840625 2870
0.875 0.840625 2870
0.875 0.840625 2870
0.875 0.840625 2870
0.875 0.840625 2872
0.875 0.840625 2872
0.875 0.840625 2874
0.875 0.840625 2874
0.875 0.840625 2874
0.875 0.840625 2874
0.875 0.840625 2880
0.875 0.840625 2880
0.875 0.840625 2880
0.875 0.840625 2880
0.875 0.840625 2880
0.875 0.840625 2880
0.875 0.840625 2882
0.875 0.840625 2884
0.875 0.840625 2886
0.875 0.840625 2888
0.875 0.840625 2888
0.875 0.840625 2890
0.875 0.840625 2890
0.875 0.840625 2890
0.875 0.840625 2890
0.875 0.840625 2890
0.875 0.840625 2890
0.875 0.840625 2890
0.875 0.840625 2890
0.875 0.840625 2890
0.875 0.840625 2902
0.875 0.840625 2902
0.875 0.840625 2902
0.875 0.84375 2902
0.875 0.84375 2902
0.875 0.846875 2904
0.875 0.846875 2906
0.875 0.846875 2906
0.875 0.846875 2906
0.875 0.846875 2906
0.875 0.846875 2912
0.875 0.846875 2912
0.875 0.846875 2918
0.875 0.846875 2924
0.875 0.846875 2924
0.875 0.846875 2926
0.875 0.846875 2926
0.875 0.846875 2926
0.875 0.846875 2926
0.88125 0.846875 2938
0.88125 0.846875 2938
0.88125 0.846875 2938
0.88125 0.846875 2938
0.88125 0.846875 2958
0.88125 0.846875 2964
0.88125 0.846875 2964
0.88125 0.846875 2970
0.88125 0.846875 2972
0.88125 0.846875 2972
0.88125 0.846875 2972
0.88125 0.846875 2972
0.88125 0.846875 2972
0.88125 0.846875 2974
0.88125 0.846875 2980
0.88125 0.846875 2980
0.88125 0.846875 2982
0.88125 0.846875 2982
0.88125 0.846875 2984
0.88125 0.846875 2984
0.88125 0.846875 2986
0.88125 0.846875 2986
0.88125 0.846875 2988
0.88125 0.846875 2988
0.88125 0.846875 2990
0.88125 0.846875 2990
0.88125 0.846875 2990
0.88125 0.846875 2990
0.878125 0.846875 2992
0.878125 0.846875 2992
0.878125 0.846875 2992
0.878125 0.846875 2992
0.878125 0.846875 2992
0.878125 0.846875 2992
0.878125 0.846875 3004
0.878125 0.846875 3004
0.878125 0.846875 3004
0.878125 0.846875 3004
0.878125 0.846875 3004
0.878125 0.846875 3004
0.878125 0.846875 3004
0.878125 0.846875 3004
0.878125 0.846875 3010
0.878125 0.846875 3010
0.878125 0.846875 3010
0.878125 0.846875 3010
0.878125 0.846875 3010
0.878125 0.846875 3016
0.878125 0.846875 3016
0.878125 0.846875 3018
0.878125 0.846875 3030
0.878125 0.846875 3030
0.878125 0.846875 3030
0.878125 0.846875 3030
0.878125 0.846875 3030
0.878125 0.846875 3050
0.878125 0.846875 3050
0.878125 0.846875 3050
0.878125 0.846875 3050
0.878125 0.846875 3050
0.878125 0.846875 3050
0.878125 0.846875 3050
0.88125 0.859375 3062
0.88125 0.859375 3062
0.88125 0.859375 3062
0.88125 0.859375 3062
0.88125 0.859375 3062
0.88125 0.859375 3062
0.88125 0.859375 3062
0.88125 0.859375 3062
0.88125 0.859375 3064
0.88125 0.859375 3066
0.88125 0.859375 3066
0.88125 0.859375 3066
0.88125 0.859375 3066
0.88125 0.859375 3066
0.88125 0.859375 3066
0.88125 0.859375 3068
0.88125 0.859375 3070
0.89375 0.859375 3126
0.89375 0.859375 3126
0.89375 0.859375 3126
0.89375 0.859375 3126
0.89375 0.859375 3126
0.89375 0.859375 3126
0.89375 0.859375 3128
0.89375 0.859375 3130
0.89375 0.859375 3130
0.89375 0.859375 3132
0.89375 0.859375 3134
0.89375 0.859375 3134
0.89375 0.859375 3134
0.89375 0.859375 3134
0.89375 0.859375 3136
0.89375 0.859375 3136
0.89375 0.859375 3136
0.890625 0.859375 3148
0.890625 0.859375 3148
0.890625 0.859375 3160
0.890625 0.859375 3160
0.89375 0.859375 3172
0.89375 0.859375 3174
0.89375 0.859375 3176
0.89375 0.859375 3176
0.89375 0.859375 3182
0.89375 0.859375 3188
0.89375 0.859375 3218
0.89375 0.859375 3218
0.89375 0.859375 3218
0.89375 0.859375 3218
0.89375 0.859375 3218
0.89375 0.859375 3218
0.89375 0.859375 3218
0.89375 0.859375 3230
0.89375 0.859375 3236
0.89375 0.859375 3236
0.890625 0.859375 3242
0.8875 0.859375 3254
0.8875 0.859375 3254
0.8875 0.859375 3254
0.8875 0.859375 3260
0.8875 0.859375 3260
0.8875 0.859375 3260
0.89375 0.859375 3272
0.89375 0.859375 3274
0.89375 0.859375 3274
0.8875 0.853125 3280
0.8875 0.853125 3280
0.8875 0.853125 3280
0.8875 0.853125 3280
0.8875 0.853125 3280
0.8875 0.853125 3280
0.8875 0.853125 3280
0.8875 0.853125 3282
0.8875 0.853125 3282
0.8875 0.853125 3282
0.8875 0.853125 3302
0.8875 0.853125 3302
0.8875 0.853125 3302
0.8875 0.853125 3302
0.8875 0.853125 3302
0.8875 0.853125 3302
0.8875 0.853125 3302
0.8875 0.853125 3302
0.8875 0.853125 3302
0.8875 0.853125 3302
0.8875 0.853125 3302
0.8875 0.853125 3304
0.8875 0.853125 3310
0.8875 0.853125 3310
0.8875 0.853125 3312
0.8875 0.853125 3312
0.8875 0.853125 3312
0.884375 0.846875 3324
0.884375 0.846875 3324
0.884375 0.846875 3324
0.884375 0.846875 3324
0.884375 0.846875 3324
0.884375 0.846875 3326
0.884375 0.846875 3328
0.884375 0.846875 3328
0.884375 0.846875 3328
0.884375 0.846875 3328
0.884375 0.846875 3328
0.884375 0.846875 3328
0.884375 0.846875 3340
0.884375 0.846875 3340
0.884375 0.846875 3346
0.884375 0.846875 3348
0.884375 0.846875 3378
0.8875 0.853125 3398
0.8875 0.853125 3400
0.8875 0.853125 3400
0.8875 0.853125 3400
0.8875 0.853125 3400
0.8875 0.853125 3400
0.890625 0.853125 3402
0.890625 0.853125 3402
0.890625 0.853125 3402
0.890625 0.853125 3414
0.890625 0.853125 3414
0.890625 0.853125 3414
0.890625 0.853125 3414
0.890625 0.853125 3414
0.890625 0.853125 3414
0.890625 0.853125 3416
0.890625 0.853125 3416
0.890625 0.853125 3416
0.890625 0.853125 3416
0.890625 0.853125 3416
0.890625 0.853125 3428
0.890625 0.853125 3428
0.890625 0.853125 3428
0.890625 0.853125 3428
0.890625 0.853125 3430
0.890625 0.853125 3430
0.890625 0.853125 3430
0.890625 0.853125 3430
0.890625 0.853125 3430
0.890625 0.853125 3430
0.890625 0.853125 3450
0.890625 0.853125 3450
0.890625 0.853125 3450
0.890625 0.853125 3450
0.890625 0.853125 3450
0.890625 0.853125 3450
0.890625 0.853125 3452
0.890625 0.853125 3452
0.890625 0.85 3454
0.890625 0.846875 3454
0.890625 0.84375 3454
0.890625 0.84375 3454
0.890625 0.84375 3454
0.890625 0.846875 3466
0.890625 0.846875 3466
0.890625 0.846875 3466
0.890625 0.846875 3466
0.890625 0.846875 3466
0.890625 0.846875 3466
0.890625 0.846875 3466
0.8875 0.85 3478
0.8875 0.85 3478
0.8875 0.85 3478
0.8875 0.85 3480
0.8875 0.85 3480
0.8875 0.85 3482
0.8875 0.853125 3494
0.8875 0.853125 3514
0.8875 0.85 3514
0.8875 0.85 3520
0.884375 0.85625 3562
0.884375 0.859375 3562
0.884375 0.859375 3564
0.8875 0.859375 3584
0.8875 0.859375 3584
0.8875 0.859375 3584
0.8875 0.859375 3584
0.8875 0.859375 3584
0.8875 0.859375 3584
0.8875 0.859375 3584
0.8875 0.859375 3590
0.8875 0.859375 3592
0.8875 0.85625 3592
0.8875 0.85625 3592
0.8875 0.85625 3592
0.8875 0.85625 3598
0.8875 0.85625 3604
0.8875 0.853125 3604
0.8875 0.853125 3604
0.8875 0.853125 3604
0.8875 0.853125 3604
0.8875 0.853125 3604
0.8875 0.853125 3604
0.884375 0.846875 3610
0.884375 0.846875 3610
0.884375 0.84375 3612
0.884375 0.84375 3612
0.884375 0.84375 3612
0.884375 0.846875 3612
0.884375 0.846875 3612
0.884375 0.846875 3612
0.884375 0.84375 3614
0.884375 0.84375 3614
0.884375 0.84375 3614
0.884375 0.84375 3614
0.884375 0.84375 3614
0.878125 0.8375 3644
0.878125 0.834375 3644
0.878125 0.8375 3646
0.878125 0.8375 3646
0.878125 0.8375 3648
0.878125 0.8375 3648
0.878125 0.8375 3648
0.878125 0.8375 3648
0.878125 0.8375 3648
0.878125 0.8375 3648
0.878125 0.8375 3648
0.878125 0.8375 3648
0.89375 0.859375 3720
0.89375 0.859375 3722
0.89375 0.8625 3724
0.89375 0.8625 3724
0.89375 0.8625 3724
0.89375 0.859375 3724
0.89375 0.859375 3724
0.89375 0.85625 3724
0.89375 0.85625 3726
0.89375 0.85625 3726
0.89375 0.85625 3726
0.89375 0.85625 3726
0.89375 0.85625 3726
0.89375 0.85625 3726
0.89375 0.85625 3726
0.89375 0.85625 3726
0.89375 0.85625 3726
0.89375 0.85625 3726
0.89375 0.85625 3726
0.89375 0.85625 3726
0.89375 0.85625 3726
0.89375 0.85625 3732
0.89375 0.85625 3732
0.89375 0.85625 3732
0.89375 0.85625 3732
0.89375 0.85625 3734
0.89375 0.85625 3734
0.89375 0.85625 3734
0.89375 0.85625 3734
0.89375 0.85625 3734
0.89375 0.85625 3736
0.89375 0.85625 3738
0.89375 0.85625 3740
0.89375 0.85625 3740
0.89375 0.85625 3740
0.89375 0.85625 3740
0.89375 0.85625 3740
0.89375 0.85625 3770
0.89375 0.85625 3770
0.89375 0.85625 3770
0.89375 0.85625 3770
0.89375 0.85625 3770
0.89375 0.85625 3770
0.89375 0.85625 3770
0.89375 0.85625 3770
0.89375 0.85625 3770
0.89375 0.85625 3770
0.89375 0.85625 3770
0.89375 0.85625 3770
0.89375 0.85625 3770
0.89375 0.85625 3770
0.896875 0.8625 3812
0.896875 0.8625 3812
0.896875 0.8625 3812
0.896875 0.8625 3812
0.896875 0.8625 3812
0.896875 0.8625 3812
0.896875 0.8625 3812
0.896875 0.8625 3812
0.896875 0.8625 3812
0.896875 0.8625 3812
0.896875 0.8625 3818
0.896875 0.8625 3818
0.896875 0.8625 3818
0.896875 0.8625 3818
0.896875 0.8625 3818
0.896875 0.8625 3818
0.896875 0.8625 3818
0.896875 0.8625 3818
0.896875 0.8625 3818
0.896875 0.8625 3818
0.896875 0.8625 3818
0.896875 0.8625 3818
0.896875 0.8625 3818
0.896875 0.8625 3820
0.896875 0.8625 3820
0.896875 0.8625 3820
0.896875 0.8625 3820
0.896875 0.8625 3820
0.896875 0.8625 3820
0.896875 0.8625 3820
0.896875 0.8625 3822
0.896875 0.8625 3822
0.896875 0.8625 3822
0.896875 0.8625 3822
0.896875 0.8625 3824
0.896875 0.8625 3824
0.896875 0.8625 3824
0.896875 0.8625 3824
0.896875 0.8625 3824
0.896875 0.8625 3824
0.896875 0.8625 3824
0.896875 0.8625 3824
0.896875 0.8625 3824
0.896875 0.8625 3824
0.896875 0.8625 3824
0.896875 0.865625 3824
0.896875 0.865625 3824
0.896875 0.865625 3824
0.896875 0.865625 3830
0.896875 0.865625 3830
0.896875 0.865625 3830
0.896875 0.865625 3830
0.896875 0.865625 3830
0.896875 0.865625 3830
0.896875 0.865625 3830
0.896875 0.865625 3830
0.896875 0.865625 3830
0.896875 0.865625 3830
0.896875 0.865625 3830
0.896875 0.865625 3830
0.896875 0.8625 3830
0.896875 0.8625 3830
0.896875 0.8625 3830
0.896875 0.8625 3830
0.896875 0.859375 3830
0.896875 0.859375 3830
0.896875 0.859375 3830
0.896875 0.859375 3830
0.896875 0.859375 3830
0.896875 0.859375 3830
0.896875 0.859375 3832
0.896875 0.859375 3838
0.896875 0.859375 3838
0.896875 0.859375 3840
0.896875 0.8625 3912
0.896875 0.8625 3924
0.896875 0.8625 3924
0.896875 0.8625 3924
0.896875 0.8625 3924
0.896875 0.8625 3926
0.896875 0.8625 3926
0.896875 0.8625 3932
0.896875 0.8625 3932
0.896875 0.8625 3932
0.896875 0.8625 3932
0.896875 0.8625 3932
0.896875 0.8625 3932
0.896875 0.8625 3932
0.896875 0.8625 3932
0.896875 0.8625 3932
0.896875 0.8625 3944
0.896875 0.8625 3944
0.896875 0.8625 3944
0.896875 0.8625 3944
0.896875 0.8625 3946
0.896875 0.8625 3946
0.896875 0.8625 3946
0.896875 0.8625 3946
0.896875 0.8625 3946
0.896875 0.8625 3946
0.896875 0.8625 3946
0.896875 0.8625 3946
0.896875 0.8625 3946
0.896875 0.8625 3946
0.896875 0.8625 3948
0.896875 0.8625 3948
0.896875 0.8625 3948
0.896875 0.8625 3978
0.896875 0.8625 3978
0.896875 0.8625 3980
0.896875 0.8625 4010
0.896875 0.8625 4010
0.896875 0.8625 4010
0.896875 0.8625 4010
0.896875 0.8625 4010
0.896875 0.8625 4010
0.896875 0.8625 4012
0.896875 0.8625 4012
0.896875 0.8625 4012
0.896875 0.8625 4014
0.896875 0.8625 4014
0.896875 0.8625 4016
0.896875 0.8625 4016
0.896875 0.8625 4016
0.896875 0.8625 4016
0.896875 0.8625 4016
0.896875 0.8625 4016
0.896875 0.8625 4028
0.896875 0.8625 4028
0.896875 0.8625 4028
0.9 0.8625 4058
0.9 0.8625 4058
0.9 0.8625 4058
0.9 0.8625 4060
0.9 0.8625 4062
0.9 0.8625 4062
0.9 0.8625 4062
0.9 0.8625 4062
0.903125 0.8625 4104
0.903125 0.86875 4134
0.903125 0.86875 4134
0.903125 0.86875 4134
0.903125 0.86875 4134
0.903125 0.86875 4134
0.903125 0.86875 4136
0.903125 0.86875 4136
0.903125 0.86875 4136
0.903125 0.86875 4136
0.903125 0.86875 4136
0.903125 0.86875 4138
0.903125 0.86875 4144
0.903125 0.86875 4146
0.903125 0.8625 4146
0.903125 0.8625 4146
0.903125 0.8625 4148
0.903125 0.8625 4148
0.903125 0.8625 4148
0.903125 0.8625 4148
0.903125 0.8625 4148
0.903125 0.8625 4160
0.903125 0.8625 4162
0.903125 0.8625 4162
0.903125 0.8625 4162
0.903125 0.8625 4164
0.903125 0.8625 4164
0.903125 0.8625 4164
0.903125 0.8625 4164
0.903125 0.8625 4166
0.903125 0.8625 4166
0.903125 0.8625 4168
0.903125 0.8625 4168
0.903125 0.8625 4170
0.903125 0.8625 4170
0.903125 0.8625 4170
0.903125 0.8625 4170
0.903125 0.8625 4170
0.903125 0.8625 4190
0.903125 0.8625 4192
0.903125 0.8625 4192
0.903125 0.8625 4192
0.903125 0.8625 4192
0.903125 0.8625 4204
0.903125 0.8625 4204
0.903125 0.8625 4206
0.903125 0.8625 4208
0.903125 0.8625 4220
0.903125 0.8625 4220
0.903125 0.8625 4220
0.903125 0.8625 4220
0.903125 0.8625 4222
0.903125 0.8625 4222
0.903125 0.8625 4222
0.903125 0.8625 4222
0.903125 0.8625 4222
0.903125 0.8625 4222
0.903125 0.8625 4222
0.903125 0.8625 4222
0.903125 0.8625 4222
0.903125 0.8625 4222
0.903125 0.8625 4222
0.903125 0.8625 4222
0.903125 0.8625 4222
0.903125 0.8625 4252
0.903125 0.8625 4252
0.903125 0.8625 4252
0.903125 0.8625 4252
0.903125 0.8625 4254
0.903125 0.8625 4254
0.903125 0.8625 4254
0.903125 0.865625 4284
0.903125 0.865625 4284
0.903125 0.865625 4284
0.903125 0.865625 4284
0.903125 0.865625 4284
0.903125 0.865625 4284
0.9 0.86875 4296
0.9 0.86875 4302
0.9 0.86875 4302
0.9 0.86875 4302
0.9 0.86875 4302
0.9 0.86875 4302
0.9 0.86875 4302
0.9 0.86875 4302
0.9 0.86875 4302
0.9 0.86875 4302
0.9 0.86875 4302
0.9 0.86875 4302
0.9 0.86875 4302
0.9 0.86875 4302
0.9 0.86875 4314
0.89375 0.86875 4320
0.89375 0.86875 4320
0.89375 0.86875 4320
0.89375 0.8625 4322
0.89375 0.8625 4322
0.903125 0.86875 4394
0.903125 0.86875 4394
0.903125 0.86875 4396
0.903125 0.86875 4398
0.903125 0.86875 4398
0.903125 0.86875 4398
0.903125 0.865625 4400
0.903125 0.865625 4400
0.903125 0.865625 4400
0.903125 0.865625 4400
0.903125 0.86875 4400
0.903125 0.86875 4400
0.903125 0.86875 4400
0.903125 0.86875 4400
0.903125 0.86875 4400
0.903125 0.86875 4400
0.903125 0.86875 4400
0.903125 0.86875 4400
0.903125 0.86875 4400
0.903125 0.86875 4400
0.903125 0.86875 4400
0.903125 0.86875 4400
0.903125 0.86875 4400
0.903125 0.86875 4400
0.903125 0.86875 4400
0.903125 0.86875 4400
0.903125 0.86875 4406
0.903125 0.86875 4406
0.903125 0.86875 4406
0.903125 0.86875 4412
0.903125 0.86875 4412
0.903125 0.865625 4414
0.903125 0.865625 4426
0.903125 0.865625 4426
0.903125 0.865625 4426
0.903125 0.865625 4426
0.903125 0.865625 4426
0.903125 0.865625 4426
0.903125 0.865625 4426
0.903125 0.865625 4432
0.903125 0.865625 4438
0.903125 0.8625 4450
0.903125 0.8625 4456
0.903125 0.8625 4456
0.903125 0.8625 4456
0.903125 0.8625 4456
0.903125 0.8625 4462
0.903125 0.8625 4462
0.903125 0.8625 4462
0.903125 0.8625 4462
0.903125 0.8625 4462
0.903125 0.8625 4464
0.903125 0.8625 4464
0.90625 0.8625 4506
0.90625 0.8625 4506
0.90625 0.8625 4506
0.90625 0.8625 4506
0.90625 0.8625 4508
0.90625 0.8625 4514
0.90625 0.85625 4544
0.90625 0.85625 4544
0.90625 0.85625 4546
0.90625 0.85625 4546
0.90625 0.85625 4558
0.896875 0.846875 4690
0.896875 0.846875 4690
0.89375 0.846875 4710
0.89375 0.846875 4710
0.89375 0.846875 4710
0.89375 0.846875 4710
0.89375 0.846875 4710
0.89375 0.846875 4710
0.89375 0.846875 4710
0.89375 0.846875 4710
0.89375 0.846875 4710
0.89375 0.846875 4712
0.89375 0.846875 4712
0.89375 0.846875 4714
0.89375 0.846875 4714
0.89375 0.846875 4714
0.89375 0.846875 4716
0.89375 0.846875 4716
0.89375 0.84375 4716
0.89375 0.84375 4716
0.89375 0.85 4746
0.89375 0.85 4746
0.89375 0.85 4746
0.89375 0.85 4746
0.89375 0.85 4746
0.89375 0.85 4748
0.89375 0.85 4748
0.89375 0.85 4750
0.89375 0.85 4750
0.89375 0.85 4750
0.89375 0.85 4750
0.89375 0.85 4750
0.89375 0.853125 4750
0.890625 0.853125 4792
0.890625 0.853125 4792
0.890625 0.853125 4792
0.890625 0.853125 4798
0.890625 0.853125 4798
0.890625 0.853125 4810
0.890625 0.853125 4810
0.890625 0.853125 4812
0.890625 0.853125 4812
0.890625 0.85 4818
0.890625 0.85 4820
0.890625 0.85 4820
0.890625 0.85 4820
0.890625 0.85 4820
0.890625 0.85 4820
0.890625 0.85 4820
0.890625 0.85 4826
0.890625 0.85 4826
0.89375 0.859375 4846
0.89375 0.859375 4846
0.89375 0.859375 4846
0.89375 0.859375 4846
0.89375 0.859375 4846
0.89375 0.859375 4848
0.89375 0.859375 4848
0.89375 0.859375 4848
0.89375 0.859375 4854
0.89375 0.859375 4854
0.89375 0.875 4964
0.89375 0.875 4970
0.89375 0.875 4970
0.89375 0.875 5000
0.89375 0.875 5000
0.89375 0.875 5000
0.896875 0.871875 5030
0.896875 0.871875 5030
0.896875 0.871875 5032
0.896875 0.871875 5032
0.896875 0.86875 5032
0.896875 0.86875 5038
0.896875 0.86875 5038
0.896875 0.86875 5038
0.896875 0.86875 5038
0.896875 0.86875 5038
0.896875 0.86875 5038
0.896875 0.86875 5038
0.896875 0.86875 5040
0.896875 0.865625 5040
0.896875 0.865625 5040
0.896875 0.865625 5042
0.896875 0.865625 5042
0.896875 0.865625 5042
0.896875 0.865625 5042
0.896875 0.865625 5042
0.896875 0.865625 5042
0.896875 0.865625 5042
0.896875 0.865625 5044
0.896875 0.865625 5044
0.896875 0.865625 5044
0.878125 0.8375 5506
0.878125 0.8375 5518
0.878125 0.8375 5518
0.878125 0.8375 5518
0.878125 0.8375 5518
0.878125 0.8375 5520
0.878125 0.8375 5520
0.878125 0.8375 5520
0.878125 0.8375 5520
0.878125 0.8375 5520
0.878125 0.8375 5520
0.878125 0.8375 5520
0.878125 0.8375 5526
0.878125 0.8375 5528
0.878125 0.8375 5528
0.878125 0.8375 5528
0.878125 0.8375 5528
0.878125 0.8375 5528
0.878125 0.8375 5528
0.878125 0.8375 5528
0.878125 0.8375 5528
0.878125 0.8375 5528
0.878125 0.8375 5528
0.878125 0.8375 5528
0.878125 0.8375 5530
0.878125 0.8375 5532
0.878125 0.8375 5534
0.878125 0.8375 5540
0.878125 0.8375 5542
0.878125 0.8375 5542
0.878125 0.8375 5542
0.878125 0.8375 5542
0.878125 0.8375 5542
0.878125 0.8375 5542
0.878125 0.8375 5542
0.878125 0.8375 5554
0.878125 0.8375 5554
0.878125 0.8375 5560
0.878125 0.8375 5560
0.878125 0.8375 5560
0.875 0.84375 5670
0.875 0.84375 5670
0.875 0.84375 5670
0.875 0.84375 5670
0.875 0.84375 5676
0.875 0.840625 5688
0.875 0.840625 5694
0.875 0.840625 5694
0.875 0.84375 5694
0.875 0.84375 5694
0.875 0.84375 5694
0.875 0.84375 5694
0.875 0.84375 5694
0.875 0.84375 5694
0.875 0.84375 5694
0.875 0.84375 5694
0.875 0.84375 5694
0.875 0.84375 5694
0.875 0.84375 5706
0.875 0.84375 5706
0.875 0.84375 5706
0.875 0.84375 5706
0.875 0.84375 5706
0.875 0.84375 5706
0.875 0.84375 5708
0.875 0.84375 5708
0.875 0.84375 5708
0.875 0.84375 5714
0.875 0.84375 5714
0.875 0.84375 5720
0.875 0.84375 5720
0.875 0.84375 5720
0.875 0.84375 5720
0.875 0.84375 5720
0.875 0.84375 5720
0.875 0.84375 5720
0.875 0.84375 5726
0.875 0.8375 5746
0.878125 0.8375 5766
0.878125 0.8375 5772
0.878125 0.8375 5772
0.878125 0.8375 5774
0.878125 0.8375 5774
0.878125 0.8375 5774
0.878125 0.8375 5774
0.878125 0.8375 5774
0.878125 0.8375 5776
0.878125 0.8375 5776
0.878125 0.8375 5776
0.878125 0.8375 5778
0.878125 0.8375 5820
0.878125 0.8375 5820
0.878125 0.8375 5840
0.878125 0.8375 5840
0.878125 0.8375 5840
0.878125 0.8375 5840
0.878125 0.8375 5840
0.878125 0.8375 5840
0.878125 0.8375 5846
0.878125 0.8375 5846
0.878125 0.8375 5846
0.878125 0.8375 5846
0.878125 0.8375 5846
0.878125 0.8375 5846
0.878125 0.8375 5846
0.878125 0.8375 5846
0.878125 0.8375 5846
0.878125 0.8375 5846
0.878125 0.8375 5846
0.878125 0.8375 5846
0.878125 0.8375 5846
0.878125 0.8375 5858
0.878125 0.8375 5858
0.878125 0.8375 5858
0.878125 0.8375 5860
0.875 0.8375 5992
0.875 0.8375 5992
0.875 0.8375 5992
0.875 0.8375 5994
0.875 0.8375 6024
0.875 0.8375 6024
0.875 0.8375 6024
0.875 0.8375 6024
0.875 0.8375 6024
0.875 0.8375 6024
0.875 0.8375 6024
0.875 0.8375 6024
0.875 0.8375 6024
0.875 0.8375 6024
0.875 0.8375 6024
0.875 0.8375 6030
0.875 0.8375 6030
0.875 0.8375 6030
0.875 0.8375 6032
0.875 0.8375 6032
0.875 0.8375 6032
0.875 0.8375 6032
0.875 0.8375 6034
0.875 0.8375 6034
0.875 0.8375 6034
0.875 0.8375 6036
0.875 0.83125 6078
0.875 0.83125 6078
0.875 0.83125 6078
0.875 0.83125 6078
0.875 0.83125 6078
0.875 0.83125 6078
0.875 0.83125 6080
0.875 0.83125 6080
0.875 0.83125 6080
0.875 0.83125 6092
0.875 0.83125 6092
0.875 0.83125 6092
0.875 0.83125 6092
0.875 0.83125 6098
0.875 0.83125 6098
0.875 0.83125 6154
0.875 0.83125 6154
0.875 0.83125 6154
0.875 0.83125 6156
0.875 0.83125 6156
0.875 0.83125 6156
0.875 0.83125 6156
0.875 0.83125 6156
0.875 0.83125 6156
0.875 0.83125 6156
0.875 0.83125 6156
0.875 0.83125 6156
0.875 0.83125 6156
0.875 0.83125 6156
0.875 0.83125 6156
0.875 0.83125 6156
0.875 0.83125 6156
0.875 0.83125 6156
0.875 0.83125 6156
0.875 0.83125 6158
0.875 0.83125 6158
0.875 0.83125 6158
0.875 0.83125 6160
0.875 0.83125 6162
0.875 0.83125 6162
0.875 0.83125 6162
0.875 0.83125 6162
0.875 0.83125 6162
0.875 0.83125 6164
0.875 0.83125 6164
0.875 0.83125 6164
0.875 0.83125 6164
0.875 0.83125 6164
0.875 0.83125 6164
0.875 0.83125 6164
0.875 0.83125 6164
0.875 0.83125 6164
0.875 0.83125 6164
0.875 0.83125 6164
0.875 0.83125 6164
0.875 0.83125 6164
0.875 0.83125 6164
0.875 0.83125 6194
0.875 0.83125 6196
0.875 0.83125 6196
0.875 0.83125 6196
0.875 0.83125 6196
0.875 0.83125 6196
0.875 0.83125 6198
0.875 0.83125 6200
0.875 0.83125 6200
0.875 0.83125 6200
0.875 0.83125 6200
0.875 0.83125 6200
0.875 0.83125 6200
0.875 0.83125 6230
0.875 0.83125 6230
0.875 0.83125 6230
0.875 0.83125 6230
0.875 0.83125 6230
0.875 0.83125 6230
0.875 0.83125 6232
0.875 0.83125 6232
0.875 0.83125 6232
0.875 0.83125 6232
0.875 0.83125 6232
0.875 0.83125 6232
0.875 0.83125 6234
0.875 0.83125 6246
0.875 0.83125 6246
0.875 0.83125 6246
0.875 0.83125 6246
0.875 0.83125 6248
0.875 0.83125 6250
0.875 0.83125 6256
0.875 0.83125 6256
0.875 0.83125 6298
0.875 0.83125 6298
0.875 0.83125 6298
0.875 0.83125 6298
0.875 0.83125 6298
0.875 0.83125 6298
0.875 0.83125 6298
0.875 0.83125 6298
0.875 0.83125 6300
0.875 0.83125 6300
0.875 0.83125 6300
0.875 0.83125 6300
0.875 0.83125 6300
0.875 0.83125 6300
0.875 0.83125 6300
0.875 0.83125 6300
0.875 0.83125 6302
0.875 0.83125 6302
0.875 0.83125 6302
0.875 0.83125 6304
0.875 0.83125 6304
0.875 0.83125 6306
0.875 0.83125 6306
0.875 0.83125 6306
0.875 0.83125 6306
0.875 0.83125 6306
0.875 0.83125 6308
0.875 0.83125 6308
0.875 0.83125 6308
0.875 0.83125 6308
0.875 0.83125 6308
0.875 0.83125 6310
0.875 0.83125 6312
0.875 0.83125 6312
0.875 0.83125 6314
0.875 0.83125 6314
0.875 0.83125 6314
0.875 0.83125 6316
0.875 0.83125 6316
0.875 0.83125 6316
0.875 0.83125 6316
0.875 0.83125 6328
0.878125 0.8375 6334
0.878125 0.8375 6336
0.878125 0.8375 6336
0.878125 0.8375 6336
0.878125 0.8375 6336
0.878125 0.8375 6336
0.878125 0.8375 6336
0.878125 0.8375 6336
0.878125 0.8375 6336
0.878125 0.8375 6336
0.878125 0.834375 6338
0.8875 0.8375 6394
0.8875 0.8375 6394
0.8875 0.8375 6394
0.8875 0.8375 6394
0.8875 0.8375 6400
0.8875 0.8375 6400
0.8875 0.8375 6400
0.8875 0.8375 6400
0.8875 0.8375 6406
0.8875 0.8375 6436
0.8875 0.8375 6436
0.8875 0.8375 6436
0.8875 0.8375 6438
0.8875 0.8375 6438
0.8875 0.8375 6438
0.8875 0.8375 6438
0.8875 0.8375 6468
0.8875 0.8375 6468
0.8875 0.8375 6468
0.8875 0.8375 6480
0.8875 0.8375 6480
0.8875 0.8375 6480
0.8875 0.8375 6480
0.8875 0.8375 6480
0.8875 0.8375 6482
0.8875 0.8375 6482
0.8875 0.8375 6482
0.8875 0.8375 6482
0.8875 0.8375 6482
0.8875 0.8375 6482
0.8875 0.8375 6482
0.8875 0.8375 6482
0.8875 0.8375 6482
0.8875 0.8375 6482
0.8875 0.8375 6482
0.8875 0.8375 6482
0.8875 0.8375 6484
0.8875 0.8375 6484
0.8875 0.8375 6484
0.89375 0.8375 6556
0.89375 0.8375 6558
0.89375 0.8375 6558
0.89375 0.8375 6558
0.89375 0.8375 6558
0.89375 0.8375 6558
0.89375 0.83125 6560
0.89375 0.83125 6560
0.89375 0.83125 6560
0.89375 0.83125 6560
0.89375 0.8375 6602
0.89375 0.8375 6602
0.89375 0.8375 6602
0.89375 0.8375 6602
0.89375 0.8375 6602
0.89375 0.8375 6602
0.89375 0.8375 6602
0.89375 0.8375 6602
0.89375 0.8375 6602
0.89375 0.8375 6602
0.89375 0.8375 6602
0.89375 0.8375 6602
0.89375 0.8375 6602
0.89375 0.8375 6602
0.89375 0.8375 6602
0.89375 0.8375 6604
0.89375 0.8375 6606
0.89375 0.8375 6606
0.89375 0.8375 6606
0.89375 0.8375 6606
0.89375 0.8375 6606
0.89375 0.8375 6606
0.89375 0.8375 6606
0.89375 0.8375 6608
0.89375 0.8375 6608
0.89375 0.8375 6608
0.89375 0.8375 6608
0.89375 0.8375 6610
0.89375 0.8375 6610
0.89375 0.8375 6610
0.89375 0.8375 6610
0.89375 0.8375 6610
0.89375 0.8375 6616
0.89375 0.8375 6616
0.89375 0.8375 6622
0.89375 0.8375 6622
0.89375 0.8375 6622
0.89375 0.8375 6628
0.89375 0.8375 6628
0.89375 0.8375 6628
0.89375 0.8375 6628
0.89375 0.8375 6628
0.89375 0.8375 6630
0.89375 0.8375 6636
0.89375 0.8375 6636
0.89375 0.8375 6636
0.89375 0.8375 6636
0.89375 0.8375 6636
0.89375 0.8375 6636
0.89375 0.834375 6636
0.89375 0.834375 6648
0.89375 0.834375 6648
0.89375 0.834375 6654
0.89375 0.834375 6654
0.890625 0.834375 6696
0.890625 0.834375 6696
0.890625 0.834375 6696
0.890625 0.834375 6698
0.890625 0.834375 6698
0.890625 0.834375 6710
0.890625 0.834375 6710
0.890625 0.834375 6710
0.890625 0.834375 6710
0.890625 0.834375 6710
0.890625 0.834375 6710
0.884375 0.85 6782
0.884375 0.85 6782
0.884375 0.85 6782
0.884375 0.85 6782
0.884375 0.85 6782
0.884375 0.85 6782
0.884375 0.85 6782
0.884375 0.85 6782
0.884375 0.85 6782
0.884375 0.85 6788
0.884375 0.85 6788
0.884375 0.85 6788
0.884375 0.85 6790
0.884375 0.85 6790
0.884375 0.85 6790
0.884375 0.85 6802
0.884375 0.85 6804
0.884375 0.85 6810
0.884375 0.85 6810
0.884375 0.85 6816
0.884375 0.85 6816
0.884375 0.85 6816
0.884375 0.85 6816
0.884375 0.85 6816
0.884375 0.85 6818
0.884375 0.85 6820
0.884375 0.85 6820
0.884375 0.85 6820
0.884375 0.85 6820
0.884375 0.85 6820
0.884375 0.85 6820
0.884375 0.85 6820
0.884375 0.85 6820
0.884375 0.85 6820
0.884375 0.85 6820
0.88125 0.85 6822
0.88125 0.85 6822
0.88125 0.85 6824
0.88125 0.85 6836
0.88125 0.85 6836
0.88125 0.85 6836
0.88125 0.85 6836
0.88125 0.85 6836
0.88125 0.85 6836
0.88125 0.85 6836
0.88125 0.85 6836
0.88125 0.85 6838
0.88125 0.85 6838
0.88125 0.85 6838
0.88125 0.85 6838
0.88125 0.85 6838
0.88125 0.85 6838
0.88125 0.85 6838
0.878125 0.85 6858
0.878125 0.85 6858
0.878125 0.85 6858
0.878125 0.85 6858
0.878125 0.85 6864
0.878125 0.85 6864
0.878125 0.85 6864
0.878125 0.85 6866
0.878125 0.85 6868
0.878125 0.85 6868
0.878125 0.85 6868
0.878125 0.85 6880
0.878125 0.85 6880
0.878125 0.85 6880
0.878125 0.85 6880
0.878125 0.85 6880
0.878125 0.85 6880
0.878125 0.85 6880
0.878125 0.85 6880
0.878125 0.85 6880
0.878125 0.85 6880
0.878125 0.85 6880
0.878125 0.85 6880
0.878125 0.85 6880
0.878125 0.85 6886
0.878125 0.85 6886
0.878125 0.85 6886
0.878125 0.85 6886
0.878125 0.85 6886
0.878125 0.85 6892
0.878125 0.85 6892
0.878125 0.85 6894
0.878125 0.85 6894
0.878125 0.85 6894
0.878125 0.85 6894
0.878125 0.85 6894
0.878125 0.85 6894
0.878125 0.85 6894
0.878125 0.85 6894
0.878125 0.85 6894
0.875 0.85 6924
0.875 0.85 6924
0.875 0.85 6924
0.875 0.85 6924
0.875 0.85 6924
0.875 0.85 6936
0.875 0.85 6936
0.875 0.85 6936
0.875 0.85 6936
0.878125 0.85 6948
0.875 0.85 6960
0.875 0.85 6960
0.875 0.85 6960
0.875 0.85 6960
0.875 0.85 6960
0.875 0.85 6960
0.875 0.85 6966
0.875 0.85 6996
0.875 0.85 7016
0.875 0.85 7016
0.875 0.85 7016
0.875 0.85 7016
0.875 0.85 7018
0.875 0.85 7018
0.875 0.85 7018
0.875 0.85 7018
0.875 0.85 7018
0.875 0.85 7020
0.875 0.85 7020
0.875 0.85 7020
0.875 0.85 7020
0.875 0.85 7026
0.875 0.84375 7082
0.875 0.84375 7082
0.875 0.84375 7082
0.875 0.84375 7082
0.875 0.84375 7102
0.875 0.84375 7102
0.875 0.84375 7102
0.875 0.846875 7102
0.875 0.846875 7102
0.875 0.846875 7102
0.875 0.846875 7102
0.875 0.846875 7102
0.875 0.846875 7102
0.875 0.846875 7102
0.875 0.85 7102
0.875 0.85 7104
0.875 0.85 7106
0.875 0.85 7106
0.875 0.85 7106
0.875 0.85 7108
0.875 0.85 7108
0.875 0.85 7108
0.875 0.85 7108
0.875 0.85 7110
0.875 0.85 7110
0.875 0.85 7112
0.875 0.85 7112
0.875 0.85 7112
0.875 0.85 7112
0.875 0.85 7112
0.875 0.85 7112
0.875 0.85 7142
0.875 0.85 7142
0.875 0.85 7142
0.875 0.85 7148
0.875 0.85 7150
0.875 0.85 7150
0.875 0.85 7162
0.875 0.85 7162
0.875 0.85 7162
0.875 0.85 7162
0.875 0.85 7164
0.875 0.85 7164
0.875 0.85 7164
0.875 0.85 7164
0.875 0.85 7164
0.875 0.85 7164
0.875 0.85 7164
0.875 0.85 7164
0.875 0.85 7164
0.875 0.85 7184
0.875 0.85 7184
0.875 0.85 7186
0.875 0.85 7186
0.875 0.85 7186
0.875 0.85 7186
0.875 0.85 7186
0.875 0.85 7192
0.875 0.85 7192
0.875 0.85 7192
0.875 0.85 7192
0.875 0.85 7192
0.875 0.85 7192
0.875 0.85 7194
0.875 0.85 7196
0.875 0.85 7196
0.875 0.85 7196
0.875 0.85 7198
0.875 0.85 7200
0.875 0.85 7206
0.875 0.85 7206
0.875 0.85 7206
0.875 0.85 7206
0.875 0.85 7218
0.875 0.85 7218
0.875 0.85 7218
0.875 0.85 7218
0.875 0.85 7218
0.875 0.85 7218
0.875 0.85 7218
0.875 0.85 7218
0.875 0.85 7218
0.875 0.85 7218
0.875 0.85 7218
0.875 0.85 7218
0.875 0.85 7220
0.875 0.85 7220
0.875 0.85 7220
0.875 0.85 7220
0.875 0.85 7220
0.875 0.85 7222
0.875 0.85 7222
0.875 0.85 7222
0.875 0.85 7264
0.875 0.85 7264
0.875 0.85 7264
0.875 0.85 7264
0.875 0.85 7264
0.875 0.85 7264
0.875 0.85 7264
0.875 0.85 7264
0.875 0.85 7270
0.875 0.85 7270
0.875 0.85 7270
0.875 0.85 7270
0.875 0.85 7272
0.875 0.85 7272
0.875 0.85 7292
0.875 0.85 7292
0.875 0.85 7294
0.875 0.85 7294
0.875 0.85 7294
0.875 0.85 7294
0.875 0.85 7294
0.875 0.85 7294
0.875 0.85 7300
0.875 0.85 7306
0.875 0.85 7308
0.875 0.85 7308
0.875 0.85 7308
0.875 0.85 7308
0.875 0.85 7308
0.8875 0.85625 7338
0.8875 0.85625 7344
0.8875 0.85625 7344
0.8875 0.85625 7344
0.8875 0.85625 7344
0.890625 0.85625 7350
0.890625 0.85625 7352
0.890625 0.85625 7354
0.890625 0.85625 7374
0.890625 0.85625 7380
0.890625 0.85625 7380
0.890625 0.85625 7380
0.890625 0.85625 7380
0.890625 0.85625 7380
0.890625 0.85625 7380
0.890625 0.85625 7380
0.890625 0.85625 7380
0.890625 0.85625 7380
0.890625 0.85625 7380
0.890625 0.85625 7400
0.890625 0.85625 7400
0.890625 0.85625 7402
0.890625 0.85625 7404
0.89375 0.85625 7460
0.89375 0.85625 7460
0.89375 0.85625 7460
0.89375 0.85625 7466
0.89375 0.85625 7468
0.89375 0.85625 7468
0.89375 0.85625 7468
0.89375 0.85625 7468
0.89375 0.85625 7468
0.89375 0.85625 7468
0.89375 0.85625 7468
0.89375 0.85625 7468
0.89375 0.85625 7470
0.89375 0.85625 7470
0.89375 0.85625 7470
0.89375 0.85625 7470
0.89375 0.85625 7476
0.89375 0.85625 7476
0.89375 0.85625 7476
0.89375 0.85625 7476
0.89375 0.85625 7478
0.89375 0.85625 7478
0.89375 0.85625 7480
0.89375 0.85625 7482
0.89375 0.85625 7482
0.89375 0.85625 7482
0.89375 0.85625 7482
0.89375 0.85625 7482
0.896875 0.8625 7512
0.896875 0.8625 7512
0.896875 0.8625 7512
0.896875 0.8625 7518
0.896875 0.8625 7518
0.896875 0.8625 7520
0.896875 0.8625 7520
0.896875 0.8625 7520
0.896875 0.8625 7520
0.896875 0.8625 7520
0.896875 0.8625 7520
0.896875 0.8625 7520
0.896875 0.8625 7520
0.896875 0.8625 7520
0.896875 0.8625 7520
0.896875 0.8625 7520
0.896875 0.8625 7520
0.896875 0.8625 7520
0.896875 0.8625 7532
0.896875 0.8625 7534
0.896875 0.8625 7534
0.89375 0.8625 7536
0.89375 0.8625 7536
0.89375 0.8625 7556
0.89375 0.8625 7556
0.89375 0.8625 7562
0.89375 0.8625 7562
0.89375 0.8625 7564
0.89375 0.8625 7566
0.89375 0.8625 7566
0.89375 0.8625 7566
0.89375 0.8625 7566
0.89375 0.8625 7566
0.89375 0.8625 7566
0.89375 0.8625 7566
0.89375 0.8625 7566
0.89375 0.8625 7566
0.89375 0.8625 7566
0.89375 0.8625 7568
0.89375 0.8625 7568
0.89375 0.8625 7568
0.89375 0.8625 7568
0.89375 0.8625 7598
0.89375 0.8625 7598
0.89375 0.8625 7598
0.89375 0.8625 7598
0.89375 0.8625 7598
0.89375 0.8625 7598
0.89375 0.8625 7598
0.89375 0.8625 7598
0.89375 0.8625 7598
0.89375 0.8625 7598
0.89375 0.8625 7598
0.89375 0.8625 7598
0.89375 0.8625 7598
0.89375 0.8625 7598
0.89375 0.8625 7598
0.89375 0.8625 7598
0.89375 0.8625 7598
0.89375 0.8625 7598
0.89375 0.8625 7604
0.89375 0.8625 7604
0.89375 0.8625 7606
0.89375 0.8625 7606
0.89375 0.8625 7606
0.89375 0.8625 7612
0.89375 0.8625 7614
0.89375 0.8625 7614
0.89375 0.8625 7614
0.89375 0.85625 7614
0.89375 0.8625 7644
0.89375 0.8625 7644
0.89375 0.8625 7644
0.89375 0.8625 7644
0.89375 0.8625 7644
0.89375 0.8625 7644
0.89375 0.8625 7644
0.89375 0.875 7646
0.89375 0.875 7648
0.89375 0.875 7648
0.89375 0.875 7648
0.89375 0.875 7650
0.89375 0.875 7650
0.89375 0.875 7650
0.89375 0.875 7650
0.89375 0.875 7650
0.89375 0.875 7650
0.89375 0.875 7650
0.89375 0.875 7650
0.89375 0.875 7650
0.89375 0.875 7656
0.89375 0.875 7656
0.89375 0.875 7658
0.89375 0.875 7658
0.89375 0.875 7658
0.89375 0.875 7658
0.89375 0.875 7660
0.89375 0.875 7660
0.89375 0.875 7672
0.9 0.88125 7714
0.9 0.88125 7716
0.9 0.88125 7716
0.9 0.88125 7718
0.9 0.88125 7718
0.9 0.88125 7718
0.9 0.88125 7718
0.9 0.88125 7718
0.9 0.88125 7720
0.9 0.88125 7722
0.9 0.88125 7724
0.9 0.88125 7724
0.9 0.88125 7726
0.9 0.88125 7726
0.9 0.88125 7726
0.9 0.88125 7726
0.9 0.88125 7726
0.9 0.88125 7726
0.9 0.88125 7726
0.9 0.88125 7726
0.9 0.88125 7726
0.9 0.88125 7726
0.9 0.88125 7726
0.9 0.88125 7728
0.9 0.88125 7728
0.9 0.88125 7728
0.9 0.88125 7728
0.9 0.884375 7730
0.9 0.884375 7730
0.9 0.88125 7750
0.9 0.88125 7750
0.9 0.88125 7750
0.9 0.88125 7750
0.9 0.88125 7750
0.9 0.88125 7750
0.9 0.884375 7750
0.9 0.884375 7750
0.9 0.884375 7750
0.9 0.88125 7756
0.9 0.88125 7756
0.9 0.88125 7756
0.9 0.88125 7756
0.9 0.88125 7758
0.9 0.88125 7758
0.9 0.88125 7758
0.9 0.88125 7758
0.9 0.88125 7758
0.9 0.88125 7758
0.9 0.884375 7758
0.9 0.884375 7760
0.9 0.8875 7766
0.9 0.8875 7766
0.9 0.88125 7772
0.9 0.88125 7772
0.9 0.88125 7772
0.9 0.88125 7772
0.9 0.88125 7792
0.9 0.88125 7792
0.9 0.88125 7792
0.9 0.884375 7792
0.9 0.884375 7792
0.9 0.8875 7792
0.9 0.88125 7792
0.9 0.88125 7812
0.9 0.88125 7812
0.9 0.88125 7812
0.9 0.88125 7812
0.9 0.88125 7814
0.9 0.88125 7814
0.9 0.88125 7820
0.9 0.884375 7820
0.9 0.884375 7822
0.9 0.884375 7822
0.9 0.884375 7822
0.9 0.884375 7822
0.9 0.884375 7842
0.9 0.88125 7844
0.9 0.88125 7844
0.9 0.88125 7844
0.9 0.88125 7844
0.9 0.88125 7844
0.9 0.875 7886
0.9 0.875 7898
0.9 0.875 7910
0.9 0.875 7910
0.9 0.875 7910
0.9 0.875 7910
0.9 0.875 7910
0.9 0.875 7910
0.903125 0.875 7930
0.903125 0.875 7930
0.903125 0.875 7932
0.903125 0.875 7932
0.903125 0.875 7932
0.903125 0.875 7938
0.903125 0.875 7940
0.903125 0.875 7940
0.903125 0.875 7940
0.903125 0.875 7942
0.903125 0.875 7942
0.903125 0.875 7944
0.903125 0.875 7944
0.903125 0.875 7950
0.903125 0.875 7950
0.903125 0.875 7952
0.903125 0.875 7952
0.903125 0.875 7952
0.9 0.875 7958
0.9 0.875 7960
0.9 0.875 7962
0.9 0.875 7964
0.9 0.875 7964
0.9 0.875 7964
0.9 0.875 7964
0.9 0.875 7964
0.9 0.875 7964
0.9 0.875 7976
0.9 0.875 7976
0.9 0.875 7976
0.9 0.875 7988
0.9 0.875 7988
0.9 0.875 7988
0.9 0.875 7988
0.9 0.875 7990
0.9 0.875 7996
0.9 0.875 7998
0.9 0.875 7998
0.9 0.875 7998
0.9 0.875 7998
0.9 0.875 7998
0.9 0.875 7998
0.9 0.875 7998
0.9 0.875 7998
0.9 0.875 7998
0.9 0.875 7998
0.9 0.875 7998
0.9 0.875 8004
0.9 0.875 8004
0.9 0.875 8004
0.9 0.875 8004
0.9 0.875 8006
0.9 0.875 8006
0.9 0.875 8006
0.9 0.875 8006
0.9 0.875 8018
0.9 0.875 8020
0.9 0.875 8020
0.9 0.875 8020
0.9 0.875 8020
0.9 0.875 8020
0.9 0.875 8020
0.9 0.875 8020
0.9 0.875 8020
0.9 0.875 8020
0.9 0.875 8020
0.9 0.875 8020
0.9 0.875 8020
0.9 0.875 8020
0.9 0.875 8020
0.9 0.875 8020
0.9 0.875 8020
0.9 0.875 8020
0.9 0.875 8032
0.9 0.875 8032
0.9 0.875 8034
0.9 0.875 8034
0.9 0.875 8034
0.9 0.875 8034
0.9 0.875 8034
0.9 0.88125 8046
0.9 0.88125 8048
0.9 0.88125 8068
0.9 0.88125 8074
0.903125 0.88125 8086
0.903125 0.88125 8086
0.903125 0.88125 8086
0.903125 0.88125 8128
0.903125 0.88125 8128
0.903125 0.88125 8128
0.903125 0.875 8158
0.903125 0.875 8158
0.903125 0.875 8158
0.903125 0.875 8158
0.903125 0.875 8158
0.903125 0.875 8158
0.903125 0.875 8158
0.903125 0.875 8158
0.9 0.875 8170
0.9 0.875 8170
0.9 0.875 8170
0.9 0.875 8172
0.9 0.875 8172
0.9 0.875 8174
0.9 0.875 8176
0.9 0.875 8176
0.9 0.875 8176
0.9 0.875 8176
0.9 0.875 8176
0.9 0.875 8176
0.9 0.875 8182
0.9 0.875 8182
0.9 0.875 8182
0.9 0.875 8182
0.9 0.875 8182
0.9 0.875 8182
0.9 0.875 8182
0.9 0.875 8182
0.9 0.875 8182
0.9 0.875 8188
0.9 0.875 8190
0.9 0.875 8190
0.9 0.875 8190
0.9 0.875 8190
0.9 0.875 8190
0.9 0.875 8190
0.9 0.875 8192
0.9 0.875 8192
0.9 0.875 8192
0.9 0.875 8194
0.9 0.875 8194
0.9 0.875 8194
0.9 0.875 8194
0.9 0.875 8194
0.9 0.875 8194
0.9 0.875 8196
0.9 0.875 8196
0.9 0.875 8196
0.9 0.875 8196
0.9 0.875 8196
0.9 0.875 8286
0.9 0.875 8286
0.9 0.875 8286
0.9 0.875 8286
0.9 0.875 8286
0.9 0.875 8286
0.9 0.875 8286
0.9 0.875 8288
0.9 0.875 8288
0.9 0.875 8288
0.9 0.875 8288
0.9 0.875 8288
0.9 0.875 8288
0.9 0.875 8288
0.9 0.875 8290
0.9 0.875 8290
0.9 0.875 8290
0.9 0.875 8302
0.9 0.875 8304
0.9 0.875 8304
0.9 0.875 8304
0.9 0.875 8304
0.9 0.871875 8304
0.9 0.871875 8310
0.9 0.871875 8310
0.896875 0.86875 8340
0.896875 0.86875 8340
0.896875 0.86875 8340
0.896875 0.86875 8340
0.896875 0.86875 8340
0.896875 0.86875 8360
0.896875 0.86875 8360
0.896875 0.86875 8360
0.896875 0.86875 8360
0.896875 0.86875 8360
0.896875 0.86875 8402
0.896875 0.86875 8402
0.896875 0.86875 8402
0.896875 0.86875 8422
0.896875 0.86875 8424
0.896875 0.86875 8436
0.896875 0.86875 8436
0.896875 0.86875 8436
0.896875 0.86875 8436
0.896875 0.86875 8436
0.896875 0.86875 8436
0.896875 0.86875 8436
0.896875 0.86875 8436
0.896875 0.86875 8436
0.896875 0.86875 8438
0.896875 0.86875 8438
0.896875 0.86875 8444
0.9 0.8625 8516
0.9 0.8625 8536
0.9 0.8625 8536
0.9 0.8625 8536
0.9 0.8625 8536
0.9 0.8625 8536
0.9 0.8625 8536
0.9 0.8625 8548
0.9 0.8625 8548
0.9 0.8625 8548
0.9 0.8625 8548
0.9 0.8625 8548
0.9 0.8625 8548
0.9 0.8625 8548
0.9 0.8625 8548
0.9 0.8625 8550
0.9 0.8625 8550
0.9 0.8625 8550
0.9 0.8625 8550
0.9 0.8625 8550
0.9 0.8625 8550
0.9 0.8625 8550
0.9 0.8625 8550
0.9 0.8625 8550
0.9 0.8625 8550
0.9 0.8625 8550
0.9 0.8625 8556
0.9 0.865625 8576
0.9 0.865625 8606
0.896875 0.865625 8608
0.896875 0.865625 8608
0.896875 0.865625 8610
0.896875 0.86875 8630
0.896875 0.86875 8630
0.896875 0.86875 8642
0.896875 0.86875 8642
0.896875 0.86875 8644
0.896875 0.86875 8644
0.896875 0.86875 8644
0.896875 0.86875 8644
0.896875 0.86875 8644
0.896875 0.86875 8644
0.896875 0.8625 8646
0.896875 0.8625 8646
0.896875 0.8625 8646
0.896875 0.8625 8646
0.896875 0.8625 8646
0.896875 0.8625 8646
0.896875 0.8625 8652
0.896875 0.8625 8652
0.896875 0.8625 8652
0.896875 0.8625 8654
0.896875 0.86875 8674
0.896875 0.86875 8674
0.896875 0.86875 8674
0.896875 0.86875 8674
0.896875 0.86875 8680
0.896875 0.86875 8680
0.896875 0.865625 8680
0.896875 0.865625 8680
0.896875 0.865625 8680
0.896875 0.865625 8680
0.896875 0.865625 8686
0.896875 0.865625 8686
0.896875 0.865625 8686
0.896875 0.865625 8686
0.896875 0.865625 8686
0.896875 0.865625 8686
0.896875 0.865625 8686
0.896875 0.865625 8686
0.896875 0.86875 8686
0.896875 0.86875 8692
0.896875 0.86875 8692
0.896875 0.86875 8692
0.896875 0.86875 8692
0.896875 0.86875 8694
0.896875 0.86875 8694
0.896875 0.86875 8694
0.896875 0.86875 8694
0.896875 0.86875 8694
0.896875 0.86875 8694
0.896875 0.86875 8694
0.896875 0.86875 8696
0.896875 0.86875 8696
0.896875 0.86875 8696
0.896875 0.86875 8696
0.896875 0.86875 8698
0.896875 0.86875 8698
0.896875 0.86875 8698
0.896875 0.86875 8698
0.896875 0.86875 8700
0.896875 0.86875 8700
0.896875 0.86875 8700
0.896875 0.86875 8700
0.896875 0.86875 8700
0.896875 0.86875 8700
0.896875 0.86875 8700
0.896875 0.86875 8700
0.896875 0.86875 8702
0.896875 0.86875 8708
0.9 0.86875 8728
0.9 0.86875 8734
0.9 0.86875 8734
0.9 0.86875 8734
0.9 0.86875 8734
0.9 0.86875 8734
0.9 0.86875 8740
0.9 0.86875 8746
0.9 0.86875 8752
0.9 0.86875 8758
0.9 0.86875 8758
0.9 0.86875 8758
0.9 0.86875 8760
0.9 0.86875 8766
0.9 0.86875 8766
0.9 0.86875 8766
0.9 0.86875 8766
0.9 0.86875 8772
0.9 0.86875 8772
0.9 0.86875 8774
0.9 0.86875 8774
0.9 0.86875 8776
0.9 0.86875 8776
0.9 0.86875 8776
0.9 0.86875 8776
0.9 0.86875 8778
0.9 0.86875 8778
0.9 0.865625 8798
0.9 0.865625 8798
0.9 0.86875 8798
0.9 0.86875 8800
0.9 0.86875 8800
0.9 0.8625 8802
0.9 0.8625 8814
0.9 0.8625 8814
0.9 0.8625 8814
0.9 0.8625 8816
0.9 0.8625 8818
0.9 0.8625 8818
0.9 0.8625 8818
0.9 0.8625 8818
0.9 0.8625 8818
0.9 0.8625 8818
0.9 0.8625 8818
0.9 0.8625 8824
0.9 0.8625 8824
0.9 0.8625 8824
0.9 0.8625 8826
0.9 0.8625 8826
0.9 0.8625 8826
0.9 0.8625 8826
0.9 0.8625 8826
0.9 0.8625 8826
0.9 0.8625 8828
0.9 0.8625 8828
0.9 0.8625 8830
0.9 0.8625 8830
0.9 0.8625 8830
0.9 0.8625 8830
0.9 0.8625 8830
0.9 0.8625 8830
0.896875 0.8625 8836
0.896875 0.8625 8836
0.896875 0.8625 8836
0.896875 0.86875 8892
0.896875 0.86875 8892
0.896875 0.86875 8892
0.896875 0.86875 8894
0.896875 0.86875 8894
0.896875 0.86875 8894
0.896875 0.86875 8894
0.896875 0.86875 8894
0.896875 0.86875 8894
0.896875 0.86875 8900
0.896875 0.86875 8902
0.896875 0.86875 8902
0.896875 0.86875 8902
0.896875 0.86875 8902
0.896875 0.86875 8904
0.896875 0.86875 8916
0.896875 0.86875 8922
0.896875 0.86875 8922
0.896875 0.86875 8924
0.896875 0.86875 9034
0.896875 0.86875 9034
0.896875 0.86875 9036
0.896875 0.86875 9036
0.896875 0.86875 9036
0.896875 0.86875 9036
0.896875 0.86875 9038
0.896875 0.86875 9038
0.896875 0.86875 9038
0.896875 0.86875 9038
0.896875 0.86875 9038
0.896875 0.86875 9038
0.896875 0.86875 9040
0.896875 0.86875 9040
0.896875 0.86875 9040
0.896875 0.86875 9060
0.896875 0.86875 9060
0.896875 0.865625 9066
0.896875 0.865625 9066
0.896875 0.865625 9066
0.896875 0.865625 9066
0.896875 0.865625 9066
0.896875 0.8625 9078
0.896875 0.8625 9084
0.896875 0.8625 9084
0.896875 0.8625 9084
0.896875 0.8625 9084
0.896875 0.8625 9084
0.896875 0.8625 9084
0.896875 0.8625 9084
0.896875 0.8625 9084
0.896875 0.8625 9084
0.896875 0.8625 9084
0.896875 0.8625 9084
0.896875 0.8625 9086
0.896875 0.8625 9086
0.896875 0.8625 9088
0.896875 0.85625 9108
0.896875 0.85625 9108
0.896875 0.85625 9108
0.896875 0.85625 9110
0.896875 0.85625 9110
0.896875 0.85625 9112
0.896875 0.85625 9112
0.896875 0.85625 9112
0.896875 0.85625 9112
0.896875 0.85625 9112
0.896875 0.85625 9112
0.896875 0.85625 9112
0.896875 0.85625 9112
0.896875 0.85625 9112
0.896875 0.85625 9112
0.896875 0.85625 9112
0.896875 0.85625 9112
0.896875 0.85625 9112
0.896875 0.85625 9112
0.896875 0.85625 9112
0.896875 0.85625 9112
0.896875 0.85625 9112
0.896875 0.85625 9112
0.896875 0.85625 9112
0.896875 0.85625 9114
0.896875 0.85625 9120
0.896875 0.85625 9120
0.896875 0.85625 9120
0.896875 0.85625 9126
0.896875 0.85625 9126
0.896875 0.85625 9138
0.896875 0.85625 9138
0.896875 0.85625 9138
0.896875 0.85625 9138
0.896875 0.853125 9168
0.896875 0.853125 9168
0.896875 0.853125 9174
0.896875 0.853125 9174
0.896875 0.853125 9174
0.896875 0.853125 9174
0.896875 0.85625 9180
0.896875 0.85625 9180
0.896875 0.85625 9180
0.896875 0.85625 9182
0.896875 0.85625 9182
0.896875 0.85625 9182
0.896875 0.85625 9182
0.896875 0.85625 9182
0.896875 0.85625 9188
0.896875 0.85625 9188
0.896875 0.85625 9188
0.896875 0.85625 9194
0.896875 0.85625 9194
0.896875 0.85625 9194
0.896875 0.85625 9194
0.896875 0.85625 9194
0.896875 0.85625 9194
0.896875 0.85625 9194
0.896875 0.85625 9194
0.896875 0.85625 9196
0.896875 0.85625 9198
0.896875 0.85625 9198
0.896875 0.85625 9198
0.896875 0.8625 9204
0.896875 0.8625 9204
0.896875 0.8625 9204
0.896875 0.8625 9206
0.896875 0.8625 9206
0.896875 0.8625 9206
0.896875 0.8625 9206
0.896875 0.8625 9206
0.896875 0.8625 9206
0.896875 0.8625 9206
0.896875 0.8625 9206
0.896875 0.8625 9206
0.9 0.8625 9226
0.9 0.8625 9226
0.9 0.8625 9226
0.9 0.8625 9228
0.9 0.8625 9234
0.9 0.8625 9234
0.9 0.8625 9234
0.9 0.8625 9234
0.9 0.8625 9234
0.9 0.85625 9236
0.9 0.85625 9236
0.9 0.85625 9236
0.9 0.85625 9236
0.9 0.85625 9236
0.896875 0.85625 9308
0.896875 0.84375 9320
0.896875 0.84375 9320
0.896875 0.84375 9320
0.896875 0.85 9326
0.896875 0.85 9326
0.896875 0.85 9326
0.896875 0.85 9326
0.896875 0.85 9332
0.89375 0.85 9338
0.89375 0.85 9338
0.89375 0.85 9338
0.89375 0.85 9338
0.89375 0.85 9340
0.89375 0.85 9340
0.89375 0.85 9340
0.89375 0.85 9340
0.89375 0.85 9352
0.89375 0.85 9358
0.89375 0.85 9358
0.89375 0.85 9358
0.89375 0.85 9358
0.89375 0.85 9358
0.89375 0.85 9358
0.89375 0.85 9360
0.89375 0.85 9360
0.89375 0.85 9360
0.89375 0.85 9360
0.89375 0.85 9362
0.89375 0.85 9362
0.89375 0.85 9362
0.89375 0.85 9362
0.89375 0.85 9362
0.89375 0.85 9362
0.89375 0.85 9362
0.89375 0.85 9374
0.89375 0.85 9374
0.89375 0.85 9374
0.89375 0.85 9374
0.89375 0.85 9374
0.89375 0.85 9374
0.89375 0.85 9374
0.89375 0.85 9374
0.89375 0.85 9374
0.89375 0.85 9374
0.896875 0.85 9386
0.896875 0.85 9386
0.896875 0.85 9386
0.896875 0.85 9386
0.896875 0.85 9386
0.896875 0.85 9388
0.896875 0.85 9388
0.9 0.86875 9520
0.9 0.86875 9520
0.9 0.86875 9522
0.9 0.86875 9522
0.9 0.86875 9522
0.9 0.86875 9522
0.9 0.86875 9522
0.9 0.86875 9522
0.9 0.86875 9522
0.9 0.86875 9528
0.9 0.86875 9528
0.9 0.86875 9528
0.9 0.86875 9530
0.9 0.86875 9532
0.9 0.86875 9532
0.9 0.86875 9534
0.9 0.86875 9534
0.9 0.86875 9534
0.9 0.86875 9534
0.9 0.86875 9534
0.9 0.86875 9534
0.9 0.86875 9536
0.9 0.86875 9538
0.903125 0.86875 9558
0.9 0.86875 9588
0.9 0.86875 9588
0.9 0.86875 9588
0.9 0.86875 9588
0.9 0.86875 9588
0.9 0.86875 9588
0.9 0.86875 9588
0.9 0.86875 9600
0.9 0.86875 9600
0.9 0.86875 9600
0.9 0.86875 9600
0.9 0.86875 9600
0.903125 0.8625 9620
0.903125 0.8625 9620
0.903125 0.8625 9620
0.903125 0.8625 9620
0.903125 0.8625 9620
0.903125 0.8625 9620
0.903125 0.8625 9640
0.903125 0.8625 9640
0.903125 0.8625 9640
0.903125 0.8625 9640
0.903125 0.8625 9640
0.903125 0.8625 9640
0.903125 0.8625 9640
0.903125 0.8625 9640
0.903125 0.8625 9640
0.903125 0.8625 9642
0.903125 0.8625 9642
0.903125 0.8625 9642
0.903125 0.8625 9654
0.903125 0.8625 9654
0.903125 0.8625 9654
0.903125 0.8625 9654
0.903125 0.8625 9654
0.903125 0.8625 9654
0.903125 0.8625 9654
0.903125 0.8625 9656
0.903125 0.8625 9656
0.903125 0.8625 9656
0.903125 0.8625 9656
0.903125 0.8625 9658
0.903125 0.8625 9658
0.903125 0.8625 9658
0.903125 0.8625 9660
0.903125 0.8625 9662
0.903125 0.8625 9662
0.903125 0.8625 9662
0.903125 0.8625 9662
0.903125 0.8625 9662
0.903125 0.8625 9662
0.903125 0.8625 9662
0.903125 0.8625 9662
0.903125 0.8625 9662
0.903125 0.8625 9692
0.903125 0.8625 9712
0.903125 0.8625 9712
0.903125 0.8625 9712
0.903125 0.8625 9712
0.903125 0.8625 9712
0.903125 0.8625 9712
0.903125 0.8625 9714
0.903125 0.8625 9714
0.903125 0.8625 9714
0.903125 0.8625 9714
0.903125 0.8625 9720
0.903125 0.8625 9720
0.903125 0.8625 9720
0.903125 0.8625 9720
0.903125 0.8625 9720
0.903125 0.8625 9720
0.903125 0.8625 9720
0.903125 0.8625 9720
0.903125 0.8625 9720
0.903125 0.85625 9722
0.903125 0.85625 9728
0.903125 0.8625 9728
0.903125 0.85625 9728
0.903125 0.85625 9728
0.903125 0.85625 9730
0.903125 0.85625 9760
0.903125 0.85625 9760
0.903125 0.85625 9760
0.903125 0.85625 9760
0.903125 0.85625 9760
0.903125 0.8625 9760
0.903125 0.85625 9760
0.903125 0.85625 9760
0.903125 0.85625 9760
0.903125 0.85625 9760
0.903125 0.85625 9772
0.903125 0.85625 9772
0.903125 0.8625 9772
0.903125 0.8625 9772
0.903125 0.8625 9778
0.903125 0.85625 9778
0.903125 0.85625 9780
0.903125 0.85625 9780
0.903125 0.85625 9782
0.903125 0.85625 9782
0.903125 0.85625 9782
0.903125 0.85625 9782
0.903125 0.85625 9782
0.903125 0.85625 9782
0.903125 0.85625 9782
0.903125 0.859375 9782
0.903125 0.859375 9782
0.903125 0.859375 9782
0.903125 0.859375 9782
0.903125 0.85625 9782
0.903125 0.85625 9788
0.903125 0.85625 9788
0.903125 0.8625 9788
0.903125 0.8625 9788
0.903125 0.85625 9788
0.903125 0.85625 9788
0.903125 0.85625 9788
0.903125 0.85625 9794
0.903125 0.85625 9794
0.903125 0.85625 9794
0.903125 0.85625 9794
0.903125 0.85625 9794
0.903125 0.85625 9814
0.903125 0.85625 9814
0.903125 0.85625 9816
0.903125 0.85625 9816
0.903125 0.85625 9816
0.903125 0.85625 9816
0.9 0.85625 9818
0.9 0.85625 9820
0.9 0.85625 9820
0.9 0.85625 9840
0.9 0.85625 9846
0.9 0.85625 9846
0.9 0.85625 9846
0.896875 0.8625 9852
0.896875 0.8625 9854
0.896875 0.8625 9854
0.896875 0.8625 9854
0.896875 0.8625 9896
0.896875 0.8625 9896
0.89375 0.8625 9926
0.89375 0.8625 9926
0.89375 0.8625 9926
0.89375 0.8625 9928
0.89375 0.8625 9948
0.89375 0.8625 9948
0.89375 0.8625 9948
0.89375 0.8625 9948
0.89375 0.8625 9948
0.89375 0.8625 9948
0.89375 0.8625 9948
0.89375 0.8625 9948
0.89375 0.8625 9954
0.89375 0.8625 9954
0.89375 0.8625 9960
0.89375 0.8625 9960
0.89375 0.8625 9960
0.89375 0.8625 9966
0.89375 0.8625 9966
0.89375 0.8625 9966
0.89375 0.8625 9966
0.89375 0.8625 9966
0.89375 0.8625 9966
0.89375 0.8625 9966
0.89375 0.8625 9966
0.89375 0.8625 9966
0.89375 0.8625 9968
0.89375 0.8625 9968
0.89375 0.8625 9968
0.89375 0.8625 9968
0.89375 0.8625 9968
0.89375 0.8625 9968
0.89375 0.8625 9970
0.89375 0.8625 10012
0.89375 0.8625 10012
0.89375 0.8625 10024
0.89375 0.8625 10024
0.89375 0.8625 10024
0.89375 0.8625 10024
0.89375 0.8625 10024
0.89375 0.8625 10024
0.89375 0.8625 10026
0.89375 0.8625 10026
0.89375 0.85625 10026
0.89375 0.85625 10026
0.89375 0.85625 10028
0.89375 0.8625 10028
0.89375 0.85625 10028
0.89375 0.85625 10028
0.89375 0.85625 10028
0.89375 0.85625 10028
0.89375 0.85625 10028
0.89375 0.85625 10030
0.89375 0.85625 10086
0.89375 0.85625 10086
0.89375 0.85625 10086
0.89375 0.85625 10086
0.896875 0.86875 10106
0.896875 0.86875 10106
0.896875 0.86875 10118
0.896875 0.86875 10118
0.896875 0.86875 10120
0.896875 0.86875 10126
0.896875 0.86875 10126
0.9 0.86875 10146
0.9 0.86875 10148
0.9 0.86875 10148
0.9 0.86875 10148
0.9 0.86875 10148
0.9 0.86875 10148
0.9 0.86875 10148
0.9 0.86875 10150
0.9 0.86875 10162
0.9 0.86875 10162
0.9 0.86875 10162
0.9 0.86875 10162
0.9 0.86875 10162
0.9 0.86875 10162
0.9 0.86875 10162
0.9 0.86875 10162
0.9 0.86875 10162
0.9 0.86875 10162
0.9 0.86875 10164
0.9 0.86875 10164
0.9 0.86875 10164
0.9 0.86875 10164
0.9 0.86875 10166
0.9 0.86875 10166
0.9 0.86875 10166
0.9 0.86875 10166
0.9 0.86875 10166
0.9 0.86875 10166
0.9 0.86875 10166
0.9 0.8625 10172
0.9 0.8625 10172
0.9 0.8625 10172
0.9 0.8625 10172
0.9 0.8625 10172
0.9 0.8625 10172
0.9 0.8625 10202
0.9 0.8625 10202
0.9 0.8625 10202
0.9 0.8625 10202
0.9 0.8625 10204
0.9 0.8625 10206
0.9 0.8625 10208
0.9 0.8625 10210
0.9 0.8625 10210
0.9 0.8625 10210
0.9 0.8625 10210
0.903125 0.86875 10230
0.903125 0.86875 10230
0.903125 0.86875 10232
0.903125 0.86875 10252
0.903125 0.86875 10252
0.903125 0.86875 10252
0.903125 0.86875 10252
0.903125 0.86875 10252
0.903125 0.86875 10252
0.903125 0.86875 10254
0.903125 0.86875 10256
0.903125 0.86875 10256
0.903125 0.86875 10256
0.903125 0.86875 10256
0.903125 0.86875 10256
0.903125 0.86875 10256
0.903125 0.86875 10256
0.903125 0.86875 10256
0.903125 0.86875 10256
0.903125 0.86875 10256
0.903125 0.86875 10256
0.903125 0.86875 10256
0.903125 0.86875 10256
0.903125 0.86875 10256
0.903125 0.86875 10256
0.903125 0.86875 10256
0.903125 0.86875 10258
0.903125 0.86875 10258
0.903125 0.86875 10264
0.9 0.86875 10266
0.9 0.86875 10266
0.9 0.86875 10266
0.9 0.86875 10266
0.9 0.86875 10266
0.9 0.86875 10266
0.9 0.86875 10266
0.9 0.86875 10266
0.9 0.86875 10266
0.9 0.86875 10266
0.9 0.86875 10266
0.9 0.86875 10278
0.9 0.86875 10278
0.9 0.86875 10278
0.9 0.86875 10278
0.9 0.86875 10278
0.9 0.86875 10280
0.9 0.86875 10280
0.9 0.86875 10280
0.9 0.86875 10282
0.9 0.86875 10282
0.9 0.86875 10282
0.9 0.86875 10284
0.9 0.86875 10284
0.9 0.86875 10284
0.9 0.86875 10284
0.9 0.86875 10284
0.9 0.86875 10290
0.9 0.86875 10290
0.9 0.86875 10290
0.9 0.86875 10290
0.9 0.86875 10290
0.9 0.86875 10290
0.9 0.86875 10290
0.9 0.86875 10290
0.9 0.86875 10290
0.9 0.86875 10290
0.9 0.86875 10292
0.9 0.86875 10292
0.9 0.86875 10292
0.9 0.86875 10292
0.9 0.86875 10292
0.9 0.86875 10292
0.9 0.86875 10312
0.9 0.86875 10312
0.9 0.86875 10312
0.9 0.86875 10312
0.9 0.86875 10318
0.9 0.86875 10318
0.9 0.86875 10338
0.9 0.86875 10344
0.9 0.86875 10344
0.9 0.86875 10346
0.9 0.86875 10358
0.9 0.86875 10358
0.9 0.86875 10358
0.9 0.86875 10358
0.9 0.86875 10358
0.9 0.86875 10358
0.9 0.86875 10364
0.9 0.86875 10364
0.9 0.86875 10364
0.9 0.86875 10364
0.9 0.86875 10364
0.9 0.86875 10364
0.9 0.86875 10366
0.9 0.86875 10368
0.9 0.86875 10368
0.896875 0.86875 10524
0.896875 0.86875 10524
0.9 0.88125 10536
0.9 0.88125 10538
0.9 0.88125 10538
0.9 0.88125 10538
0.9 0.88125 10538
0.9 0.88125 10538
0.9 0.88125 10538
0.9 0.88125 10538
0.9 0.88125 10538
0.9 0.88125 10538
0.9 0.88125 10550
0.9 0.88125 10550
0.9 0.88125 10550
0.9 0.88125 10550
0.9 0.88125 10550
0.9 0.88125 10550
0.9 0.88125 10550
0.9 0.88125 10550
0.9 0.88125 10552
0.9 0.88125 10554
0.9 0.88125 10554
0.9 0.88125 10556
0.9 0.88125 10556
0.9 0.88125 10556
0.9 0.88125 10556
0.9 0.88125 10556
0.9 0.88125 10556
0.9 0.88125 10556
0.9 0.88125 10556
0.9 0.88125 10556
0.9 0.88125 10558
0.9 0.88125 10564
0.9 0.88125 10564
0.9 0.88125 10566
0.9 0.88125 10566
0.9 0.88125 10566
0.9 0.88125 10566
0.9 0.88125 10566
0.9 0.88125 10572
0.9 0.88125 10572
0.9 0.88125 10572
0.9 0.88125 10572
0.9 0.88125 10572
0.9 0.88125 10574
0.9 0.88125 10574
0.9 0.88125 10574
0.9 0.88125 10574
0.9 0.88125 10574
0.9 0.88125 10580
0.9 0.88125 10586
0.9 0.88125 10586
0.9 0.88125 10586
0.9 0.88125 10606
0.9 0.88125 10626
0.9 0.88125 10626
0.9 0.88125 10626
0.9 0.88125 10626
0.9 0.88125 10628
0.9 0.88125 10628
0.9 0.88125 10628
0.9 0.88125 10628
0.9 0.88125 10630
0.9 0.88125 10630
0.9 0.88125 10630
0.9 0.88125 10630
0.9 0.88125 10630
0.9 0.88125 10630
0.9 0.88125 10630
0.9 0.88125 10630
0.9 0.88125 10630
0.9 0.88125 10630
0.9 0.88125 10630
0.9 0.88125 10630
0.9 0.88125 10630
0.9 0.88125 10630
0.896875 0.88125 10642
0.896875 0.88125 10642
0.896875 0.88125 10642
0.896875 0.88125 10642
0.896875 0.88125 10648
0.89375 0.88125 10668
0.89375 0.88125 10668
0.89375 0.88125 10668
0.89375 0.88125 10668
0.89375 0.88125 10668
0.89375 0.88125 10668
0.89375 0.88125 10670
0.89375 0.88125 10670
0.89375 0.88125 10670
0.89375 0.88125 10670
0.89375 0.88125 10670
0.89375 0.88125 10670
0.89375 0.88125 10670
0.89375 0.88125 10670
0.89375 0.88125 10670
0.89375 0.88125 10672
0.89375 0.88125 10672
0.89375 0.88125 10674
0.89375 0.88125 10674
0.89375 0.88125 10676
0.89375 0.88125 10676
0.89375 0.88125 10676
0.89375 0.88125 10676
0.89375 0.88125 10682
0.89375 0.88125 10682
0.89375 0.88125 10682
0.89375 0.88125 10694
0.89375 0.88125 10696
0.89375 0.88125 10696
0.89375 0.88125 10696
0.89375 0.88125 10696
0.89375 0.88125 10696
0.89375 0.88125 10696
0.89375 0.88125 10696
0.89375 0.88125 10696
0.9 0.875 10828
0.9 0.875 10828
0.9 0.875 10828
0.9 0.875 10828
0.9 0.875 10828
0.9 0.875 10830
0.9 0.875 10830
0.9 0.875 10830
0.9 0.875 10830
0.9 0.875 10850
0.9 0.875 10850
0.9 0.875 10850
0.9 0.875 10852
0.9 0.86875 10854
0.896875 0.85625 10874
0.896875 0.85625 10874
0.896875 0.85625 10874
0.896875 0.85625 10874
0.896875 0.85625 10874
0.896875 0.85625 10874
0.896875 0.85625 10876
0.896875 0.85625 10876
0.896875 0.85625 10882
0.9 0.8625 10912
0.9 0.8625 10912
0.9 0.8625 10912
0.9 0.8625 10912
0.9 0.8625 10912
0.9 0.8625 10932
0.9 0.8625 10932
0.9 0.8625 10932
0.9 0.8625 10934
0.9 0.8625 10934
0.9 0.8625 10934
0.9 0.8625 10934
0.9 0.8625 10940
0.9 0.8625 10940
0.9 0.8625 10940
0.903125 0.8625 10960
0.903125 0.8625 10960
0.903125 0.8625 10960
0.903125 0.8625 10960
0.903125 0.8625 10960
0.903125 0.8625 10960
0.903125 0.8625 10960
0.903125 0.8625 10962
0.903125 0.8625 10962
0.903125 0.8625 10964
0.903125 0.8625 10964
0.903125 0.8625 10966
0.903125 0.8625 10966
0.903125 0.8625 10966
0.903125 0.8625 10966
0.903125 0.8625 10968
0.903125 0.8625 10968
0.903125 0.8625 10968
0.903125 0.8625 10968
0.903125 0.8625 10968
0.903125 0.8625 10968
0.903125 0.8625 10968
0.903125 0.8625 10970
0.903125 0.8625 10982
0.903125 0.8625 10982
0.903125 0.8625 10982
0.903125 0.8625 10982
0.903125 0.8625 10982
0.903125 0.8625 10982
0.903125 0.8625 10982
0.903125 0.8625 10982
0.903125 0.8625 10982
0.903125 0.8625 10984
0.903125 0.8625 10984
0.903125 0.8625 11004
0.903125 0.8625 11004
0.90625 0.85 11510
0.90625 0.85 11516
0.90625 0.85 11516
0.90625 0.85 11516
0.90625 0.85 11516
0.90625 0.85 11516
0.90625 0.85 11516
0.90625 0.85 11518
0.90625 0.85 11518
0.90625 0.85 11518
0.90625 0.85 11520
0.90625 0.85 11532
0.90625 0.85 11532
0.90625 0.85 11532
0.90625 0.85 11532
0.90625 0.85 11532
0.90625 0.85 11538
0.90625 0.85 11540
0.90625 0.85 11540
0.90625 0.85 11540
0.903125 0.8375 11596
0.903125 0.8375 11596
0.903125 0.8375 11596
0.903125 0.8375 11596
0.9 0.8375 11638
0.9 0.8375 11638
0.9 0.8375 11638
0.9 0.8375 11638
0.9 0.8375 11650
0.9 0.8375 11650
0.9 0.8375 11652
0.9 0.8375 11652
0.9 0.8375 11658
0.9 0.8375 11658
0.9 0.8375 11658
0.9 0.8375 11658
0.9 0.8375 11660
0.9 0.8375 11660
0.9 0.8375 11660
0.9 0.8375 11660
0.9 0.8375 11672
0.9 0.8375 11672
0.9 0.83125 11672
0.9 0.83125 11672
0.9 0.83125 11674
0.9 0.83125 11674
0.9 0.83125 11674
0.9 0.83125 11674
0.9 0.83125 11674
0.9 0.83125 11676
0.9 0.83125 11676
0.9 0.83125 11676
0.9 0.83125 11682
0.9 0.83125 11682
0.9 0.83125 11682
0.9 0.83125 11684
0.9 0.83125 11684
0.9 0.83125 11686
0.9 0.83125 11686
0.9 0.83125 11686
0.9 0.83125 11686
0.9 0.83125 11686
0.9 0.83125 11686
0.9 0.83125 11686
0.9 0.83125 11686
0.9 0.83125 11686
0.9 0.83125 11686
0.9 0.83125 11686
0.9 0.83125 11686
0.9 0.83125 11688
0.903125 0.8375 11744
0.903125 0.8375 11744
0.903125 0.8375 11744
0.903125 0.8375 11744
0.903125 0.8375 11746
0.903125 0.8375 11746
0.903125 0.8375 11746
0.903125 0.8375 11746
0.903125 0.8375 11758
0.903125 0.8375 11758
0.903125 0.8375 11760
0.903125 0.8375 11760
0.903125 0.8375 11760
0.903125 0.8375 11760
0.903125 0.8375 11760
0.903125 0.84375 11802
0.903125 0.84375 11802
0.903125 0.84375 11802
0.90625 0.84375 11814
0.90625 0.84375 11814
0.90625 0.84375 11814
0.90625 0.84375 11814
0.90625 0.84375 11814
0.90625 0.84375 11814
0.90625 0.84375 11814
0.90625 0.84375 11814
0.90625 0.84375 11816
0.90625 0.84375 11818
0.90625 0.84375 11818
0.90625 0.84375 11818
0.90625 0.84375 11824
0.90625 0.84375 11824
0.90625 0.84375 11824
0.90625 0.84375 11824
0.90625 0.84375 11824
0.90625 0.84375 11824
0.90625 0.84375 11824
0.90625 0.84375 11826
0.90625 0.85 11826
0.90625 0.85 11826
0.90625 0.85 11826
0.90625 0.85 11828
0.90625 0.85 11830
0.90625 0.85 11830
0.90625 0.85 11830
0.90625 0.85 11830
0.90625 0.85 11830
0.90625 0.85 11830
0.90625 0.85 11830
0.90625 0.85 11830
0.90625 0.85 11830
0.90625 0.85 11830
0.90625 0.85 11830
0.90625 0.85 11830
0.90625 0.85 11832
0.90625 0.85 11852
0.90625 0.85 11852
0.90625 0.85 11852
0.90625 0.85 11854
0.90625 0.85 11854
0.90625 0.85 11854
0.90625 0.85 11854
0.90625 0.85 11854
0.90625 0.85 11854
0.90625 0.85 11860
0.90625 0.85 11860
0.90625 0.85 11860
0.90625 0.85 11860
0.90625 0.85 11860
0.90625 0.85 11860
0.90625 0.85 11860
0.90625 0.85 11860
0.90625 0.85 11860
0.90625 0.85 11860
0.90625 0.85 11860
0.90625 0.85 11860
0.90625 0.85 11860
0.90625 0.85 11862
0.90625 0.85 11864
0.90625 0.85 11864
0.90625 0.85 11864
0.90625 0.85 11866
0.90625 0.85 11866
0.90625 0.85 11866
0.90625 0.85 11866
0.90625 0.85 11866
0.90625 0.85 11866
0.90625 0.85 11866
0.90625 0.85 11866
0.90625 0.85 11866
0.90625 0.85 11866
0.90625 0.85 11866
0.90625 0.85 11866
0.90625 0.85 11868
0.90625 0.85 11874
0.90625 0.85 11874
0.90625 0.85 11874
0.90625 0.84375 11874
0.90625 0.84375 11874
0.90625 0.84375 11874
0.90625 0.84375 11874
0.90625 0.84375 11874
0.90625 0.84375 11874
0.90625 0.84375 11874
0.90625 0.84375 11874
0.90625 0.84375 11874
0.90625 0.84375 11874
0.90625 0.84375 11876
0.90625 0.84375 11876
0.90625 0.84375 11876
0.90625 0.84375 11876
0.90625 0.84375 11876
0.90625 0.84375 11888
0.90625 0.84375 11888
0.90625 0.84375 11888
0.90625 0.84375 11900
0.90625 0.84375 11912
0.90625 0.84375 11912
0.90625 0.84375 11912
0.90625 0.84375 11912
0.90625 0.84375 11912
0.90625 0.84375 11912
0.90625 0.84375 11912
0.90625 0.84375 11912
0.90625 0.84375 11914
0.90625 0.84375 11914
0.90625 0.84375 11914
0.90625 0.84375 11916
0.90625 0.84375 11916
0.90625 0.84375 11916
0.90625 0.84375 11918
0.90625 0.84375 11918
0.90625 0.84375 11918
0.90625 0.84375 11918
0.90625 0.84375 11924
0.90625 0.84375 11924
0.90625 0.84375 11924
0.90625 0.84375 11936
0.90625 0.84375 11978
0.90625 0.85 11978
0.90625 0.85 11980
0.90625 0.85 11980
0.90625 0.85 11980
0.90625 0.84375 11982
0.90625 0.84375 11988
0.90625 0.84375 11988
0.90625 0.84375 11988
0.90625 0.84375 11988
0.90625 0.84375 11990
0.90625 0.84375 11990
0.90625 0.84375 11990
0.90625 0.84375 11992
0.90625 0.84375 11992
0.90625 0.84375 11992
0.90625 0.84375 11992
0.90625 0.84375 11992
0.90625 0.84375 11998
0.90625 0.84375 11998
0.90625 0.84375 11998
0.90625 0.84375 11998
0.90625 0.84375 11998
0.90625 0.84375 11998
0.90625 0.84375 11998
0.90625 0.84375 11998
0.90625 0.84375 11998
0.90625 0.84375 12004
0.90625 0.84375 12004
0.90625 0.84375 12004
0.90625 0.84375 12004
0.90625 0.84375 12004
0.90625 0.84375 12004
0.90625 0.84375 12016
0.90625 0.84375 12016
0.90625 0.84375 12016
0.90625 0.84375 12016
0.90625 0.84375 12016
0.90625 0.84375 12016
0.90625 0.84375 12016
0.90625 0.84375 12016
0.90625 0.84375 12022
0.90625 0.84375 12022
0.90625 0.84375 12022
0.90625 0.84375 12022
0.90625 0.84375 12022
0.90625 0.84375 12022
0.90625 0.84375 12022
0.90625 0.84375 12022
0.90625 0.84375 12022
0.90625 0.84375 12022
0.90625 0.84375 12022
0.90625 0.84375 12024
0.90625 0.84375 12024
0.90625 0.84375 12024
0.90625 0.84375 12024
0.90625 0.84375 12026
0.90625 0.84375 12026
0.90625 0.84375 12026
0.90625 0.84375 12026
0.90625 0.84375 12026
0.90625 0.84375 12028
0.90625 0.85 12028
0.90625 0.85 12048
0.90625 0.84375 12048
0.90625 0.84375 12048
0.90625 0.84375 12048
0.90625 0.84375 12048
0.90625 0.84375 12048
0.90625 0.84375 12048
0.90625 0.84375 12048
0.90625 0.85 12048
0.90625 0.84375 12048
0.90625 0.84375 12048
0.90625 0.84375 12048
0.90625 0.84375 12048
0.90625 0.84375 12048
0.90625 0.84375 12050
0.90625 0.84375 12050
0.90625 0.84375 12050
0.90625 0.84375 12050
0.90625 0.84375 12050
0.90625 0.84375 12050
0.90625 0.85 12050
0.90625 0.85 12050
0.90625 0.85 12050
0.90625 0.84375 12056
0.90625 0.84375 12056
0.90625 0.84375 12056
0.90625 0.84375 12058
0.90625 0.84375 12058
0.90625 0.84375 12058
0.90625 0.84375 12058
0.90625 0.84375 12058
0.90625 0.84375 12058
0.90625 0.84375 12058
0.90625 0.84375 12058
0.90625 0.84375 12058
0.90625 0.84375 12060
0.90625 0.84375 12060
0.90625 0.84375 12062
0.90625 0.84375 12062
0.90625 0.84375 12092
0.90625 0.84375 12092
0.90625 0.84375 12092
0.90625 0.84375 12092
0.90625 0.84375 12092
0.90625 0.84375 12092
0.90625 0.84375 12092
0.90625 0.84375 12092
0.90625 0.84375 12092
0.90625 0.84375 12092
0.90625 0.84375 12092
0.90625 0.84375 12094
0.90625 0.84375 12094
0.90625 0.84375 12094
0.90625 0.84375 12124
0.90625 0.84375 12124
0.90625 0.84375 12124
0.90625 0.84375 12124
0.90625 0.84375 12124
0.90625 0.84375 12124
0.90625 0.84375 12124
0.90625 0.84375 12124
0.90625 0.84375 12130
0.90625 0.84375 12130
0.90625 0.84375 12130
0.90625 0.84375 12136
0.90625 0.84375 12136
0.90625 0.84375 12138
0.90625 0.84375 12140
0.90625 0.84375 12140
0.90625 0.84375 12140
0.90625 0.84375 12140
0.90625 0.84375 12140
0.90625 0.84375 12142
0.90625 0.84375 12154
0.90625 0.84375 12154
0.90625 0.84375 12154
0.90625 0.84375 12154
0.90625 0.84375 12160
0.90625 0.84375 12162
0.90625 0.84375 12162
0.90625 0.84375 12162
0.90625 0.84375 12162
0.90625 0.84375 12162
0.90625 0.84375 12162
0.90625 0.84375 12168
0.90625 0.84375 12168
0.90625 0.84375 12168
0.90625 0.84375 12168
0.90625 0.84375 12168
0.90625 0.84375 12168
0.90625 0.84375 12168
0.90625 0.84375 12168
0.90625 0.84375 12168
0.90625 0.84375 12168
0.90625 0.84375 12168
0.90625 0.84375 12168
0.90625 0.84375 12168
0.90625 0.84375 12168
0.90625 0.840625 12168
0.90625 0.84375 12168
0.90625 0.84375 12170
0.90625 0.84375 12170
0.90625 0.84375 12170
0.90625 0.84375 12170
0.90625 0.84375 12170
0.90625 0.84375 12176
0.90625 0.84375 12176
0.90625 0.84375 12176
0.90625 0.84375 12176
0.90625 0.84375 12178
0.90625 0.84375 12178
0.90625 0.84375 12178
0.90625 0.84375 12178
0.90625 0.84375 12178
0.90625 0.84375 12178
0.90625 0.84375 12184
0.90625 0.84375 12184
0.90625 0.84375 12184
0.90625 0.84375 12186
0.90625 0.84375 12186
0.90625 0.84375 12188
0.90625 0.84375 12188
0.90625 0.84375 12190
0.90625 0.84375 12190
0.90625 0.84375 12196
0.90625 0.84375 12196
0.90625 0.84375 12196
0.90625 0.84375 12198
0.90625 0.84375 12198
0.90625 0.84375 12198
0.90625 0.84375 12198
0.90625 0.84375 12198
0.90625 0.84375 12198
0.90625 0.84375 12198
0.909375 0.84375 12210
0.909375 0.84375 12210
0.909375 0.84375 12210
0.909375 0.84375 12210
0.909375 0.84375 12212
0.909375 0.84375 12224
0.909375 0.84375 12224
0.909375 0.84375 12224
0.909375 0.84375 12226
0.909375 0.84375 12232
0.909375 0.84375 12234
0.909375 0.84375 12276
0.909375 0.84375 12278
0.909375 0.84375 12278
0.909375 0.84375 12278
0.909375 0.84375 12280
0.909375 0.84375 12280
0.909375 0.84375 12286
0.909375 0.84375 12286
0.909375 0.84375 12286
0.903125 0.84375 12418
0.903125 0.84375 12424
0.903125 0.84375 12424
0.903125 0.84375 12424
0.903125 0.84375 12424
0.903125 0.84375 12424
0.903125 0.84375 12426
0.903125 0.84375 12426
0.903125 0.84375 12432
0.903125 0.84375 12434
0.903125 0.84375 12434
0.903125 0.84375 12434
0.903125 0.84375 12434
0.903125 0.84375 12434
0.903125 0.84375 12454
0.903125 0.84375 12454
0.903125 0.84375 12454
0.903125 0.84375 12454
0.903125 0.84375 12454
0.903125 0.84375 12454
0.903125 0.84375 12454
0.903125 0.84375 12456
0.903125 0.84375 12456
0.903125 0.84375 12456
0.903125 0.84375 12458
0.903125 0.84375 12458
0.903125 0.84375 12460
0.903125 0.84375 12460
0.903125 0.84375 12460
0.903125 0.84375 12460
0.903125 0.84375 12460
0.903125 0.84375 12460
0.903125 0.84375 12462
0.903125 0.84375 12462
0.903125 0.84375 12462
0.903125 0.84375 12462
0.903125 0.84375 12462
0.903125 0.84375 12462
0.903125 0.84375 12462
0.903125 0.84375 12462
0.903125 0.84375 12462
0.903125 0.84375 12464
0.903125 0.84375 12464
0.903125 0.84375 12464
0.903125 0.84375 12464
0.903125 0.84375 12466
0.903125 0.84375 12468
0.903125 0.84375 12468
0.903125 0.84375 12468
0.903125 0.84375 12468
0.903125 0.84375 12468
0.903125 0.84375 12468
0.903125 0.84375 12468
0.903125 0.84375 12468
0.903125 0.84375 12480
0.903125 0.84375 12486
0.903125 0.84375 12486
0.903125 0.84375 12498
0.903125 0.84375 12498
0.903125 0.84375 12498
0.903125 0.84375 12504
0.903125 0.84375 12504
0.903125 0.84375 12504
0.903125 0.84375 12510
0.903125 0.84375 12510
0.903125 0.84375 12510
0.903125 0.84375 12510
0.903125 0.84375 12510
0.903125 0.84375 12512
0.903125 0.84375 12512
0.903125 0.84375 12512
0.903125 0.84375 12512
0.903125 0.84375 12512
0.903125 0.84375 12512
0.903125 0.84375 12512
0.903125 0.84375 12512
0.903125 0.84375 12512
0.903125 0.84375 12512
0.903125 0.84375 12512
0.903125 0.84375 12512
0.903125 0.84375 12512
0.903125 0.84375 12512
0.903125 0.84375 12524
0.903125 0.84375 12526
0.903125 0.84375 12526
0.903125 0.84375 12526
0.903125 0.84375 12526
0.903125 0.84375 12526
0.903125 0.84375 12526
0.903125 0.84375 12526
0.903125 0.84375 12532
0.903125 0.84375 12532
0.903125 0.84375 12532
0.903125 0.84375 12538
0.90625 0.84375 12540
0.90625 0.84375 12546
0.90625 0.84375 12546
0.90625 0.84375 12546
0.90625 0.84375 12546
0.90625 0.84375 12546
0.90625 0.84375 12546
0.90625 0.84375 12546
0.90625 0.84375 12546
0.90625 0.84375 12546
0.90625 0.84375 12552
0.90625 0.84375 12564
0.90625 0.84375 12564
0.90625 0.84375 12564
0.90625 0.84375 12564
0.90625 0.84375 12564
0.90625 0.84375 12564
0.90625 0.84375 12564
0.90625 0.84375 12564
0.90625 0.84375 12564
0.90625 0.84375 12564
0.90625 0.84375 12564
0.90625 0.84375 12564
0.90625 0.84375 12564
0.90625 0.84375 12564
0.90625 0.84375 12566
0.90625 0.84375 12566
0.90625 0.84375 12566
0.90625 0.84375 12572
0.90625 0.84375 12574
0.90625 0.84375 12576
0.90625 0.84375 12578
0.90625 0.84375 12580
0.903125 0.84375 12600
0.903125 0.84375 12612
0.903125 0.84375 12614
0.903125 0.84375 12614
0.903125 0.84375 12614
0.903125 0.84375 12620
0.903125 0.84375 12620
0.903125 0.84375 12622
0.903125 0.84375 12622
0.903125 0.84375 12622
0.903125 0.84375 12622
0.903125 0.84375 12622
0.903125 0.84375 12622
0.903125 0.85 12622
0.903125 0.85 12622
0.903125 0.85 12622
0.903125 0.85 12622
0.903125 0.846875 12622
0.903125 0.846875 12622
0.903125 0.84375 12622
0.903125 0.84375 12622
0.903125 0.84375 12622
0.903125 0.84375 12622
0.903125 0.84375 12622
0.903125 0.84375 12622
0.903125 0.84375 12622
0.903125 0.84375 12622
0.903125 0.84375 12622
0.903125 0.84375 12622
0.903125 0.84375 12622
0.903125 0.84375 12622
0.903125 0.84375 12622
0.903125 0.84375 12622
0.903125 0.84375 12622
0.903125 0.84375 12622
0.903125 0.84375 12622
0.903125 0.84375 12622
0.903125 0.84375 12622
0.903125 0.84375 12624
0.903125 0.84375 12626
0.903125 0.84375 12628
0.903125 0.84375 12630
0.903125 0.84375 12630
0.903125 0.84375 12630
0.903125 0.84375 12630
0.903125 0.84375 12630
0.903125 0.84375 12642
0.903125 0.84375 12642
0.903125 0.846875 12654
0.903125 0.846875 12654
0.903125 0.846875 12654
0.903125 0.846875 12654
0.903125 0.84375 12654
0.903125 0.84375 12654
0.903125 0.84375 12654
0.903125 0.84375 12654
0.903125 0.84375 12654
0.903125 0.84375 12654
0.903125 0.84375 12654
0.903125 0.84375 12654
0.903125 0.84375 12654
0.903125 0.84375 12654
0.903125 0.85 12674
0.903125 0.85 12674
0.903125 0.85 12674
0.903125 0.846875 12674
0.903125 0.846875 12674
0.903125 0.846875 12674
0.903125 0.846875 12676
0.903125 0.846875 12676
0.903125 0.846875 12676
0.903125 0.846875 12676
0.903125 0.846875 12676
0.903125 0.846875 12676
0.903125 0.84375 12676
0.903125 0.84375 12676
0.903125 0.84375 12676
0.903125 0.84375 12676
0.903125 0.84375 12676
0.903125 0.84375 12678
0.903125 0.84375 12678
0.903125 0.84375 12678
0.903125 0.84375 12678
0.903125 0.84375 12680
0.903125 0.84375 12682
0.903125 0.85 12682
0.903125 0.85 12682
0.903125 0.85 12682
0.903125 0.85 12682
0.903125 0.85 12682
0.903125 0.85 12682
0.903125 0.85 12682
0.903125 0.85 12684
0.903125 0.85 12684
0.903125 0.85 12684
0.903125 0.85 12684
0.903125 0.85 12684
0.903125 0.85 12684
0.903125 0.846875 12684
0.903125 0.846875 12684
0.903125 0.84375 12684
0.909375 0.8625 12696
0.909375 0.8625 12696
0.909375 0.8625 12696
0.909375 0.8625 12696
0.909375 0.8625 12696
0.909375 0.8625 12696
0.909375 0.8625 12696
0.909375 0.8625 12696
0.909375 0.8625 12696
0.909375 0.8625 12716
0.90625 0.865625 12772
0.90625 0.865625 12778
0.90625 0.865625 12780
0.90625 0.865625 12780
0.90625 0.865625 12782
0.90625 0.865625 12782
0.90625 0.865625 12782
0.90625 0.8625 12782
0.90625 0.8625 12784
0.90625 0.86875 12784
0.90625 0.86875 12784
0.90625 0.86875 12784
0.90625 0.86875 12784
0.90625 0.86875 12804
0.90625 0.86875 12804
0.90625 0.86875 12804
0.90625 0.865625 12804
0.90625 0.85625 12824
0.90625 0.85625 12826
0.90625 0.85625 12826
0.90625 0.8625 12826
0.90625 0.8625 12826
0.90625 0.8625 12826
0.90625 0.8625 12826
0.90625 0.8625 12826
0.90625 0.85625 12828
0.90625 0.85625 12828
0.90625 0.85625 12830
0.90625 0.85625 12830
0.90625 0.8625 12850
0.90625 0.8625 12850
0.90625 0.8625 12850
0.90625 0.8625 12850
0.90625 0.8625 12850
0.90625 0.85625 12850
0.90625 0.85625 12850
0.90625 0.85625 12862
0.90625 0.85625 12862
0.90625 0.85625 12862
0.90625 0.85625 12864
0.90625 0.85625 12864
0.90625 0.85625 12864
0.90625 0.85625 12864
0.90625 0.85625 12866
0.90625 0.85625 12878
0.90625 0.85625 12878
0.90625 0.85625 12878
0.90625 0.85625 12884
0.90625 0.85625 12884
0.90625 0.85625 12884
0.90625 0.85625 12884
0.90625 0.85625 12886
0.90625 0.85625 12886
0.90625 0.85625 12892
0.903125 0.85625 12982
0.903125 0.85625 12982
0.903125 0.85625 12982
0.903125 0.85625 12982
0.903125 0.85625 12984
0.903125 0.85625 12984
0.903125 0.85625 12984
0.903125 0.85625 12984
0.903125 0.85625 12984
0.903125 0.85625 12986
0.903125 0.85625 12986
0.903125 0.85625 12988
0.903125 0.85625 12988
0.903125 0.85625 12988
0.903125 0.85625 12988
0.903125 0.85625 12990
0.9 0.85625 13002
0.9 0.85625 13002
0.9 0.85625 13002
0.9 0.85625 13002
0.9 0.85625 13002
0.9 0.85625 13002
0.9 0.85625 13002
0.9 0.85625 13008
0.9 0.85625 13008
0.9 0.85625 13008
0.9 0.85625 13008
0.9 0.85625 13008
0.9 0.85625 13008
0.9 0.85625 13050
0.896875 0.85625 13160
0.9 0.85625 13180
0.9 0.85625 13180
0.9 0.85625 13180
0.9 0.85625 13180
0.903125 0.8625 13192
0.903125 0.8625 13192
0.903125 0.8625 13204
0.903125 0.8625 13204
0.903125 0.8625 13204
0.903125 0.8625 13204
0.903125 0.8625 13204
0.903125 0.8625 13204
0.903125 0.8625 13206
0.903125 0.8625 13206
0.903125 0.8625 13206
0.903125 0.859375 13212
0.903125 0.859375 13212
0.903125 0.859375 13218
0.903125 0.859375 13218
0.903125 0.859375 13220
0.903125 0.859375 13226
0.903125 0.859375 13226
0.903125 0.859375 13226
0.903125 0.859375 13226
0.903125 0.859375 13226
0.903125 0.859375 13226
0.903125 0.859375 13226
0.903125 0.859375 13226
0.903125 0.859375 13226
0.903125 0.859375 13232
0.903125 0.85625 13234
0.9125 0.88125 13324
0.9125 0.88125 13324
0.9125 0.88125 13324
0.9125 0.88125 13324
0.9125 0.88125 13326
0.9125 0.88125 13326
0.9125 0.88125 13326
0.9125 0.88125 13326
0.9125 0.8875 13328
0.9125 0.8875 13328
0.9125 0.8875 13328
0.9125 0.8875 13328
0.9125 0.8875 13348
0.9125 0.8875 13348
0.9125 0.8875 13348
0.9125 0.8875 13350
0.9125 0.8875 13350
0.9125 0.8875 13350
0.9125 0.8875 13350
0.9125 0.8875 13350
0.9125 0.8875 13352
0.9125 0.8875 13352
0.9125 0.8875 13352
0.9125 0.884375 13352
0.9125 0.884375 13352
0.9125 0.884375 13352
0.9125 0.884375 13352
0.9125 0.8875 13364
0.9125 0.8875 13364
0.9125 0.8875 13384
0.9125 0.8875 13390
0.9125 0.8875 13390
0.9125 0.8875 13390
0.9125 0.8875 13390
0.9125 0.8875 13390
0.9125 0.8875 13390
0.9125 0.8875 13390
0.9125 0.8875 13390
0.9125 0.8875 13390
0.9125 0.8875 13390
0.9125 0.8875 13390
0.9125 0.8875 13390
0.9125 0.8875 13390
0.9125 0.8875 13390
0.9125 0.8875 13392
0.9125 0.8875 13392
0.9125 0.8875 13392
