0.8375 0.825 596
0.8375 0.828125 598
0.8375 0.828125 598
0.8375 0.828125 598
0.8375 0.828125 598
0.8375 0.828125 600
0.8375 0.828125 600
0.8375 0.828125 600
0.8375 0.828125 602
0.8375 0.828125 602
0.8375 0.828125 602
0.8375 0.828125 602
0.8375 0.828125 602
0.834375 0.825 608
0.834375 0.821875 608
0.834375 0.821875 608
0.834375 0.821875 608
0.834375 0.8125 614
0.834375 0.815625 616
0.834375 0.815625 618
0.834375 0.815625 618
0.834375 0.815625 618
0.834375 0.815625 618
0.834375 0.815625 618
0.834375 0.81875 618
0.834375 0.81875 618
0.834375 0.815625 620
0.834375 0.815625 620
0.8375 0.8125 626
0.8375 0.8125 626
0.8375 0.8125 626
0.8375 0.8125 628
0.83125 0.80625 658
0.83125 0.80625 658
0.83125 0.80625 664
0.83125 0.80625 664
0.83125 0.80625 664
0.83125 0.80625 664
0.83125 0.80625 670
0.83125 0.80625 672
0.83125 0.80625 672
0.83125 0.80625 684
0.83125 0.80625 686
0.83125 0.80625 686
0.83125 0.80625 686
0.83125 0.80625 686
0.83125 0.809375 686
0.83125 0.809375 686
0.83125 0.8125 688
0.83125 0.8125 688
0.821875 0.79375 760
0.821875 0.79375 760
0.821875 0.79375 760
0.821875 0.79375 760
0.821875 0.79375 760
0.821875 0.79375 760
0.821875 0.79375 760
0.821875 0.790625 760
0.821875 0.784375 760
0.821875 0.784375 760
0.821875 0.784375 760
0.821875 0.771875 766
0.821875 0.771875 766
0.821875 0.771875 766
0.821875 0.778125 778
0.821875 0.778125 778
0.821875 0.778125 780
0.821875 0.778125 780
0.821875 0.778125 780
0.821875 0.778125 780
0.821875 0.778125 786
0.821875 0.778125 786
0.821875 0.778125 786
0.821875 0.778125 786
0.821875 0.778125 786
0.821875 0.778125 788
0.821875 0.778125 788
0.821875 0.778125 800
0.821875 0.778125 800
0.821875 0.771875 800
0.821875 0.771875 800
0.821875 0.771875 800
0.821875 0.771875 800
0.821875 0.771875 800
0.821875 0.771875 800
0.821875 0.778125 800
0.821875 0.778125 800
0.821875 0.775 800
0.821875 0.775 800
0.821875 0.775 800
0.821875 0.775 800
0.821875 0.775 800
0.821875 0.775 800
0.821875 0.771875 800
0.821875 0.771875 820
0.821875 0.771875 820
0.821875 0.771875 820
0.821875 0.771875 820
0.821875 0.771875 820
0.821875 0.771875 820
0.821875 0.775 820
0.821875 0.775 832
0.821875 0.775 832
0.821875 0.775 834
0.81875 0.76875 876
0.81875 0.76875 888
0.81875 0.76875 888
0.81875 0.765625 900
0.81875 0.765625 900
0.81875 0.7625 902
0.81875 0.7625 902
0.81875 0.7625 902
0.81875 0.7625 904
0.81875 0.7625 904
0.81875 0.7625 904
0.81875 0.7625 904
0.81875 0.7625 906
0.81875 0.7625 906
0.81875 0.7625 906
0.81875 0.7625 906
0.81875 0.7625 906
0.81875 0.7625 908
0.81875 0.7625 908
0.81875 0.7625 908
0.81875 0.7625 908
0.81875 0.7625 908
0.81875 0.759375 908
0.81875 0.759375 908
0.81875 0.759375 908
0.81875 0.759375 908
0.81875 0.759375 908
0.81875 0.759375 908
0.81875 0.759375 908
0.81875 0.7625 938
0.81875 0.7625 938
0.81875 0.7625 938
0.81875 0.7625 938
0.81875 0.7625 938
0.81875 0.7625 938
0.81875 0.7625 940
0.81875 0.7625 942
0.821875 0.76875 954
0.821875 0.76875 954
0.821875 0.76875 954
0.821875 0.76875 954
0.821875 0.765625 954
0.821875 0.765625 954
0.821875 0.765625 954
0.821875 0.765625 954
0.821875 0.7625 954
0.821875 0.7625 954
0.821875 0.7625 954
0.821875 0.7625 956
0.821875 0.7625 956
0.821875 0.7625 956
0.821875 0.7625 968
0.821875 0.7625 970
0.821875 0.7625 970
0.821875 0.7625 970
0.821875 0.7625 970
0.821875 0.7625 970
0.821875 0.7625 970
0.821875 0.7625 970
0.821875 0.7625 970
0.821875 0.7625 970
0.821875 0.7625 970
0.821875 0.7625 970
0.821875 0.7625 970
0.821875 0.7625 970
0.821875 0.7625 970
0.821875 0.775 972
0.821875 0.775 972
0.821875 0.775 974
0.821875 0.775 974
0.81875 0.765625 1030
0.81875 0.759375 1030
0.81875 0.759375 1030
0.81875 0.765625 1030
0.81875 0.765625 1030
0.81875 0.765625 1030
0.81875 0.765625 1030
0.81875 0.765625 1042
0.81875 0.765625 1042
0.81875 0.765625 1042
0.809375 0.765625 1072
0.809375 0.765625 1072
0.809375 0.7625 1072
0.809375 0.7625 1072
0.809375 0.7625 1072
0.809375 0.7625 1072
0.809375 0.7625 1072
0.809375 0.7625 1078
0.809375 0.7625 1078
0.809375 0.7625 1078
0.809375 0.7625 1078
0.809375 0.7625 1078
0.809375 0.75625 1078
0.809375 0.75625 1078
0.809375 0.75 1078
0.809375 0.740625 1080
0.809375 0.740625 1080
0.809375 0.740625 1080
0.809375 0.740625 1080
0.809375 0.740625 1080
0.809375 0.740625 1080
0.809375 0.740625 1080
0.809375 0.740625 1080
0.809375 0.7375 1080
0.809375 0.7375 1080
0.809375 0.7375 1080
0.809375 0.7375 1080
0.809375 0.7375 1080
0.809375 0.7375 1080
0.809375 0.7375 1080
0.809375 0.7375 1080
0.809375 0.7375 1082
0.809375 0.734375 1084
0.809375 0.734375 1084
0.809375 0.734375 1090
0.809375 0.734375 1090
0.809375 0.734375 1092
0.809375 0.734375 1092
0.809375 0.7375 1092
0.809375 0.734375 1092
0.809375 0.734375 1092
0.809375 0.734375 1104
0.809375 0.734375 1104
0.809375 0.728125 1104
0.809375 0.728125 1104
0.809375 0.728125 1106
0.809375 0.728125 1106
0.809375 0.728125 1108
0.809375 0.725 1114
0.809375 0.71875 1114
0.809375 0.721875 1114
0.809375 0.71875 1114
0.809375 0.71875 1114
0.809375 0.71875 1114
0.809375 0.71875 1114
0.809375 0.71875 1114
0.809375 0.71875 1114
0.809375 0.71875 1114
0.809375 0.721875 1120
0.809375 0.721875 1120
0.809375 0.71875 1120
0.809375 0.71875 1120
0.809375 0.71875 1120
0.809375 0.71875 1120
0.809375 0.715625 1122
0.809375 0.715625 1122
0.809375 0.715625 1122
0.809375 0.715625 1122
0.809375 0.715625 1124
0.809375 0.71875 1126
0.809375 0.71875 1126
0.809375 0.71875 1146
0.809375 0.71875 1146
0.809375 0.715625 1166
0.809375 0.715625 1166
0.809375 0.715625 1166
0.834375 0.778125 1322
0.834375 0.778125 1322
0.834375 0.775 1322
0.834375 0.775 1328
0.834375 0.775 1328
0.834375 0.775 1330
0.834375 0.778125 1330
0.834375 0.778125 1330
0.834375 0.778125 1330
0.834375 0.778125 1330
0.834375 0.771875 1336
0.834375 0.771875 1338
0.834375 0.771875 1350
0.834375 0.771875 1362
0.834375 0.771875 1362
0.83125 0.765625 1382
0.83125 0.765625 1384
0.83125 0.765625 1384
0.83125 0.765625 1386
0.83125 0.765625 1386
0.83125 0.765625 1386
0.83125 0.765625 1386
0.83125 0.765625 1386
0.83125 0.765625 1386
0.83125 0.765625 1386
0.83125 0.765625 1386
0.83125 0.765625 1388
0.83125 0.76875 1388
0.83125 0.76875 1388
0.83125 0.76875 1388
0.821875 0.765625 1418
0.821875 0.765625 1418
0.821875 0.76875 1418
0.821875 0.765625 1420
0.821875 0.765625 1440
0.821875 0.765625 1440
0.821875 0.765625 1440
0.821875 0.765625 1440
0.821875 0.765625 1440
0.821875 0.765625 1440
0.821875 0.765625 1452
0.821875 0.765625 1452
0.821875 0.765625 1452
0.821875 0.765625 1452
0.821875 0.76875 1454
0.821875 0.76875 1454
0.821875 0.76875 1454
0.821875 0.76875 1456
0.821875 0.76875 1456
0.821875 0.76875 1456
0.821875 0.76875 1458
0.821875 0.76875 1460
0.821875 0.76875 1462
0.821875 0.775 1464
0.83125 0.796875 1536
0.83125 0.796875 1536
0.83125 0.796875 1536
0.83125 0.796875 1536
0.83125 0.796875 1536
0.83125 0.796875 1536
0.83125 0.796875 1536
0.83125 0.796875 1536
0.83125 0.796875 1556
0.83125 0.796875 1558
0.83125 0.796875 1558
0.83125 0.796875 1558
0.83125 0.796875 1558
0.83125 0.796875 1558
0.83125 0.790625 1564
0.83125 0.790625 1564
0.83125 0.790625 1564
0.83125 0.790625 1564
0.83125 0.790625 1566
0.83125 0.790625 1566
0.821875 0.796875 1622
0.821875 0.796875 1624
0.821875 0.796875 1626
0.821875 0.796875 1626
0.821875 0.796875 1626
0.821875 0.796875 1632
0.821875 0.796875 1632
0.81875 0.796875 1662
0.81875 0.796875 1662
0.81875 0.796875 1662
0.81875 0.796875 1662
0.81875 0.796875 1662
0.81875 0.796875 1662
0.81875 0.796875 1662
0.81875 0.796875 1662
0.81875 0.796875 1662
0.81875 0.796875 1662
0.81875 0.796875 1662
0.81875 0.796875 1662
0.81875 0.796875 1662
0.81875 0.796875 1662
0.81875 0.796875 1662
0.81875 0.796875 1662
0.81875 0.796875 1668
0.81875 0.796875 1668
0.81875 0.796875 1668
0.81875 0.796875 1668
0.81875 0.796875 1668
0.81875 0.796875 1668
0.81875 0.796875 1670
0.81875 0.796875 1670
0.81875 0.796875 1682
0.81875 0.796875 1682
0.81875 0.796875 1684
0.81875 0.796875 1684
0.81875 0.796875 1690
0.81875 0.8 1690
0.81875 0.8 1690
0.81875 0.8 1690
0.81875 0.8 1690
0.81875 0.8 1690
0.81875 0.8 1690
0.81875 0.796875 1692
0.81875 0.796875 1694
0.81875 0.796875 1694
0.81875 0.796875 1696
0.81875 0.796875 1698
0.81875 0.796875 1698
0.81875 0.796875 1700
0.81875 0.796875 1712
0.81875 0.796875 1712
0.81875 0.796875 1712
0.81875 0.796875 1712
0.81875 0.796875 1712
0.81875 0.796875 1712
0.81875 0.796875 1712
0.81875 0.796875 1714
0.81875 0.796875 1714
0.81875 0.79375 1734
0.815625 0.79375 1746
0.815625 0.79375 1746
0.815625 0.79375 1746
0.815625 0.79375 1746
0.815625 0.79375 1746
0.815625 0.79375 1746
0.815625 0.79375 1746
0.815625 0.79375 1746
0.815625 0.79375 1746
0.815625 0.79375 1746
0.815625 0.79375 1746
0.815625 0.79375 1752
0.815625 0.796875 1764
0.815625 0.796875 1764
0.815625 0.796875 1770
0.815625 0.796875 1770
0.815625 0.796875 1770
0.815625 0.8 1770
0.815625 0.8 1770
0.815625 0.8 1770
0.815625 0.8 1770
0.815625 0.8 1770
0.815625 0.8 1770
0.815625 0.8 1770
0.815625 0.8 1770
0.815625 0.796875 1770
0.815625 0.796875 1770
0.815625 0.796875 1770
0.815625 0.790625 1772
0.815625 0.790625 1772
0.815625 0.790625 1772
0.815625 0.790625 1772
0.815625 0.790625 1772
0.815625 0.790625 1784
0.815625 0.790625 1784
0.815625 0.790625 1786
0.815625 0.790625 1786
0.815625 0.790625 1786
0.815625 0.790625 1786
0.815625 0.790625 1786
0.815625 0.790625 1788
0.815625 0.790625 1788
0.815625 0.790625 1788
0.815625 0.790625 1788
0.815625 0.790625 1788
0.80625 0.771875 1808
0.80625 0.771875 1808
0.80625 0.771875 1808
0.80625 0.771875 1808
0.80625 0.771875 1808
0.80625 0.771875 1810
0.80625 0.771875 1810
0.80625 0.771875 1900
0.80625 0.771875 1900
0.80625 0.778125 1900
0.80625 0.784375 1920
0.80625 0.784375 1920
0.80625 0.784375 1922
0.80625 0.784375 1922
0.80625 0.784375 1922
0.80625 0.784375 1922
0.80625 0.784375 1922
0.80625 0.784375 1922
0.80625 0.784375 1922
0.80625 0.784375 1922
0.80625 0.784375 1922
0.80625 0.784375 1922
0.80625 0.784375 1922
0.80625 0.784375 1922
0.80625 0.784375 1922
0.80625 0.784375 1928
0.80625 0.784375 1928
0.80625 0.784375 1928
0.80625 0.784375 1928
0.80625 0.784375 1928
0.80625 0.784375 1930
0.80625 0.784375 1930
0.80625 0.784375 1930
0.80625 0.784375 1930
0.80625 0.784375 1930
0.80625 0.784375 1932
0.80625 0.784375 1938
0.80625 0.784375 1944
0.80625 0.784375 1944
0.80625 0.784375 1944
0.80625 0.784375 1944
0.80625 0.784375 1944
0.80625 0.784375 1944
0.80625 0.784375 1944
0.80625 0.784375 1946
0.80625 0.784375 1952
0.80625 0.784375 1954
0.80625 0.784375 1960
0.80625 0.784375 1966
0.80625 0.784375 1966
0.80625 0.784375 1966
0.80625 0.784375 1966
0.80625 0.784375 1968
0.80625 0.784375 1968
0.803125 0.778125 1998
0.803125 0.778125 1998
0.803125 0.778125 1998
0.803125 0.778125 1998
0.803125 0.778125 1998
0.803125 0.778125 1998
0.803125 0.778125 1998
0.803125 0.778125 1998
0.803125 0.778125 1998
0.803125 0.778125 1998
0.803125 0.778125 2004
0.803125 0.778125 2004
0.803125 0.778125 2004
0.803125 0.778125 2006
0.821875 0.765625 2036
0.821875 0.765625 2048
0.821875 0.765625 2048
0.821875 0.765625 2048
0.821875 0.765625 2048
0.821875 0.765625 2048
0.821875 0.765625 2048
0.821875 0.765625 2048
0.821875 0.765625 2048
0.821875 0.765625 2048
0.821875 0.765625 2048
0.821875 0.765625 2048
0.821875 0.765625 2048
0.821875 0.765625 2048
0.821875 0.765625 2054
0.821875 0.765625 2054
0.821875 0.765625 2054
0.821875 0.765625 2056
0.821875 0.765625 2056
0.821875 0.765625 2056
0.821875 0.765625 2056
0.821875 0.765625 2056
0.821875 0.765625 2056
0.821875 0.765625 2056
0.821875 0.765625 2056
0.821875 0.765625 2056
0.821875 0.765625 2056
0.821875 0.765625 2056
0.821875 0.765625 2056
0.821875 0.765625 2056
0.821875 0.765625 2056
0.821875 0.765625 2056
0.821875 0.765625 2056
0.821875 0.765625 2056
0.821875 0.765625 2056
0.821875 0.765625 2056
0.821875 0.765625 2056
0.81875 0.765625 2112
0.81875 0.765625 2112
0.81875 0.765625 2112
0.81875 0.765625 2112
0.81875 0.765625 2112
0.81875 0.765625 2118
0.81875 0.765625 2118
0.81875 0.765625 2120
0.81875 0.765625 2120
0.81875 0.765625 2122
0.81875 0.765625 2122
0.81875 0.765625 2122
0.81875 0.765625 2122
0.81875 0.765625 2122
0.81875 0.765625 2128
0.81875 0.765625 2128
0.81875 0.765625 2128
0.81875 0.765625 2130
0.81875 0.765625 2130
0.81875 0.765625 2132
0.81875 0.765625 2132
0.81875 0.765625 2132
0.81875 0.765625 2132
0.81875 0.765625 2132
0.81875 0.765625 2132
0.81875 0.765625 2132
0.81875 0.765625 2132
0.81875 0.765625 2134
0.81875 0.765625 2134
0.81875 0.765625 2136
0.81875 0.765625 2138
0.81875 0.765625 2138
0.81875 0.765625 2138
0.81875 0.765625 2144
0.821875 0.771875 2156
0.821875 0.771875 2168
0.821875 0.771875 2168
0.821875 0.771875 2168
0.821875 0.771875 2170
0.821875 0.76875 2190
0.821875 0.76875 2190
0.821875 0.76875 2202
0.821875 0.76875 2202
0.821875 0.76875 2202
0.821875 0.76875 2202
0.821875 0.76875 2202
0.821875 0.765625 2214
0.821875 0.765625 2286
0.821875 0.765625 2286
0.821875 0.765625 2286
0.821875 0.765625 2286
0.821875 0.765625 2288
0.821875 0.765625 2288
0.821875 0.765625 2288
0.821875 0.765625 2288
0.821875 0.765625 2288
0.821875 0.765625 2288
0.821875 0.765625 2294
0.821875 0.765625 2294
0.821875 0.765625 2294
0.821875 0.765625 2294
0.821875 0.765625 2294
0.821875 0.765625 2306
0.821875 0.765625 2306
0.821875 0.765625 2306
0.821875 0.765625 2306
0.821875 0.765625 2306
0.81875 0.765625 2312
0.81875 0.765625 2312
0.81875 0.765625 2312
0.81875 0.765625 2312
0.81875 0.765625 2312
0.81875 0.765625 2312
0.81875 0.765625 2312
0.81875 0.765625 2312
0.81875 0.765625 2318
0.81875 0.765625 2318
0.81875 0.765625 2330
0.81875 0.765625 2330
0.81875 0.765625 2330
0.81875 0.765625 2342
0.81875 0.765625 2342
0.81875 0.765625 2344
0.81875 0.765625 2344
0.81875 0.765625 2344
0.81875 0.765625 2344
0.81875 0.765625 2364
0.81875 0.765625 2364
0.81875 0.765625 2364
0.81875 0.765625 2364
0.81875 0.765625 2364
0.81875 0.765625 2364
0.81875 0.765625 2364
0.81875 0.765625 2366
0.81875 0.765625 2366
0.81875 0.765625 2366
0.81875 0.765625 2366
0.81875 0.765625 2366
0.81875 0.765625 2366
0.821875 0.765625 2422
0.821875 0.765625 2424
0.821875 0.765625 2424
0.821875 0.765625 2424
0.821875 0.765625 2424
0.821875 0.765625 2424
0.821875 0.765625 2424
0.821875 0.78125 2436
0.821875 0.78125 2436
0.821875 0.78125 2436
0.821875 0.78125 2456
0.821875 0.78125 2456
0.821875 0.78125 2456
0.821875 0.78125 2456
0.821875 0.78125 2456
0.821875 0.78125 2456
0.821875 0.78125 2468
0.821875 0.78125 2468
0.821875 0.78125 2468
0.821875 0.78125 2468
0.821875 0.78125 2470
0.821875 0.78125 2470
0.821875 0.78125 2470
0.821875 0.78125 2470
0.821875 0.78125 2470
0.821875 0.78125 2472
0.821875 0.78125 2472
0.821875 0.78125 2472
0.821875 0.78125 2472
0.821875 0.78125 2472
0.821875 0.78125 2472
0.821875 0.78125 2472
0.821875 0.78125 2472
0.81875 0.78125 2478
0.81875 0.78125 2478
0.81875 0.78125 2478
0.81875 0.78125 2478
0.81875 0.78125 2478
0.81875 0.78125 2478
0.81875 0.78125 2478
0.81875 0.78125 2478
0.81875 0.78125 2478
0.81875 0.78125 2478
0.821875 0.778125 2484
0.821875 0.778125 2484
0.821875 0.778125 2490
0.821875 0.778125 2490
0.821875 0.778125 2490
0.821875 0.778125 2490
0.821875 0.778125 2492
0.821875 0.778125 2492
0.821875 0.778125 2492
0.821875 0.778125 2492
0.821875 0.778125 2492
0.821875 0.778125 2492
0.821875 0.778125 2492
0.821875 0.778125 2492
0.821875 0.778125 2492
0.79375 0.734375 2954
0.79375 0.734375 2954
0.79375 0.734375 2954
0.79375 0.734375 2954
0.79375 0.734375 2954
0.79375 0.734375 2954
0.79375 0.734375 2954
0.79375 0.734375 2954
0.79375 0.734375 2954
0.79375 0.734375 2954
0.79375 0.734375 2954
0.79375 0.734375 2954
0.79375 0.734375 2954
0.79375 0.734375 2954
0.79375 0.734375 2954
0.79375 0.734375 2954
0.79375 0.734375 2960
0.79375 0.734375 2960
0.79375 0.734375 2960
0.79375 0.734375 2960
0.79375 0.734375 2960
0.79375 0.734375 2960
0.79375 0.728125 2960
0.79375 0.734375 2960
0.79375 0.734375 2966
0.79375 0.734375 2968
0.79375 0.734375 2968
0.79375 0.734375 2968
0.79375 0.728125 2970
0.79375 0.728125 2982
0.79375 0.728125 2982
0.79375 0.728125 2984
0.79375 0.728125 2984
0.79375 0.728125 2984
0.79375 0.728125 2984
0.79375 0.728125 2984
0.79375 0.73125 2984
0.79375 0.73125 2984
0.79375 0.73125 2984
0.79375 0.73125 2984
0.79375 0.73125 2984
0.79375 0.73125 2984
0.79375 0.728125 3004
0.79375 0.728125 3004
0.79375 0.728125 3006
0.79375 0.728125 3006
0.79375 0.728125 3006
0.79375 0.7375 3026
0.79375 0.7375 3026
0.79375 0.7375 3026
0.79375 0.7375 3026
0.79375 0.7375 3026
0.79375 0.7375 3026
0.79375 0.7375 3028
0.79375 0.7375 3028
0.79375 0.7375 3028
0.80625 0.74375 3048
0.80625 0.74375 3048
0.803125 0.746875 3090
0.803125 0.746875 3090
0.803125 0.746875 3090
0.803125 0.746875 3090
0.8 0.746875 3102
0.8 0.746875 3102
0.8 0.746875 3102
0.8 0.746875 3102
0.8 0.746875 3102
0.8 0.746875 3102
0.81875 0.765625 3104
0.81875 0.765625 3104
0.81875 0.765625 3104
0.81875 0.765625 3104
0.81875 0.765625 3104
0.81875 0.765625 3106
0.81875 0.765625 3112
0.81875 0.765625 3112
0.81875 0.765625 3112
0.81875 0.765625 3114
0.81875 0.765625 3114
0.81875 0.765625 3114
0.815625 0.759375 3144
0.815625 0.759375 3144
0.815625 0.759375 3144
0.815625 0.759375 3144
0.815625 0.759375 3156
0.815625 0.759375 3156
0.815625 0.753125 3212
0.815625 0.753125 3212
0.815625 0.753125 3212
0.815625 0.753125 3212
0.815625 0.753125 3212
0.815625 0.753125 3212
0.815625 0.753125 3212
0.815625 0.753125 3212
0.815625 0.753125 3212
0.815625 0.746875 3212
0.815625 0.753125 3214
0.815625 0.753125 3220
0.815625 0.753125 3220
0.815625 0.753125 3220
0.815625 0.753125 3220
0.815625 0.753125 3220
0.815625 0.753125 3240
0.815625 0.753125 3242
0.815625 0.753125 3242
0.815625 0.753125 3242
0.815625 0.753125 3244
0.815625 0.753125 3300
0.815625 0.753125 3300
0.815625 0.753125 3302
0.815625 0.753125 3304
0.815625 0.753125 3304
0.815625 0.753125 3304
0.815625 0.753125 3304
0.815625 0.753125 3306
0.815625 0.753125 3306
0.815625 0.753125 3306
0.815625 0.753125 3308
0.815625 0.753125 3308
0.815625 0.753125 3320
0.815625 0.746875 3320
0.815625 0.753125 3320
0.815625 0.753125 3320
0.815625 0.753125 3320
0.815625 0.753125 3320
0.815625 0.753125 3320
0.809375 0.753125 3392
0.809375 0.753125 3398
0.809375 0.753125 3398
0.809375 0.753125 3418
0.809375 0.753125 3418
0.809375 0.753125 3430
0.809375 0.753125 3430
0.809375 0.753125 3430
0.809375 0.753125 3430
0.809375 0.753125 3430
0.809375 0.753125 3432
0.809375 0.753125 3438
0.809375 0.753125 3438
0.809375 0.753125 3438
0.809375 0.753125 3438
0.809375 0.753125 3438
0.809375 0.753125 3438
0.809375 0.753125 3438
0.809375 0.753125 3438
0.809375 0.753125 3440
0.809375 0.753125 3440
0.821875 0.746875 3470
0.821875 0.746875 3470
0.821875 0.746875 3470
0.821875 0.746875 3470
0.821875 0.746875 3470
0.821875 0.746875 3472
0.821875 0.746875 3472
0.821875 0.746875 3472
0.821875 0.746875 3472
0.821875 0.746875 3474
0.821875 0.746875 3474
0.821875 0.746875 3474
0.821875 0.746875 3474
0.821875 0.746875 3476
0.821875 0.746875 3476
0.821875 0.746875 3476
0.821875 0.746875 3476
0.821875 0.746875 3476
0.821875 0.746875 3476
0.821875 0.746875 3476
0.821875 0.746875 3476
0.821875 0.746875 3476
0.821875 0.746875 3482
0.821875 0.746875 3484
0.821875 0.746875 3484
0.821875 0.746875 3484
0.821875 0.746875 3484
0.821875 0.746875 3484
0.821875 0.746875 3490
0.821875 0.746875 3490
0.821875 0.746875 3490
0.821875 0.746875 3490
0.821875 0.746875 3490
0.821875 0.746875 3490
0.821875 0.746875 3490
0.821875 0.746875 3490
0.821875 0.746875 3490
0.821875 0.746875 3490
0.821875 0.746875 3490
0.821875 0.746875 3492
0.821875 0.746875 3492
0.821875 0.746875 3498
0.821875 0.746875 3498
0.821875 0.746875 3498
0.821875 0.746875 3500
0.821875 0.746875 3500
0.821875 0.746875 3500
0.821875 0.746875 3520
0.825 0.753125 3526
0.825 0.753125 3526
0.825 0.753125 3526
0.825 0.753125 3528
0.825 0.753125 3528
0.825 0.753125 3528
0.825 0.753125 3528
0.825 0.753125 3528
0.825 0.753125 3528
0.825 0.753125 3528
0.825 0.753125 3528
0.825 0.753125 3530
0.825 0.753125 3530
0.825 0.753125 3530
0.825 0.753125 3530
0.825 0.753125 3530
0.825 0.753125 3532
0.825 0.753125 3532
0.825 0.753125 3532
0.825 0.753125 3532
0.825 0.753125 3532
0.825 0.753125 3532
0.825 0.753125 3534
0.825 0.753125 3536
0.825 0.753125 3536
0.825 0.753125 3536
0.825 0.753125 3536
0.825 0.753125 3536
0.825 0.753125 3536
0.825 0.753125 3536
0.825 0.753125 3536
0.825 0.753125 3536
0.825 0.753125 3536
0.825 0.753125 3536
0.825 0.753125 3536
0.825 0.753125 3536
0.825 0.753125 3538
0.825 0.753125 3540
0.825 0.753125 3540
0.825 0.753125 3540
0.825 0.753125 3540
0.825 0.753125 3540
0.825 0.753125 3540
0.825 0.753125 3540
0.825 0.753125 3542
0.825 0.753125 3548
0.825 0.753125 3548
0.825 0.753125 3548
0.825 0.753125 3548
0.825 0.753125 3548
0.825 0.753125 3548
0.825 0.753125 3548
0.825 0.753125 3548
0.825 0.753125 3548
0.825 0.753125 3548
0.825 0.753125 3550
0.825 0.753125 3550
0.825 0.753125 3550
0.825 0.753125 3550
0.825 0.753125 3550
0.825 0.753125 3550
0.825 0.753125 3550
0.825 0.753125 3550
0.825 0.753125 3550
0.825 0.753125 3552
0.825 0.753125 3552
0.825 0.753125 3552
0.825 0.753125 3552
0.825 0.753125 3552
0.825 0.753125 3552
0.825 0.753125 3552
0.825 0.753125 3552
0.825 0.753125 3552
0.825 0.753125 3554
0.853125 0.76875 3596
0.853125 0.76875 3602
0.85 0.765625 3644
0.85 0.765625 3644
0.85 0.765625 3644
0.85 0.765625 3644
0.85 0.765625 3646
0.85 0.765625 3646
0.853125 0.7875 3778
0.853125 0.7875 3778
0.853125 0.7875 3778
0.853125 0.7875 3784
0.853125 0.7875 3784
0.853125 0.7875 3784
0.853125 0.7875 3790
0.853125 0.7875 3792
0.853125 0.7875 3792
0.853125 0.7875 3792
0.85 0.784375 3812
0.85 0.784375 3818
0.85 0.784375 3818
0.85 0.78125 3824
0.85 0.78125 3824
0.85 0.78125 3824
0.85 0.78125 3824
0.85 0.78125 3826
0.85 0.78125 3832
0.85 0.78125 3832
0.85 0.78125 3832
0.85 0.78125 3832
0.85 0.78125 3832
0.85 0.78125 3838
0.85 0.78125 3838
0.85 0.78125 3840
0.85 0.78125 3840
0.85 0.78125 3846
0.85 0.78125 3846
0.85 0.78125 3846
0.85 0.78125 3852
0.85 0.78125 3852
0.85 0.78125 3852
0.85 0.78125 3852
0.85625 0.7875 3908
0.85625 0.7875 3908
0.85625 0.7875 3908
0.85625 0.7875 3908
0.85625 0.7875 3908
0.85625 0.7875 3908
0.85625 0.7875 3908
0.85625 0.7875 3914
0.85625 0.7875 3914
0.85625 0.7875 3916
0.85625 0.7875 3916
0.85625 0.7875 3916
0.85625 0.7875 3936
0.853125 0.79375 3956
0.853125 0.79375 3956
0.853125 0.79375 3956
0.853125 0.79375 3956
0.853125 0.79375 3956
0.853125 0.7875 3958
0.853125 0.7875 3960
0.853125 0.7875 3960
0.853125 0.7875 3960
0.853125 0.7875 3960
0.853125 0.7875 3960
0.853125 0.7875 3960
0.853125 0.7875 3960
0.853125 0.7875 3966
0.853125 0.7875 3972
0.853125 0.7875 3972
0.853125 0.7875 3978
0.853125 0.7875 3978
0.853125 0.78125 3978
0.853125 0.78125 3978
0.853125 0.78125 3980
0.853125 0.78125 3980
0.865625 0.78125 4000
0.865625 0.78125 4000
0.871875 0.79375 4020
0.86875 0.8 4062
0.86875 0.8 4062
0.86875 0.8 4062
0.86875 0.8 4062
0.86875 0.8 4062
0.86875 0.8 4062
0.86875 0.8 4062
0.86875 0.8 4062
0.86875 0.79375 4074
0.86875 0.79375 4074
0.86875 0.79375 4104
0.86875 0.79375 4104
0.86875 0.79375 4104
0.86875 0.79375 4104
0.875 0.80625 4116
0.875 0.80625 4116
0.875 0.80625 4116
0.875 0.80625 4116
0.875 0.80625 4116
0.875 0.80625 4116
0.875 0.80625 4116
0.88125 0.8125 4128
0.88125 0.8125 4128
0.88125 0.8125 4128
0.88125 0.8125 4128
0.88125 0.8125 4128
0.88125 0.8125 4128
0.88125 0.8125 4140
0.88125 0.8125 4140
0.88125 0.8125 4140
0.88125 0.8125 4140
0.884375 0.8125 4146
0.884375 0.809375 4148
0.884375 0.809375 4148
0.884375 0.809375 4148
0.884375 0.80625 4148
0.884375 0.80625 4148
0.884375 0.80625 4148
0.884375 0.8 4168
0.884375 0.8 4168
0.884375 0.8 4168
0.884375 0.8 4174
0.884375 0.8 4174
0.884375 0.8 4174
0.884375 0.8 4174
0.884375 0.80625 4176
0.884375 0.80625 4176
0.890625 0.81875 4178
0.890625 0.81875 4178
0.890625 0.81875 4178
0.890625 0.81875 4178
0.890625 0.81875 4180
0.890625 0.81875 4180
0.890625 0.81875 4182
0.890625 0.81875 4182
0.890625 0.81875 4182
0.890625 0.81875 4182
0.890625 0.81875 4182
0.890625 0.81875 4182
0.890625 0.81875 4182
0.890625 0.81875 4182
0.890625 0.81875 4184
0.890625 0.81875 4184
0.890625 0.815625 4186
0.890625 0.815625 4186
0.890625 0.81875 4192
0.884375 0.81875 4222
0.884375 0.81875 4222
0.884375 0.81875 4222
0.884375 0.81875 4222
0.884375 0.81875 4222
0.884375 0.81875 4234
0.884375 0.81875 4236
0.884375 0.81875 4242
0.884375 0.81875 4242
0.890625 0.8125 4262
0.890625 0.8125 4262
0.890625 0.8125 4262
0.890625 0.8125 4268
0.890625 0.8125 4268
0.890625 0.8125 4268
0.890625 0.8125 4268
0.890625 0.8125 4268
0.890625 0.8125 4268
0.890625 0.8125 4268
0.890625 0.8125 4268
0.890625 0.8125 4268
0.890625 0.8125 4268
0.890625 0.8125 4268
0.890625 0.8125 4268
0.890625 0.8125 4268
0.890625 0.8125 4268
0.890625 0.8125 4268
0.890625 0.8125 4268
0.890625 0.8125 4268
0.890625 0.8125 4268
0.8875 0.809375 4280
0.8875 0.809375 4280
0.8875 0.809375 4286
0.8875 0.809375 4286
0.8875 0.809375 4286
0.8875 0.809375 4286
0.8875 0.809375 4286
0.8875 0.809375 4306
0.8875 0.809375 4308
0.8875 0.809375 4308
0.8875 0.80625 4310
0.8875 0.80625 4310
0.8875 0.80625 4312
0.8875 0.80625 4312
0.8875 0.80625 4312
0.8875 0.80625 4312
0.8875 0.80625 4314
0.8875 0.80625 4314
0.8875 0.80625 4314
0.8875 0.80625 4314
0.8875 0.80625 4314
0.8875 0.80625 4314
0.8875 0.80625 4314
0.8875 0.80625 4314
0.8875 0.80625 4326
0.8875 0.80625 4332
0.8875 0.80625 4332
0.8875 0.80625 4332
0.8875 0.80625 4332
0.8875 0.80625 4332
0.8875 0.80625 4332
0.8875 0.80625 4334
0.8875 0.80625 4334
0.8875 0.80625 4334
0.8875 0.80625 4334
0.8875 0.80625 4334
0.8875 0.80625 4336
0.8875 0.80625 4336
0.8875 0.8125 4336
0.8875 0.8125 4336
0.8875 0.8125 4336
0.8875 0.8125 4342
0.8875 0.8125 4342
0.8875 0.8125 4348
0.8875 0.8125 4348
0.8875 0.8125 4348
0.8875 0.8125 4350
0.8875 0.8125 4350
0.8875 0.8125 4352
0.8875 0.8125 4352
0.8875 0.8125 4358
0.8875 0.8125 4358
0.8875 0.8125 4360
0.8875 0.8125 4360
0.8875 0.8125 4360
0.8875 0.8125 4360
0.8875 0.80625 4380
0.8875 0.80625 4380
0.8875 0.8125 4380
0.8875 0.8125 4380
0.8875 0.8125 4380
0.8875 0.8125 4380
0.8875 0.80625 4382
0.8875 0.80625 4382
0.8875 0.80625 4384
0.8875 0.80625 4390
0.8875 0.80625 4390
0.8875 0.80625 4410
0.8875 0.80625 4410
0.8875 0.80625 4416
0.8875 0.80625 4416
0.8875 0.80625 4416
0.8875 0.80625 4416
0.8875 0.80625 4418
0.8875 0.80625 4418
0.8875 0.8125 4418
0.8875 0.8125 4418
0.8875 0.8125 4420
0.8875 0.8125 4420
0.8875 0.8125 4422
0.8875 0.8125 4434
0.8875 0.8125 4434
0.8875 0.8125 4434
0.8875 0.8125 4434
0.8875 0.8125 4436
0.8875 0.8125 4456
0.8875 0.8125 4456
0.8875 0.8125 4456
0.8875 0.8125 4456
0.8875 0.8125 4456
0.8875 0.8125 4456
0.8875 0.8125 4456
0.8875 0.8125 4458
0.8875 0.8125 4458
0.8875 0.8125 4458
0.8875 0.8125 4458
0.8875 0.8125 4460
0.8875 0.8125 4460
0.8875 0.8125 4460
0.8875 0.8125 4460
0.8875 0.8125 4460
0.8875 0.8125 4460
0.8875 0.8125 4460
0.8875 0.8125 4460
0.8875 0.8125 4460
0.8875 0.8125 4460
0.8875 0.8125 4462
0.8875 0.8125 4462
0.8875 0.8125 4462
0.8875 0.8125 4462
0.8875 0.8125 4462
0.8875 0.8125 4462
0.8875 0.8125 4462
0.8875 0.8125 4462
0.8875 0.8125 4462
0.8875 0.8125 4462
0.8875 0.8125 4462
0.8875 0.8125 4462
0.8875 0.8125 4462
0.8875 0.8125 4462
0.8875 0.8125 4464
0.896875 0.825 4506
0.896875 0.825 4506
0.896875 0.825 4512
0.896875 0.825 4512
0.896875 0.825 4532
0.896875 0.825 4532
0.896875 0.825 4544
0.896875 0.825 4544
0.89375 0.825 4600
0.89375 0.825 4600
0.89375 0.825 4600
0.89375 0.825 4606
0.89375 0.825 4606
0.89375 0.825 4606
0.89375 0.825 4612
0.89375 0.825 4612
0.89375 0.825 4612
0.884375 0.8125 4668
0.884375 0.8125 4680
0.884375 0.8125 4680
0.884375 0.8125 4680
0.884375 0.8125 4680
0.884375 0.8125 4680
0.884375 0.8125 4680
0.884375 0.8125 4680
0.884375 0.8125 4680
0.884375 0.8125 4680
0.884375 0.8125 4680
0.884375 0.8125 4680
0.884375 0.8125 4680
0.884375 0.8125 4682
0.884375 0.8125 4682
0.884375 0.8125 4682
0.884375 0.8125 4682
0.884375 0.8125 4682
0.884375 0.8125 4694
0.884375 0.80625 4694
0.884375 0.8125 4694
0.884375 0.8125 4694
0.884375 0.8125 4694
0.884375 0.8125 4694
0.884375 0.8125 4724
0.884375 0.8125 4736
0.884375 0.8125 4736
0.884375 0.80625 4736
0.884375 0.80625 4736
0.884375 0.80625 4736
0.884375 0.80625 4736
0.884375 0.80625 4738
0.884375 0.80625 4738
0.884375 0.80625 4738
0.884375 0.80625 4738
0.884375 0.80625 4738
0.884375 0.80625 4738
0.884375 0.80625 4738
0.884375 0.80625 4738
0.884375 0.80625 4738
0.884375 0.80625 4738
0.884375 0.80625 4744
0.884375 0.80625 4744
0.884375 0.80625 4744
0.884375 0.80625 4744
0.884375 0.80625 4744
0.884375 0.80625 4744
0.884375 0.80625 4744
0.884375 0.80625 4744
0.884375 0.80625 4744
0.884375 0.80625 4744
0.884375 0.80625 4750
0.884375 0.80625 4750
0.884375 0.80625 4750
0.884375 0.80625 4752
0.884375 0.80625 4752
0.884375 0.80625 4764
0.884375 0.80625 4766
0.884375 0.80625 4766
0.884375 0.80625 4766
0.884375 0.80625 4766
0.884375 0.80625 4766
0.884375 0.80625 4766
0.884375 0.80625 4766
0.884375 0.80625 4772
0.884375 0.80625 4774
0.884375 0.80625 4774
0.884375 0.80625 4774
0.884375 0.80625 4774
0.884375 0.80625 4780
0.884375 0.80625 4782
0.884375 0.80625 4782
0.884375 0.80625 4782
0.884375 0.80625 4782
0.884375 0.80625 4782
0.884375 0.80625 4784
0.884375 0.80625 4784
0.884375 0.80625 4784
0.884375 0.80625 4784
0.884375 0.80625 4784
0.884375 0.80625 4790
0.884375 0.80625 4790
0.884375 0.80625 4790
0.884375 0.80625 4790
0.884375 0.80625 4792
0.884375 0.80625 4792
0.884375 0.80625 4792
0.884375 0.80625 4794
0.884375 0.80625 4794
0.884375 0.80625 4794
0.884375 0.80625 4794
0.884375 0.80625 4794
0.884375 0.80625 4794
0.884375 0.80625 4800
0.884375 0.80625 4800
0.884375 0.80625 4802
0.884375 0.80625 4802
0.884375 0.80625 4804
0.884375 0.80625 4804
0.884375 0.80625 4804
0.884375 0.80625 4804
0.884375 0.80625 4804
0.884375 0.80625 4804
0.884375 0.80625 4804
0.884375 0.80625 4804
0.884375 0.80625 4804
0.884375 0.80625 4804
0.884375 0.80625 4806
0.884375 0.803125 4806
0.884375 0.803125 4806
0.884375 0.803125 4806
0.884375 0.803125 4806
0.884375 0.803125 4806
0.884375 0.803125 4806
0.884375 0.803125 4818
0.884375 0.803125 4818
0.884375 0.8 4818
0.884375 0.8 4818
0.884375 0.8 4818
0.884375 0.8 4824
0.884375 0.8 4824
0.884375 0.8 4824
0.884375 0.8 4826
0.884375 0.8 4826
0.884375 0.8 4826
0.884375 0.8 4826
0.884375 0.8 4828
0.884375 0.8 4828
0.884375 0.8 4848
0.884375 0.8 4850
0.884375 0.8 4852
0.884375 0.8 4854
0.884375 0.8 4854
0.884375 0.8 4854
0.884375 0.8 4854
0.884375 0.8 4854
0.884375 0.8 4854
0.884375 0.8 4854
0.884375 0.8 4854
0.884375 0.8 4854
0.884375 0.8 4866
0.884375 0.8 4866
0.884375 0.8 4886
0.884375 0.8 4886
0.884375 0.8 4886
0.884375 0.8 4886
0.884375 0.8 4886
0.884375 0.8 4886
0.884375 0.8 4886
0.884375 0.8 4886
0.878125 0.8 4906
0.878125 0.8 4906
0.878125 0.8 4906
0.878125 0.8 4906
0.878125 0.8 4906
0.878125 0.8 4906
0.88125 0.80625 4918
0.88125 0.80625 4918
0.88125 0.80625 4918
0.88125 0.80625 4920
0.884375 0.8125 4950
0.884375 0.8125 4950
0.884375 0.8125 4950
0.884375 0.8125 4950
0.884375 0.8125 4952
0.884375 0.809375 4952
0.884375 0.809375 4952
0.884375 0.80625 4952
0.884375 0.80625 4952
0.884375 0.80625 4952
0.884375 0.80625 4952
0.884375 0.80625 4952
0.884375 0.80625 4972
0.884375 0.80625 4972
0.884375 0.80625 4978
0.884375 0.80625 4984
0.884375 0.80625 4984
0.884375 0.80625 4984
0.884375 0.80625 4984
0.884375 0.80625 4984
0.884375 0.80625 4986
0.884375 0.80625 4986
0.884375 0.80625 4986
0.884375 0.80625 4986
0.884375 0.80625 4988
0.884375 0.80625 4990
0.884375 0.80625 4990
0.884375 0.80625 4990
0.884375 0.80625 4990
0.884375 0.80625 4990
0.884375 0.80625 4990
0.884375 0.80625 4990
0.884375 0.80625 4990
0.884375 0.80625 4990
0.884375 0.80625 4990
0.884375 0.80625 4990
0.884375 0.80625 4990
0.884375 0.80625 4990
0.884375 0.80625 4990
0.884375 0.80625 4990
0.884375 0.80625 5002
0.884375 0.80625 5004
0.884375 0.80625 5004
0.884375 0.80625 5004
0.884375 0.80625 5006
0.884375 0.80625 5006
0.884375 0.80625 5006
0.884375 0.80625 5006
0.884375 0.80625 5012
0.884375 0.80625 5018
0.884375 0.80625 5018
0.884375 0.80625 5020
0.884375 0.80625 5020
0.884375 0.80625 5020
0.884375 0.80625 5020
0.884375 0.80625 5022
0.884375 0.80625 5022
0.884375 0.80625 5022
0.884375 0.80625 5022
0.884375 0.80625 5022
0.884375 0.80625 5022
0.884375 0.80625 5022
0.884375 0.80625 5022
0.884375 0.80625 5022
0.884375 0.80625 5022
0.884375 0.80625 5022
0.884375 0.80625 5022
0.884375 0.80625 5022
0.884375 0.80625 5022
0.884375 0.80625 5022
0.884375 0.8 5064
0.884375 0.8 5064
0.884375 0.8 5064
0.884375 0.8 5064
0.884375 0.8 5066
0.884375 0.8 5066
0.884375 0.8 5066
0.884375 0.8 5068
0.884375 0.8 5068
0.884375 0.8 5068
0.884375 0.8 5068
0.884375 0.8 5068
0.884375 0.8 5070
0.884375 0.8 5070
0.884375 0.8 5070
0.884375 0.8 5070
0.884375 0.8 5070
0.884375 0.8 5070
0.884375 0.8 5070
0.884375 0.8 5070
0.884375 0.8 5070
0.884375 0.8 5070
0.884375 0.8 5070
0.884375 0.8 5070
0.884375 0.8 5070
0.884375 0.8 5070
0.884375 0.8 5070
0.884375 0.8 5070
0.884375 0.8 5070
0.884375 0.8 5072
0.884375 0.8 5074
0.8875 0.8 5086
0.8875 0.8 5086
0.8875 0.8 5086
0.8875 0.8 5088
0.8875 0.8 5088
0.884375 0.79375 5130
0.884375 0.79375 5130
0.884375 0.79375 5130
0.884375 0.79375 5130
0.884375 0.79375 5130
0.884375 0.79375 5130
0.884375 0.79375 5130
0.884375 0.79375 5132
0.884375 0.79375 5132
0.884375 0.79375 5144
0.884375 0.79375 5144
0.884375 0.79375 5144
0.884375 0.79375 5146
0.884375 0.79375 5148
0.884375 0.79375 5148
0.884375 0.79375 5154
0.884375 0.79375 5154
0.884375 0.7875 5210
0.884375 0.7875 5210
0.884375 0.7875 5210
0.884375 0.7875 5210
0.884375 0.7875 5216
0.884375 0.7875 5218
0.884375 0.7875 5218
0.884375 0.7875 5230
0.884375 0.7875 5230
0.884375 0.7875 5230
0.884375 0.7875 5230
0.884375 0.7875 5230
0.884375 0.7875 5232
0.884375 0.7875 5234
0.884375 0.7875 5234
0.884375 0.7875 5234
0.884375 0.7875 5240
0.884375 0.7875 5240
0.884375 0.78125 5270
0.884375 0.78125 5276
0.884375 0.78125 5276
0.884375 0.78125 5276
0.884375 0.78125 5278
0.884375 0.78125 5280
0.884375 0.78125 5282
0.884375 0.78125 5282
0.884375 0.78125 5282
0.884375 0.78125 5288
0.884375 0.78125 5288
0.884375 0.78125 5288
0.884375 0.78125 5288
0.884375 0.78125 5288
0.884375 0.7875 5294
0.884375 0.7875 5294
0.884375 0.7875 5296
0.884375 0.7875 5296
0.884375 0.78125 5298
0.884375 0.78125 5298
0.884375 0.78125 5300
0.884375 0.78125 5306
0.884375 0.78125 5308
0.884375 0.78125 5328
0.884375 0.78125 5328
0.884375 0.78125 5328
0.884375 0.78125 5328
0.884375 0.78125 5328
0.884375 0.78125 5328
0.884375 0.78125 5328
0.884375 0.78125 5328
0.884375 0.78125 5328
0.884375 0.78125 5328
0.884375 0.78125 5330
0.884375 0.78125 5330
0.884375 0.78125 5330
0.8875 0.78125 5350
0.8875 0.78125 5350
0.8875 0.78125 5350
0.8875 0.78125 5350
0.8875 0.78125 5350
0.8875 0.78125 5350
0.8875 0.78125 5356
0.8875 0.78125 5356
0.8875 0.78125 5356
0.8875 0.78125 5368
0.8875 0.78125 5368
0.8875 0.78125 5368
0.8875 0.78125 5380
0.8875 0.78125 5380
0.8875 0.78125 5380
0.8875 0.78125 5380
0.8875 0.78125 5380
0.8875 0.78125 5380
0.8875 0.78125 5380
0.8875 0.78125 5380
0.8875 0.78125 5382
0.8875 0.78125 5382
0.8875 0.78125 5382
0.8875 0.78125 5382
0.8875 0.78125 5382
0.8875 0.78125 5382
0.8875 0.78125 5388
0.8875 0.78125 5388
0.8875 0.78125 5388
0.8875 0.78125 5408
0.8875 0.78125 5408
0.8875 0.78125 5408
0.8875 0.775 5414
0.8875 0.775 5420
0.8875 0.775 5420
0.8875 0.775 5420
0.8875 0.775 5420
0.8875 0.775 5420
0.8875 0.775 5420
0.8875 0.775 5420
0.8875 0.775 5422
0.8875 0.775 5424
0.8875 0.775 5424
0.8875 0.775 5424
0.8875 0.775 5444
0.8875 0.775 5444
0.8875 0.775 5446
0.8875 0.775 5446
0.8875 0.775 5446
0.8875 0.775 5446
0.8875 0.775 5446
0.8875 0.775 5448
0.8875 0.775 5448
0.8875 0.775 5448
0.8875 0.775 5448
0.8875 0.775 5448
0.8875 0.775 5448
0.8875 0.775 5448
0.8875 0.775 5448
0.8875 0.775 5448
0.8875 0.775 5468
0.8875 0.775 5468
0.8875 0.775 5468
0.8875 0.775 5468
0.8875 0.775 5468
0.8875 0.775 5470
0.8875 0.775 5470
0.8875 0.775 5470
0.8875 0.775 5472
0.8875 0.775 5472
0.8875 0.775 5472
0.8875 0.775 5472
0.8875 0.775 5472
0.8875 0.775 5472
0.8875 0.775 5472
0.8875 0.775 5472
0.8875 0.775 5472
0.8875 0.775 5472
0.8875 0.775 5472
0.8875 0.775 5472
0.8875 0.775 5472
0.8875 0.78125 5484
0.8875 0.78125 5484
0.8875 0.78125 5490
0.8875 0.78125 5496
0.8875 0.78125 5496
0.8875 0.78125 5496
0.890625 0.78125 5498
0.890625 0.78125 5504
0.890625 0.78125 5506
0.890625 0.78125 5506
0.890625 0.78125 5506
0.890625 0.78125 5512
0.890625 0.78125 5554
0.890625 0.78125 5560
0.890625 0.78125 5560
0.890625 0.78125 5560
0.890625 0.78125 5560
0.890625 0.78125 5560
0.890625 0.78125 5560
0.890625 0.78125 5560
0.890625 0.78125 5566
0.890625 0.78125 5566
0.884375 0.7625 5722
0.884375 0.7625 5724
0.884375 0.7625 5724
0.884375 0.7625 5724
0.884375 0.7625 5724
0.884375 0.7625 5724
0.884375 0.7625 5730
0.884375 0.7625 5732
0.884375 0.7625 5732
0.884375 0.7625 5732
0.884375 0.7625 5732
0.8875 0.76875 5762
0.8875 0.76875 5762
0.8875 0.76875 5762
0.8875 0.76875 5762
0.8875 0.76875 5762
0.8875 0.76875 5762
0.8875 0.76875 5782
0.8875 0.76875 5788
0.8875 0.76875 5788
0.8875 0.76875 5788
0.8875 0.76875 5788
0.8875 0.76875 5788
0.8875 0.76875 5788
0.8875 0.76875 5788
0.8875 0.76875 5794
0.8875 0.76875 5794
0.8875 0.76875 5794
0.8875 0.76875 5794
0.8875 0.76875 5800
0.8875 0.76875 5830
0.8875 0.76875 5830
0.8875 0.76875 5842
0.8875 0.76875 5842
0.8875 0.76875 5842
0.8875 0.76875 5854
0.8875 0.76875 5854
0.8875 0.76875 5854
0.8875 0.76875 5854
0.8875 0.76875 5854
0.8875 0.76875 5854
0.890625 0.78125 5986
0.890625 0.78125 5986
0.890625 0.78125 5986
0.890625 0.78125 5988
0.890625 0.78125 5990
0.890625 0.78125 5990
0.890625 0.78125 5990
0.890625 0.78125 6020
0.890625 0.78125 6020
0.890625 0.78125 6022
0.890625 0.78125 6022
0.890625 0.78125 6022
0.890625 0.78125 6022
0.890625 0.78125 6028
0.890625 0.78125 6028
0.890625 0.78125 6028
0.8875 0.78125 6058
0.8875 0.78125 6058
0.890625 0.78125 6060
0.890625 0.78125 6060
0.890625 0.78125 6060
0.890625 0.78125 6062
0.890625 0.78125 6062
0.890625 0.78125 6062
0.890625 0.78125 6062
0.890625 0.78125 6064
0.890625 0.78125 6064
0.890625 0.78125 6064
0.890625 0.78125 6064
0.890625 0.78125 6066
0.890625 0.78125 6086
0.890625 0.78125 6086
0.890625 0.78125 6086
0.890625 0.78125 6086
0.890625 0.78125 6086
0.890625 0.78125 6086
0.890625 0.78125 6086
0.890625 0.78125 6086
0.890625 0.78125 6088
0.890625 0.78125 6088
0.890625 0.78125 6088
0.890625 0.78125 6088
0.890625 0.78125 6088
0.890625 0.78125 6090
0.890625 0.78125 6090
0.890625 0.78125 6090
0.890625 0.78125 6090
0.890625 0.78125 6110
0.890625 0.78125 6110
0.890625 0.78125 6110
0.890625 0.78125 6110
0.890625 0.78125 6116
0.890625 0.78125 6128
0.890625 0.78125 6128
0.890625 0.78125 6128
0.890625 0.78125 6128
0.890625 0.78125 6128
0.890625 0.78125 6128
0.890625 0.78125 6128
0.890625 0.78125 6128
0.890625 0.78125 6148
0.890625 0.78125 6148
0.890625 0.78125 6148
0.890625 0.78125 6148
0.890625 0.78125 6148
0.890625 0.78125 6148
0.890625 0.78125 6148
0.890625 0.78125 6148
0.890625 0.78125 6148
0.890625 0.78125 6150
0.890625 0.78125 6150
0.890625 0.78125 6152
0.890625 0.78125 6152
0.890625 0.78125 6152
0.890625 0.78125 6152
0.890625 0.78125 6152
0.890625 0.78125 6152
0.890625 0.78125 6152
0.890625 0.78125 6152
0.890625 0.78125 6152
0.890625 0.78125 6158
0.890625 0.78125 6164
0.890625 0.78125 6164
0.890625 0.78125 6184
0.890625 0.78125 6186
0.890625 0.78125 6206
0.890625 0.78125 6206
0.890625 0.78125 6206
0.890625 0.78125 6206
0.890625 0.78125 6206
0.890625 0.78125 6212
0.890625 0.7875 6224
0.890625 0.7875 6224
0.890625 0.7875 6224
0.890625 0.7875 6226
0.890625 0.7875 6226
0.890625 0.7875 6226
0.890625 0.7875 6232
0.890625 0.7875 6234
0.890625 0.7875 6236
0.890625 0.7875 6238
0.890625 0.7875 6244
0.890625 0.7875 6244
0.890625 0.7875 6244
0.890625 0.7875 6250
0.890625 0.7875 6250
0.890625 0.7875 6250
0.890625 0.7875 6250
0.890625 0.7875 6250
0.890625 0.7875 6250
0.890625 0.7875 6262
0.890625 0.7875 6262
0.89375 0.7875 6282
0.89375 0.7875 6282
0.89375 0.7875 6282
0.89375 0.7875 6282
0.89375 0.7875 6282
0.89375 0.7875 6284
0.89375 0.7875 6284
0.89375 0.7875 6284
0.89375 0.7875 6284
0.89375 0.7875 6284
0.89375 0.7875 6284
0.89375 0.7875 6296
0.89375 0.7875 6296
0.89375 0.7875 6296
0.89375 0.7875 6296
0.89375 0.7875 6296
0.89375 0.7875 6296
0.89375 0.7875 6298
0.89375 0.7875 6298
0.89375 0.7875 6298
0.89375 0.7875 6298
0.89375 0.7875 6310
0.89375 0.7875 6310
0.89375 0.7875 6310
0.89375 0.7875 6316
0.89375 0.7875 6316
0.89375 0.7875 6316
0.89375 0.7875 6328
0.890625 0.7875 6340
0.890625 0.7875 6340
0.890625 0.7875 6340
0.890625 0.7875 6342
0.890625 0.7875 6342
0.890625 0.7875 6342
0.884375 0.7875 6452
0.884375 0.7875 6452
0.884375 0.7875 6452
0.884375 0.7875 6452
0.884375 0.7875 6454
0.884375 0.7875 6454
0.884375 0.7875 6454
0.884375 0.7875 6454
0.884375 0.7875 6454
0.884375 0.7875 6454
0.884375 0.7875 6474
0.884375 0.7875 6476
0.884375 0.7875 6476
0.884375 0.7875 6476
0.884375 0.7875 6478
0.884375 0.7875 6478
0.884375 0.7875 6478
0.884375 0.7875 6478
0.884375 0.7875 6478
0.878125 0.790625 6520
0.878125 0.790625 6520
0.878125 0.790625 6522
0.878125 0.7875 6522
0.878125 0.7875 6522
0.878125 0.78125 6522
0.878125 0.78125 6522
0.878125 0.78125 6522
0.878125 0.78125 6522
0.878125 0.78125 6522
0.878125 0.78125 6522
0.878125 0.78125 6524
0.878125 0.78125 6524
0.878125 0.78125 6524
0.878125 0.78125 6524
0.878125 0.78125 6524
0.878125 0.78125 6524
0.878125 0.7875 6530
0.878125 0.7875 6530
0.878125 0.7875 6530
0.878125 0.7875 6550
0.878125 0.7875 6550
0.878125 0.7875 6550
0.878125 0.7875 6550
0.878125 0.7875 6550
0.878125 0.7875 6550
0.878125 0.7875 6550
0.878125 0.7875 6550
0.878125 0.7875 6552
0.878125 0.7875 6552
0.878125 0.7875 6558
0.878125 0.7875 6558
0.878125 0.7875 6558
0.878125 0.7875 6564
0.878125 0.7875 6564
0.878125 0.7875 6570
0.878125 0.7875 6570
0.878125 0.7875 6570
0.878125 0.7875 6572
0.878125 0.79375 6578
0.878125 0.79375 6580
0.878125 0.79375 6580
0.878125 0.790625 6600
0.878125 0.790625 6600
0.878125 0.790625 6600
0.878125 0.7875 6600
0.878125 0.7875 6600
0.878125 0.7875 6600
0.878125 0.7875 6602
0.88125 0.7875 6604
0.88125 0.7875 6604
0.88125 0.7875 6606
0.88125 0.7875 6606
0.875 0.7875 6648
0.875 0.7875 6648
0.875 0.7875 6648
0.875 0.7875 6650
0.875 0.7875 6650
0.875 0.7875 6652
0.875 0.7875 6652
0.875 0.7875 6652
0.875 0.7875 6664
0.875 0.7875 6664
0.875 0.7875 6664
0.875 0.7875 6664
0.875 0.7875 6664
0.875 0.7875 6664
0.875 0.7875 6664
0.875 0.7875 6676
0.875 0.7875 6678
0.875 0.7875 6678
0.875 0.7875 6680
0.875 0.7875 6680
0.86875 0.790625 6710
0.86875 0.790625 6710
0.86875 0.790625 6710
0.86875 0.790625 6710
0.86875 0.790625 6710
0.86875 0.7875 6710
0.86875 0.7875 6712
0.86875 0.7875 6712
0.86875 0.7875 6712
0.86875 0.79375 6802
0.86875 0.79375 6802
0.86875 0.79375 6802
0.86875 0.79375 6808
0.86875 0.79375 6820
0.86875 0.79375 6822
0.86875 0.79375 6824
0.86875 0.79375 6824
0.86875 0.79375 6830
0.86875 0.79375 6836
0.86875 0.79375 6836
0.86875 0.79375 6836
0.86875 0.79375 6836
0.86875 0.79375 6836
0.86875 0.79375 6836
0.875 0.7875 6968
0.875 0.7875 6968
0.875 0.7875 6968
0.875 0.7875 6968
0.875 0.7875 6968
0.878125 0.7875 6988
0.878125 0.7875 6988
0.878125 0.7875 6994
0.878125 0.7875 7000
0.878125 0.7875 7000
0.878125 0.7875 7002
0.878125 0.7875 7002
0.878125 0.7875 7002
0.878125 0.7875 7002
0.878125 0.7875 7002
0.878125 0.7875 7002
0.878125 0.7875 7002
0.878125 0.7875 7008
0.878125 0.7875 7020
0.878125 0.7875 7022
0.878125 0.7875 7024
0.878125 0.7875 7026
0.878125 0.7875 7026
0.878125 0.7875 7038
0.878125 0.7875 7044
0.878125 0.7875 7046
0.878125 0.7875 7046
0.878125 0.7875 7046
0.878125 0.7875 7046
0.875 0.7875 7058
0.875 0.7875 7060
0.878125 0.7875 7080
0.878125 0.7875 7080
0.878125 0.7875 7080
0.878125 0.7875 7080
0.878125 0.7875 7080
0.878125 0.7875 7080
0.878125 0.7875 7080
0.878125 0.7875 7092
0.878125 0.7875 7092
0.878125 0.7875 7092
0.878125 0.7875 7092
0.878125 0.7875 7092
0.878125 0.7875 7092
0.878125 0.7875 7092
0.878125 0.7875 7092
0.878125 0.7875 7112
0.878125 0.7875 7112
0.878125 0.7875 7112
0.878125 0.7875 7112
0.878125 0.7875 7112
0.878125 0.7875 7112
0.878125 0.7875 7118
0.878125 0.7875 7118
0.878125 0.7875 7118
0.878125 0.7875 7118
0.878125 0.7875 7118
0.878125 0.7875 7118
0.878125 0.7875 7118
0.878125 0.7875 7118
0.878125 0.7875 7118
0.878125 0.7875 7120
0.878125 0.7875 7120
0.878125 0.7875 7132
0.878125 0.7875 7132
0.878125 0.7875 7132
0.878125 0.7875 7144
0.878125 0.7875 7146
0.878125 0.7875 7146
0.878125 0.7875 7146
0.878125 0.7875 7146
0.878125 0.7875 7148
0.878125 0.7875 7148
0.878125 0.7875 7148
0.878125 0.7875 7150
0.878125 0.7875 7150
0.878125 0.7875 7150
0.875 0.7875 7170
0.875 0.7875 7170
0.875 0.7875 7170
0.875 0.7875 7170
0.875 0.7875 7170
0.875 0.7875 7170
0.875 0.7875 7170
0.875 0.7875 7170
0.875 0.7875 7172
0.875 0.7875 7178
0.875 0.7875 7178
0.875 0.7875 7178
0.875 0.7875 7178
0.875 0.7875 7178
0.875 0.7875 7178
0.875 0.7875 7178
0.86875 0.7875 7208
0.86875 0.7875 7208
0.86875 0.7875 7210
0.86875 0.7875 7212
0.86875 0.7875 7212
0.86875 0.7875 7212
0.86875 0.7875 7212
0.86875 0.7875 7214
0.86875 0.7875 7216
0.86875 0.7875 7218
0.86875 0.7875 7218
0.86875 0.7875 7218
0.86875 0.7875 7218
0.86875 0.7875 7230
0.86875 0.7875 7230
0.86875 0.7875 7230
0.86875 0.7875 7236
0.86875 0.7875 7238
0.86875 0.7875 7250
0.86875 0.7875 7250
0.86875 0.7875 7250
0.86875 0.7875 7250
0.86875 0.7875 7280
0.878125 0.7875 7286
0.878125 0.7875 7298
0.878125 0.7875 7300
0.878125 0.7875 7300
0.878125 0.7875 7300
0.878125 0.7875 7300
0.878125 0.7875 7302
0.878125 0.7875 7302
0.878125 0.7875 7302
0.878125 0.7875 7304
0.878125 0.7875 7304
0.878125 0.7875 7304
0.878125 0.7875 7306
0.878125 0.7875 7306
0.878125 0.7875 7306
0.878125 0.7875 7306
0.878125 0.7875 7306
0.878125 0.7875 7306
0.878125 0.7875 7306
0.878125 0.7875 7306
0.878125 0.7875 7306
0.878125 0.7875 7306
0.878125 0.7875 7306
0.878125 0.7875 7306
0.878125 0.7875 7306
0.878125 0.7875 7306
0.878125 0.7875 7308
0.878125 0.7875 7308
0.878125 0.7875 7308
0.878125 0.7875 7308
0.878125 0.7875 7308
0.878125 0.7875 7308
0.878125 0.7875 7308
0.878125 0.7875 7308
0.878125 0.7875 7308
0.878125 0.7875 7308
0.878125 0.7875 7308
0.878125 0.7875 7308
0.878125 0.7875 7308
0.878125 0.7875 7308
0.878125 0.7875 7308
0.878125 0.7875 7308
0.878125 0.7875 7310
0.878125 0.7875 7310
0.878125 0.7875 7310
0.878125 0.7875 7310
0.878125 0.7875 7312
0.878125 0.7875 7312
0.878125 0.7875 7312
0.878125 0.7875 7312
0.878125 0.7875 7312
0.878125 0.7875 7314
0.878125 0.7875 7314
0.878125 0.7875 7320
0.878125 0.7875 7320
0.878125 0.7875 7320
0.878125 0.7875 7320
0.878125 0.7875 7320
0.878125 0.7875 7320
0.878125 0.7875 7322
0.878125 0.7875 7322
0.878125 0.7875 7322
0.878125 0.7875 7322
0.878125 0.7875 7334
0.878125 0.7875 7346
0.878125 0.7875 7346
0.878125 0.7875 7346
0.878125 0.7875 7346
0.88125 0.7875 7358
0.88125 0.7875 7360
0.88125 0.7875 7360
0.884375 0.7875 7390
0.884375 0.7875 7390
0.884375 0.7875 7390
0.884375 0.7875 7390
0.884375 0.7875 7390
0.884375 0.7875 7390
0.884375 0.7875 7390
0.884375 0.7875 7390
0.884375 0.7875 7390
0.884375 0.7875 7390
0.884375 0.7875 7390
0.884375 0.7875 7390
0.884375 0.7875 7396
0.884375 0.7875 7396
0.884375 0.7875 7396
0.884375 0.7875 7396
0.884375 0.7875 7408
0.884375 0.7875 7408
0.884375 0.7875 7408
0.884375 0.7875 7408
0.884375 0.7875 7414
0.884375 0.7875 7414
0.884375 0.7875 7414
0.884375 0.7875 7416
0.884375 0.7875 7416
0.884375 0.7875 7416
0.884375 0.7875 7416
0.884375 0.7875 7416
0.884375 0.7875 7416
0.884375 0.7875 7418
0.884375 0.7875 7418
0.884375 0.7875 7420
0.884375 0.7875 7422
0.884375 0.7875 7434
0.884375 0.7875 7434
0.884375 0.7875 7434
0.884375 0.7875 7434
0.884375 0.7875 7434
0.884375 0.7875 7434
0.884375 0.7875 7436
0.884375 0.7875 7438
0.884375 0.7875 7438
0.884375 0.7875 7438
0.884375 0.7875 7438
0.884375 0.7875 7440
0.884375 0.7875 7440
0.884375 0.7875 7440
0.884375 0.7875 7440
0.884375 0.7875 7440
0.884375 0.7875 7440
0.884375 0.7875 7440
0.88125 0.7875 7460
0.884375 0.7875 7490
0.884375 0.7875 7492
0.884375 0.7875 7494
0.884375 0.7875 7494
0.884375 0.7875 7494
0.884375 0.7875 7494
0.884375 0.7875 7494
0.884375 0.7875 7494
0.884375 0.7875 7494
0.884375 0.7875 7494
0.88125 0.7875 7506
0.88125 0.7875 7506
0.88125 0.7875 7506
0.88125 0.7875 7506
0.88125 0.7875 7506
0.88125 0.7875 7508
0.88125 0.7875 7508
0.88125 0.7875 7510
0.88125 0.7875 7510
0.88125 0.7875 7510
0.88125 0.7875 7510
0.88125 0.7875 7552
0.88125 0.7875 7552
0.88125 0.7875 7554
0.88125 0.7875 7560
0.88125 0.7875 7560
0.88125 0.7875 7560
0.88125 0.7875 7560
0.88125 0.7875 7560
0.88125 0.7875 7560
0.88125 0.7875 7560
0.88125 0.7875 7572
0.88125 0.7875 7578
0.88125 0.7875 7608
0.88125 0.7875 7608
0.88125 0.7875 7608
0.88125 0.7875 7608
0.88125 0.7875 7608
0.88125 0.7875 7608
0.88125 0.7875 7610
0.88125 0.7875 7610
0.88125 0.7875 7610
0.88125 0.7875 7610
0.88125 0.7875 7610
0.88125 0.7875 7610
0.88125 0.7875 7616
0.88125 0.7875 7616
0.88125 0.7875 7616
0.88125 0.7875 7618
0.88125 0.7875 7618
0.88125 0.7875 7620
0.88125 0.7875 7620
0.88125 0.7875 7620
0.88125 0.7875 7620
0.878125 0.78125 7676
0.878125 0.78125 7676
0.878125 0.78125 7676
0.878125 0.78125 7676
0.878125 0.78125 7682
0.878125 0.78125 7682
0.878125 0.78125 7682
0.878125 0.78125 7682
0.878125 0.78125 7682
0.878125 0.78125 7682
0.878125 0.78125 7682
0.878125 0.78125 7684
0.878125 0.78125 7684
0.878125 0.78125 7696
0.878125 0.78125 7696
0.878125 0.78125 7696
0.878125 0.78125 7696
0.878125 0.78125 7698
0.878125 0.78125 7698
0.878125 0.78125 7698
0.878125 0.78125 7698
0.875 0.78125 7808
0.875 0.78125 7808
0.875 0.78125 7814
0.875 0.78125 7814
0.875 0.78125 7814
0.875 0.78125 7814
0.875 0.78125 7814
0.875 0.78125 7816
0.875 0.78125 7822
0.875 0.78125 7822
0.875 0.78125 7822
0.875 0.78125 7822
0.875 0.78125 7822
0.875 0.78125 7834
0.875 0.78125 7840
0.875 0.78125 7842
0.875 0.78125 7842
0.875 0.78125 7842
0.875 0.78125 7842
0.875 0.78125 7844
0.875 0.78125 7844
0.875 0.78125 7844
0.875 0.78125 7844
0.875 0.78125 7846
0.875 0.78125 7852
0.875 0.78125 7852
0.875 0.78125 7854
0.875 0.78125 7854
0.875 0.78125 7854
0.871875 0.76875 7986
0.871875 0.76875 7986
0.871875 0.76875 7986
0.871875 0.76875 7986
0.871875 0.76875 7986
0.871875 0.76875 7986
0.871875 0.76875 7986
0.871875 0.76875 7986
0.871875 0.76875 7992
0.871875 0.76875 7992
0.871875 0.76875 7992
0.871875 0.76875 7992
0.871875 0.76875 7994
0.871875 0.76875 8000
0.871875 0.76875 8000
0.871875 0.76875 8000
0.871875 0.76875 8002
0.86875 0.76875 8014
0.86875 0.76875 8014
0.871875 0.76875 8056
0.871875 0.76875 8058
0.871875 0.76875 8058
0.871875 0.76875 8060
0.871875 0.76875 8060
0.871875 0.76875 8060
0.871875 0.76875 8060
0.871875 0.76875 8060
0.871875 0.775 8062
0.871875 0.775 8062
0.871875 0.775 8062
0.871875 0.775 8062
0.871875 0.775 8062
0.871875 0.775 8064
0.871875 0.775 8064
0.871875 0.775 8064
0.871875 0.775 8064
0.871875 0.775 8064
0.871875 0.775 8064
0.871875 0.775 8064
0.871875 0.775 8066
0.871875 0.775 8066
0.871875 0.775 8066
0.871875 0.775 8066
0.871875 0.775 8066
0.871875 0.775 8066
0.871875 0.775 8066
0.871875 0.775 8066
0.871875 0.775 8066
0.871875 0.775 8066
0.86875 0.775 8078
0.86875 0.775 8078
0.86875 0.775 8078
0.86875 0.775 8078
0.86875 0.775 8084
0.86875 0.775 8090
0.86875 0.775 8090
0.86875 0.775 8090
0.86875 0.775 8090
0.86875 0.775 8090
0.86875 0.775 8090
0.86875 0.775 8090
0.86875 0.775 8090
0.86875 0.775 8110
0.86875 0.775 8110
0.86875 0.775 8110
0.86875 0.775 8122
0.86875 0.775 8122
0.86875 0.775 8122
0.86875 0.775 8124
0.86875 0.775 8126
0.86875 0.775 8126
0.86875 0.775 8126
0.86875 0.775 8126
0.86875 0.775 8126
0.86875 0.775 8126
0.86875 0.775 8126
0.86875 0.775 8126
0.86875 0.775 8126
0.86875 0.775 8126
0.86875 0.775 8126
0.86875 0.775 8132
0.86875 0.775 8132
0.86875 0.775 8132
0.86875 0.775 8132
0.86875 0.775 8132
0.86875 0.775 8134
0.86875 0.775 8134
0.86875 0.775 8136
0.86875 0.775 8136
0.86875 0.775 8138
0.86875 0.775 8138
0.86875 0.775 8140
0.86875 0.775 8142
0.86875 0.775 8144
0.86875 0.775 8144
0.86875 0.775 8144
0.86875 0.775 8144
0.86875 0.775 8144
0.86875 0.775 8144
0.86875 0.775 8146
0.86875 0.775 8146
0.86875 0.775 8146
0.86875 0.775 8146
0.86875 0.775 8146
0.86875 0.775 8146
0.86875 0.775 8146
0.86875 0.775 8166
0.86875 0.775 8166
0.86875 0.775 8166
0.86875 0.775 8166
0.86875 0.775 8166
0.86875 0.775 8166
0.86875 0.775 8168
0.86875 0.775 8168
0.86875 0.775 8168
0.86875 0.775 8168
0.86875 0.775 8168
0.86875 0.775 8174
0.86875 0.775 8174
0.86875 0.775 8174
0.86875 0.775 8176
0.86875 0.775 8176
0.86875 0.775 8176
0.86875 0.775 8176
0.86875 0.775 8176
0.871875 0.775 8206
0.871875 0.775 8206
0.871875 0.775 8206
0.871875 0.775 8206
0.871875 0.775 8206
0.871875 0.775 8208
0.871875 0.775 8208
0.871875 0.775 8208
0.871875 0.775 8220
0.871875 0.775 8220
0.871875 0.775 8220
0.871875 0.775 8220
0.871875 0.775 8222
0.871875 0.775 8222
0.871875 0.775 8222
0.871875 0.775 8222
0.871875 0.775 8222
0.871875 0.775 8222
0.871875 0.775 8222
0.871875 0.775 8222
0.871875 0.78125 8252
0.871875 0.78125 8252
0.871875 0.78125 8252
0.871875 0.78125 8252
0.871875 0.7875 8254
0.871875 0.7875 8254
0.871875 0.7875 8254
0.871875 0.7875 8274
0.871875 0.7875 8274
0.871875 0.7875 8274
0.871875 0.7875 8274
0.871875 0.7875 8274
0.871875 0.7875 8274
0.871875 0.7875 8274
0.871875 0.7875 8276
0.871875 0.7875 8282
0.871875 0.7875 8282
0.871875 0.7875 8294
0.871875 0.7875 8294
0.871875 0.7875 8294
0.871875 0.7875 8294
0.871875 0.7875 8294
0.871875 0.7875 8294
0.871875 0.7875 8294
0.871875 0.7875 8296
0.871875 0.79375 8386
0.871875 0.79375 8386
0.871875 0.79375 8386
0.871875 0.79375 8398
0.871875 0.79375 8398
0.871875 0.79375 8398
0.878125 0.8 8410
0.878125 0.8 8410
0.878125 0.8 8410
0.878125 0.8 8422
0.878125 0.80625 8452
0.878125 0.80625 8452
0.878125 0.80625 8454
0.878125 0.80625 8454
0.878125 0.80625 8454
0.878125 0.80625 8454
0.878125 0.80625 8454
0.878125 0.80625 8454
0.878125 0.80625 8454
0.878125 0.80625 8456
0.878125 0.80625 8456
0.878125 0.80625 8456
0.878125 0.80625 8456
0.878125 0.80625 8456
0.878125 0.80625 8456
0.878125 0.80625 8456
0.875 0.80625 8486
0.875 0.80625 8486
0.875 0.80625 8486
0.875 0.80625 8486
0.875 0.80625 8506
0.875 0.80625 8506
0.875 0.80625 8506
0.875 0.80625 8508
0.875 0.8 8508
0.875 0.8 8508
0.875 0.8 8508
0.875 0.8 8508
0.875 0.8 8508
0.875 0.8 8508
0.875 0.8 8508
0.875 0.8 8508
0.875 0.8 8508
0.875 0.80625 8510
0.875 0.80625 8512
0.875 0.80625 8514
0.875 0.80625 8514
0.875 0.803125 8514
0.875 0.803125 8514
0.875 0.8 8514
0.875 0.8 8514
0.875 0.8 8514
0.875 0.8 8514
0.875 0.8 8514
0.875 0.8 8514
0.875 0.8 8514
0.875 0.8 8514
0.875 0.8 8514
0.875 0.8 8514
0.875 0.8 8514
0.875 0.8 8514
0.875 0.8 8516
0.875 0.8 8516
0.875 0.8 8516
0.875 0.8 8516
0.875 0.8 8516
0.875 0.8 8528
0.875 0.8 8528
0.875 0.8 8528
0.875 0.8 8528
0.875 0.8 8530
0.875 0.8 8530
0.875 0.8 8550
0.875 0.8 8550
0.875 0.8 8550
0.875 0.8 8550
0.875 0.8 8550
0.875 0.8 8550
0.875 0.8 8550
0.875 0.8 8550
0.875 0.8 8552
0.875 0.8 8552
0.875 0.8 8552
0.875 0.8 8552
0.875 0.8 8552
0.875 0.8 8552
0.875 0.8 8552
0.875 0.8 8552
0.875 0.8 8552
0.875 0.8 8552
0.875 0.8 8552
0.875 0.8 8552
0.875 0.8 8552
0.875 0.8 8552
0.875 0.8 8552
0.875 0.8 8554
0.875 0.8 8554
0.875 0.8 8556
0.875 0.8 8558
0.875 0.8 8558
0.875 0.8 8558
0.871875 0.8 8560
0.871875 0.8 8562
0.871875 0.8 8562
0.871875 0.8 8574
0.871875 0.8 8576
0.871875 0.8 8576
0.871875 0.8 8582
0.871875 0.8 8582
0.871875 0.8 8582
0.871875 0.8 8582
0.871875 0.8 8588
0.871875 0.8 8588
0.871875 0.8 8588
0.871875 0.8 8588
0.871875 0.8 8588
0.871875 0.8 8588
0.871875 0.8 8588
0.871875 0.8 8588
0.871875 0.8 8588
0.871875 0.796875 8588
0.871875 0.796875 8588
0.871875 0.79375 8588
0.871875 0.79375 8588
0.871875 0.79375 8588
0.871875 0.79375 8594
0.871875 0.79375 8600
0.871875 0.79375 8600
0.871875 0.79375 8600
0.871875 0.79375 8600
0.871875 0.79375 8600
0.871875 0.79375 8606
0.871875 0.79375 8606
0.871875 0.79375 8606
0.871875 0.79375 8606
0.871875 0.79375 8606
0.871875 0.79375 8606
0.871875 0.79375 8606
0.871875 0.79375 8606
0.871875 0.79375 8606
0.871875 0.7875 8626
0.871875 0.7875 8632
0.871875 0.7875 8634
0.871875 0.7875 8634
0.871875 0.7875 8634
0.871875 0.7875 8634
0.871875 0.7875 8634
0.871875 0.7875 8634
0.871875 0.7875 8636
0.871875 0.7875 8638
0.871875 0.7875 8638
0.871875 0.7875 8668
0.871875 0.7875 8668
0.871875 0.7875 8668
0.871875 0.7875 8668
0.871875 0.7875 8668
0.871875 0.7875 8668
0.871875 0.790625 8724
0.871875 0.790625 8724
0.871875 0.790625 8724
0.875 0.8 8744
0.875 0.8 8744
0.875 0.8 8744
0.875 0.8 8744
0.875 0.8 8744
0.875 0.8 8744
0.875 0.8 8744
0.875 0.8 8746
0.875 0.8 8748
0.875 0.8 8748
0.875 0.8 8748
0.875 0.8 8754
0.875 0.8 8760
0.875 0.8 8760
0.875 0.8 8772
0.875 0.8 8772
0.875 0.8 8772
0.875 0.8 8772
0.875 0.8 8778
0.875 0.8 8784
0.875 0.8 8784
0.875 0.8 8784
0.875 0.8 8784
0.875 0.8 8786
0.875 0.8 8786
0.875 0.8 8788
0.875 0.8 8788
0.875 0.8 8790
0.875 0.8 8790
0.875 0.8 8792
0.875 0.8 8792
0.875 0.8 8792
0.875 0.8 8792
0.875 0.8 8792
0.875 0.8 8792
0.875 0.8 8792
0.875 0.8 8792
0.875 0.8 8792
0.875 0.8 8792
0.875 0.8 8792
0.875 0.8 8794
0.875 0.8 8794
0.875 0.8 8806
0.875 0.8 8806
0.875 0.8 8808
0.875 0.8 8808
0.875 0.8 8808
0.875 0.8 8808
0.875 0.8 8808
0.875 0.8 8808
0.875 0.8 8808
0.871875 0.8 8880
0.871875 0.8 8882
0.871875 0.8 8882
0.871875 0.8 8884
0.871875 0.8 8886
0.871875 0.8 8886
0.871875 0.8 8886
0.871875 0.8 8886
0.871875 0.8 8892
0.871875 0.8 8892
0.871875 0.8 8894
0.871875 0.8 8894
0.871875 0.8 8894
0.871875 0.8 8894
0.871875 0.8 8894
0.871875 0.8 8900
0.871875 0.8 8900
0.871875 0.8 8900
0.871875 0.8 8900
0.871875 0.8 8900
0.871875 0.8 8900
0.871875 0.8 8900
0.871875 0.8 8906
0.871875 0.8 8912
0.871875 0.80625 8912
0.871875 0.80625 8912
0.871875 0.80625 8914
0.871875 0.80625 8914
0.871875 0.80625 8914
0.871875 0.80625 8914
0.871875 0.80625 8914
0.871875 0.80625 8914
0.871875 0.80625 8914
0.871875 0.8 8914
0.871875 0.8 8914
0.871875 0.8 8914
0.871875 0.8 8926
0.871875 0.8 8926
0.871875 0.8 8926
0.871875 0.8 8926
0.871875 0.8 8926
0.871875 0.8 8926
0.871875 0.8 8926
0.871875 0.8 8928
0.871875 0.8 8930
0.871875 0.8 8930
0.871875 0.8 8930
0.871875 0.8 8930
0.871875 0.8 8932
0.871875 0.8 8934
0.871875 0.8 8934
0.871875 0.8 8934
0.871875 0.8 8934
0.871875 0.8 8940
0.871875 0.8 8942
0.871875 0.8 8942
0.871875 0.8 8942
0.871875 0.8 8942
0.871875 0.8 8942
0.871875 0.8 8942
0.871875 0.8 8942
0.871875 0.8 8948
0.871875 0.8 8950
0.871875 0.8 8970
0.871875 0.8 8970
0.871875 0.8 8970
0.871875 0.8 8970
0.871875 0.80625 8972
0.871875 0.80625 8972
0.871875 0.80625 8972
0.871875 0.80625 8972
0.871875 0.80625 8978
0.871875 0.80625 8978
0.871875 0.80625 8980
0.871875 0.8125 9000
0.871875 0.8125 9000
0.871875 0.8125 9002
0.871875 0.8125 9014
0.871875 0.8125 9016
0.875 0.8125 9072
0.875 0.8125 9078
0.875 0.8125 9080
0.875 0.8125 9080
0.875 0.8125 9080
0.875 0.8125 9080
0.875 0.8125 9080
0.875 0.8125 9092
0.875 0.8125 9098
0.875 0.8125 9098
0.875 0.8125 9098
0.875 0.8125 9098
0.875 0.80625 9110
0.875 0.80625 9116
0.875 0.80625 9116
0.875 0.80625 9116
0.875 0.80625 9118
0.875 0.80625 9118
0.875 0.80625 9118
0.875 0.80625 9120
0.875 0.80625 9120
0.875 0.80625 9120
0.875 0.80625 9120
0.875 0.8125 9126
0.875 0.8125 9126
0.875 0.8125 9126
0.875 0.8125 9126
0.875 0.8125 9126
0.875 0.8125 9126
0.875 0.8125 9128
0.875 0.8125 9128
0.875 0.8125 9134
0.875 0.8125 9134
0.875 0.8125 9134
0.875 0.8125 9134
0.875 0.8125 9134
0.875 0.8125 9134
0.875 0.8125 9136
0.875 0.8125 9138
0.875 0.8125 9138
0.875 0.8125 9138
0.875 0.8125 9140
0.875 0.8125 9140
0.875 0.8125 9140
0.875 0.8125 9160
0.875 0.8125 9160
0.875 0.8125 9160
0.875 0.8125 9160
0.875 0.8125 9160
0.875 0.8125 9160
0.875 0.8125 9162
0.875 0.8125 9162
0.875 0.8125 9162
0.875 0.8125 9162
0.875 0.8125 9162
0.875 0.8125 9162
0.875 0.8125 9164
0.875 0.8125 9176
0.875 0.8125 9176
0.875 0.8125 9178
0.875 0.8125 9178
0.875 0.8125 9178
0.875 0.8125 9178
0.875 0.8125 9178
0.875 0.8125 9178
0.875 0.8125 9190
0.875 0.8125 9192
0.875 0.8125 9194
0.875 0.8125 9194
0.875 0.8125 9200
0.875 0.8125 9200
0.875 0.8125 9200
0.875 0.8125 9200
0.875 0.8125 9200
0.875 0.8125 9200
0.875 0.8125 9200
0.875 0.8125 9200
0.875 0.8125 9200
0.875 0.8125 9200
0.875 0.8125 9200
0.875 0.8125 9202
0.875 0.8125 9202
0.875 0.8125 9202
0.875 0.8125 9202
0.875 0.80625 9202
0.875 0.80625 9204
0.875 0.80625 9204
0.875 0.80625 9204
0.875 0.80625 9206
0.875 0.80625 9206
0.875 0.80625 9206
0.875 0.80625 9206
0.875 0.80625 9206
0.875 0.80625 9206
0.875 0.80625 9206
0.875 0.8125 9206
0.875 0.8125 9206
0.875 0.8125 9206
0.875 0.8125 9206
0.875 0.8125 9206
0.875 0.8125 9208
0.875 0.8125 9208
0.875 0.8125 9208
0.875 0.8125 9210
0.875 0.8125 9212
0.875 0.8125 9212
0.875 0.8125 9212
0.875 0.8125 9214
0.875 0.8125 9214
0.875 0.8125 9214
0.875 0.8125 9216
0.875 0.8125 9216
0.875 0.8125 9216
0.875 0.8125 9216
0.875 0.8125 9222
0.875 0.8125 9222
0.875 0.8125 9222
0.875 0.8125 9222
0.875 0.8125 9222
0.875 0.8125 9222
0.875 0.8125 9222
0.875 0.8125 9228
0.875 0.8125 9270
0.875 0.8125 9270
0.875 0.8125 9270
0.875 0.8125 9270
0.875 0.8125 9270
0.875 0.8125 9276
0.878125 0.809375 9348
0.878125 0.809375 9350
0.878125 0.809375 9350
0.878125 0.8125 9350
0.878125 0.8125 9352
0.878125 0.8125 9354
0.878125 0.8125 9354
0.878125 0.8125 9354
0.878125 0.8125 9354
0.878125 0.8125 9354
0.878125 0.8125 9354
0.878125 0.8125 9354
0.878125 0.8125 9360
0.878125 0.8125 9360
0.878125 0.8125 9390
0.878125 0.8125 9390
0.878125 0.8125 9402
0.878125 0.8125 9402
0.878125 0.8125 9402
0.878125 0.8125 9402
0.878125 0.8125 9402
0.878125 0.8125 9402
0.878125 0.8125 9402
0.878125 0.8125 9402
0.878125 0.8125 9402
0.878125 0.8125 9402
0.878125 0.8125 9404
0.878125 0.8125 9404
0.878125 0.8125 9404
0.878125 0.8125 9404
0.878125 0.8125 9406
0.878125 0.8125 9412
0.878125 0.8125 9412
0.878125 0.8125 9412
0.878125 0.8125 9412
0.878125 0.8125 9414
0.878125 0.8125 9414
0.878125 0.8125 9414
0.878125 0.8125 9414
0.878125 0.8125 9414
0.878125 0.8125 9414
0.878125 0.8125 9414
0.878125 0.8125 9414
0.878125 0.8125 9414
0.878125 0.8125 9416
0.878125 0.8125 9416
0.878125 0.8125 9416
0.878125 0.8125 9416
0.878125 0.8125 9416
0.878125 0.8125 9416
0.878125 0.8125 9416
0.878125 0.8125 9422
0.878125 0.8125 9422
0.878125 0.8125 9422
0.878125 0.809375 9422
0.878125 0.809375 9422
0.878125 0.8125 9442
0.878125 0.8125 9442
0.878125 0.8125 9444
0.878125 0.8125 9450
0.878125 0.8125 9450
0.878125 0.8125 9450
0.878125 0.8125 9450
0.878125 0.8125 9450
0.878125 0.8125 9450
0.878125 0.8125 9450
0.878125 0.8125 9450
0.878125 0.8125 9450
0.878125 0.8125 9450
0.878125 0.8125 9456
0.878125 0.8125 9476
0.878125 0.8125 9476
0.878125 0.8125 9518
0.878125 0.8125 9518
0.878125 0.8125 9518
0.878125 0.8125 9518
0.878125 0.8125 9518
0.878125 0.8125 9518
0.878125 0.8125 9518
0.878125 0.8125 9520
0.878125 0.8125 9520
0.878125 0.8125 9520
0.878125 0.8125 9520
0.878125 0.8125 9522
0.878125 0.8125 9522
0.878125 0.8125 9522
0.878125 0.8125 9522
0.878125 0.8125 9522
0.878125 0.8125 9522
0.878125 0.8125 9522
0.878125 0.8125 9522
0.878125 0.81875 9524
0.878125 0.81875 9524
0.878125 0.81875 9524
0.878125 0.81875 9524
0.878125 0.80625 9536
0.878125 0.80625 9536
0.878125 0.80625 9536
0.878125 0.80625 9542
0.878125 0.80625 9542
0.878125 0.80625 9542
0.878125 0.80625 9542
0.878125 0.80625 9542
0.878125 0.80625 9544
0.878125 0.80625 9544
0.878125 0.80625 9544
0.88125 0.80625 9556
0.88125 0.80625 9556
0.88125 0.80625 9556
0.88125 0.80625 9556
0.88125 0.80625 9556
0.88125 0.80625 9558
0.88125 0.80625 9558
0.88125 0.80625 9558
0.88125 0.80625 9558
0.88125 0.80625 9558
0.88125 0.80625 9558
0.88125 0.80625 9558
0.88125 0.80625 9558
0.88125 0.80625 9558
0.88125 0.80625 9558
0.88125 0.80625 9558
0.88125 0.80625 9558
0.88125 0.80625 9558
0.88125 0.80625 9558
0.88125 0.80625 9558
0.88125 0.80625 9558
0.88125 0.80625 9558
0.88125 0.80625 9560
0.88125 0.80625 9560
0.88125 0.80625 9562
0.88125 0.80625 9562
0.88125 0.80625 9564
0.88125 0.80625 9566
0.88125 0.80625 9566
0.88125 0.80625 9566
0.88125 0.80625 9566
0.88125 0.80625 9566
0.88125 0.80625 9566
0.88125 0.80625 9566
0.88125 0.80625 9566
0.88125 0.80625 9568
0.88125 0.80625 9568
0.88125 0.80625 9568
0.88125 0.80625 9568
0.88125 0.80625 9568
0.88125 0.80625 9568
0.88125 0.80625 9568
0.88125 0.80625 9580
0.88125 0.80625 9582
0.88125 0.80625 9582
0.88125 0.80625 9584
0.88125 0.80625 9584
0.88125 0.80625 9584
0.88125 0.80625 9584
0.88125 0.80625 9584
0.88125 0.80625 9584
0.88125 0.80625 9596
0.88125 0.80625 9596
0.88125 0.80625 9602
0.88125 0.80625 9604
0.88125 0.80625 9604
0.88125 0.8125 9604
0.88125 0.8125 9604
0.88125 0.8125 9624
0.88125 0.8125 9624
0.88125 0.8125 9624
0.88125 0.8125 9624
0.88125 0.8125 9624
0.88125 0.8125 9624
0.88125 0.8125 9624
0.88125 0.8125 9624
0.88125 0.8125 9624
0.88125 0.8125 9624
0.871875 0.8 9756
0.871875 0.8 9756
0.871875 0.8 9762
0.871875 0.8 9762
0.871875 0.8 9762
0.871875 0.8 9764
0.871875 0.8 9764
0.871875 0.8 9764
0.871875 0.8 9764
0.871875 0.8 9766
0.871875 0.8 9766
0.871875 0.8 9778
0.871875 0.8 9778
0.871875 0.8 9778
0.871875 0.8 9778
0.871875 0.8 9778
0.871875 0.8 9778
0.871875 0.8 9778
0.871875 0.8 9784
0.871875 0.8 9786
0.871875 0.8 9786
0.871875 0.8 9786
0.884375 0.8 9816
0.884375 0.8 9822
0.884375 0.8 9822
0.884375 0.8 9822
0.884375 0.8 9824
0.884375 0.8 9824
0.884375 0.8 9824
0.884375 0.8 9824
0.884375 0.8 9844
0.884375 0.79375 9886
0.884375 0.79375 9886
0.884375 0.79375 9886
0.884375 0.79375 9886
0.884375 0.79375 9886
0.884375 0.79375 9886
0.884375 0.79375 9886
0.884375 0.79375 9886
0.884375 0.79375 9892
0.884375 0.79375 9892
0.884375 0.79375 9892
0.884375 0.79375 9892
0.884375 0.79375 9892
0.884375 0.79375 9892
0.884375 0.79375 9892
0.884375 0.79375 9892
0.884375 0.79375 9892
0.884375 0.79375 9892
0.884375 0.79375 9892
0.884375 0.79375 9892
0.884375 0.79375 9892
0.884375 0.79375 9894
0.884375 0.79375 9894
0.884375 0.79375 9894
0.884375 0.79375 9896
0.884375 0.79375 9896
0.884375 0.79375 9896
0.884375 0.79375 9896
0.884375 0.79375 9908
0.884375 0.79375 9908
0.884375 0.79375 9910
0.884375 0.79375 9910
0.8875 0.79375 9922
0.8875 0.79375 9924
0.8875 0.79375 9924
0.8875 0.79375 9924
0.8875 0.79375 9924
0.8875 0.79375 9924
0.8875 0.79375 9924
0.8875 0.79375 9924
0.8875 0.79375 9924
0.8875 0.79375 9924
0.8875 0.79375 9924
0.8875 0.79375 9930
0.8875 0.79375 9930
0.8875 0.79375 9930
0.8875 0.79375 9930
0.8875 0.79375 9930
0.8875 0.79375 9930
0.8875 0.79375 9930
0.8875 0.79375 9936
0.8875 0.79375 9938
0.8875 0.79375 9938
0.8875 0.8 9958
0.8875 0.8 9958
0.8875 0.8 9964
0.8875 0.8 9964
0.8875 0.8 9964
0.8875 0.8 9964
0.8875 0.8 9966
0.8875 0.8 9966
0.8875 0.8 9968
0.8875 0.8 9968
0.8875 0.8 9968
0.8875 0.8 9968
0.8875 0.8 9968
0.8875 0.8 9968
0.8875 0.8 9970
0.8875 0.8 9970
0.8875 0.8 9970
0.8875 0.8 9970
0.8875 0.8 9976
0.8875 0.8 9976
0.8875 0.8 9978
0.8875 0.8 9978
0.8875 0.8 9980
0.8875 0.8 9980
0.8875 0.8 9980
0.8875 0.8 9980
0.8875 0.8 9980
0.8875 0.8 9980
0.8875 0.8 9982
0.8875 0.8 9982
0.8875 0.8 9982
0.89375 0.79375 10012
0.89375 0.79375 10018
0.89375 0.79375 10018
0.89375 0.79375 10018
0.89375 0.79375 10018
0.89375 0.79375 10018
0.89375 0.79375 10018
0.89375 0.79375 10018
0.89375 0.79375 10018
0.89375 0.79375 10018
0.89375 0.79375 10018
0.89375 0.79375 10018
0.89375 0.79375 10018
0.89375 0.79375 10018
0.89375 0.79375 10018
0.89375 0.79375 10018
0.89375 0.79375 10018
0.89375 0.79375 10018
0.89375 0.79375 10038
0.89375 0.79375 10038
0.89375 0.79375 10038
0.89375 0.79375 10038
0.89375 0.79375 10038
0.89375 0.79375 10038
0.89375 0.79375 10038
0.89375 0.79375 10038
0.89375 0.79375 10038
0.89375 0.79375 10038
0.89375 0.79375 10040
0.89375 0.79375 10040
0.89375 0.79375 10040
0.89375 0.79375 10040
0.89375 0.79375 10040
0.89375 0.79375 10040
0.89375 0.79375 10040
0.89375 0.79375 10040
0.89375 0.79375 10040
0.89375 0.79375 10040
0.89375 0.79375 10040
0.89375 0.79375 10040
0.89375 0.79375 10040
0.89375 0.79375 10040
0.89375 0.79375 10040
0.89375 0.79375 10042
0.89375 0.79375 10044
0.89375 0.79375 10086
0.89375 0.79375 10088
0.89375 0.79375 10088
0.89375 0.79375 10090
0.89375 0.79375 10092
0.89375 0.79375 10094
0.89375 0.79375 10094
0.890625 0.79375 10100
0.890625 0.79375 10100
0.890625 0.79375 10100
0.890625 0.79375 10100
0.890625 0.79375 10102
0.890625 0.79375 10102
0.890625 0.79375 10102
0.890625 0.79375 10102
0.890625 0.79375 10102
0.890625 0.79375 10102
0.890625 0.79375 10102
0.890625 0.79375 10114
0.890625 0.79375 10114
0.890625 0.79375 10114
0.890625 0.79375 10120
0.890625 0.79375 10120
0.890625 0.79375 10120
0.890625 0.79375 10120
0.890625 0.79375 10120
0.890625 0.79375 10120
0.890625 0.79375 10120
0.890625 0.79375 10120
0.890625 0.79375 10120
0.890625 0.79375 10120
0.890625 0.79375 10120
0.890625 0.79375 10120
0.890625 0.79375 10120
0.890625 0.79375 10120
0.890625 0.79375 10120
0.890625 0.79375 10120
0.890625 0.79375 10122
0.890625 0.79375 10122
0.890625 0.79375 10124
0.890625 0.79375 10124
0.890625 0.79375 10130
0.890625 0.79375 10132
0.890625 0.79375 10138
0.890625 0.79375 10140
0.890625 0.79375 10146
0.890625 0.79375 10146
0.890625 0.79375 10146
0.890625 0.79375 10146
0.890625 0.79375 10146
0.890625 0.79375 10152
0.890625 0.79375 10154
0.890625 0.79375 10156
0.890625 0.79375 10168
0.890625 0.79375 10168
0.890625 0.79375 10168
0.890625 0.79375 10168
0.890625 0.79375 10180
0.890625 0.79375 10180
0.890625 0.79375 10180
0.890625 0.79375 10180
0.890625 0.79375 10180
0.890625 0.79375 10180
0.890625 0.79375 10180
0.890625 0.79375 10180
0.890625 0.79375 10182
0.890625 0.79375 10182
0.890625 0.79375 10182
0.890625 0.79375 10184
0.890625 0.79375 10184
0.890625 0.79375 10184
0.890625 0.79375 10184
0.890625 0.79375 10184
0.890625 0.79375 10226
0.890625 0.79375 10226
0.890625 0.79375 10226
0.890625 0.79375 10226
0.890625 0.79375 10226
0.890625 0.79375 10226
0.890625 0.79375 10226
0.890625 0.79375 10226
0.890625 0.79375 10226
0.890625 0.79375 10226
0.890625 0.79375 10226
0.890625 0.79375 10226
0.890625 0.79375 10226
0.890625 0.79375 10226
0.890625 0.79375 10226
0.890625 0.79375 10226
0.890625 0.79375 10226
0.890625 0.79375 10232
0.890625 0.79375 10232
0.890625 0.79375 10232
0.890625 0.79375 10232
0.890625 0.79375 10232
0.890625 0.79375 10232
0.890625 0.79375 10234
0.890625 0.79375 10234
0.890625 0.79375 10234
0.890625 0.79375 10234
0.890625 0.79375 10234
0.890625 0.79375 10234
0.890625 0.79375 10234
0.890625 0.79375 10234
0.890625 0.79375 10234
0.890625 0.79375 10234
0.890625 0.79375 10234
0.890625 0.79375 10234
0.890625 0.79375 10234
0.890625 0.79375 10236
0.890625 0.79375 10238
0.890625 0.79375 10238
0.890625 0.79375 10240
0.890625 0.79375 10242
0.890625 0.79375 10242
0.890625 0.79375 10242
0.890625 0.79375 10242
0.890625 0.79375 10242
0.890625 0.79375 10244
0.890625 0.79375 10244
0.890625 0.79375 10244
0.890625 0.79375 10250
0.890625 0.79375 10252
0.890625 0.79375 10252
0.890625 0.79375 10258
0.890625 0.79375 10264
0.890625 0.79375 10264
0.890625 0.79375 10264
0.890625 0.79375 10264
0.890625 0.79375 10266
0.890625 0.79375 10266
0.890625 0.79375 10266
0.8875 0.7875 10322
0.8875 0.7875 10324
0.8875 0.7875 10336
0.8875 0.7875 10336
0.8875 0.7875 10336
0.8875 0.7875 10336
0.8875 0.7875 10336
0.8875 0.7875 10342
0.8875 0.7875 10342
0.8875 0.7875 10342
0.8875 0.7875 10342
0.8875 0.7875 10342
0.8875 0.7875 10342
0.8875 0.7875 10342
0.8875 0.7875 10342
0.8875 0.7875 10344
0.8875 0.7875 10344
0.8875 0.7875 10346
0.8875 0.7875 10346
0.884375 0.7875 10348
0.884375 0.7875 10354
0.884375 0.7875 10360
0.884375 0.7875 10360
0.884375 0.7875 10360
0.884375 0.7875 10362
0.884375 0.7875 10362
0.884375 0.7875 10364
0.884375 0.7875 10364
0.884375 0.7875 10364
0.884375 0.7875 10364
0.884375 0.7875 10364
0.884375 0.7875 10364
0.884375 0.7875 10364
0.884375 0.7875 10364
0.884375 0.7875 10384
0.884375 0.7875 10384
0.884375 0.7875 10384
0.884375 0.7875 10384
0.884375 0.7875 10384
0.884375 0.7875 10384
0.884375 0.7875 10384
0.884375 0.7875 10384
0.884375 0.7875 10384
0.884375 0.7875 10384
0.884375 0.7875 10384
0.884375 0.7875 10384
0.884375 0.7875 10384
0.884375 0.7875 10384
0.884375 0.7875 10386
0.884375 0.7875 10386
0.884375 0.7875 10386
0.884375 0.7875 10386
0.884375 0.7875 10398
0.88125 0.7875 10404
0.88125 0.7875 10406
0.878125 0.7875 10436
0.878125 0.7875 10436
0.878125 0.7875 10436
0.878125 0.7875 10448
0.878125 0.7875 10448
0.878125 0.7875 10448
0.878125 0.7875 10448
0.878125 0.7875 10448
0.878125 0.7875 10448
0.878125 0.7875 10448
0.878125 0.7875 10448
0.878125 0.7875 10448
0.878125 0.7875 10448
0.878125 0.7875 10448
0.878125 0.7875 10448
0.878125 0.7875 10448
0.878125 0.7875 10450
0.878125 0.7875 10452
0.878125 0.7875 10452
0.878125 0.7875 10452
0.878125 0.7875 10452
0.878125 0.7875 10452
0.878125 0.7875 10452
0.878125 0.7875 10452
0.878125 0.7875 10452
0.878125 0.7875 10452
0.878125 0.7875 10452
0.878125 0.7875 10452
0.878125 0.7875 10452
0.878125 0.7875 10452
0.878125 0.7875 10458
0.878125 0.7875 10460
0.878125 0.7875 10460
0.878125 0.7875 10460
0.878125 0.7875 10460
0.878125 0.7875 10460
0.878125 0.7875 10460
0.878125 0.7875 10460
0.878125 0.7875 10460
0.878125 0.7875 10462
0.878125 0.7875 10462
0.878125 0.7875 10462
0.878125 0.7875 10462
0.878125 0.7875 10468
0.878125 0.7875 10468
0.878125 0.7875 10468
0.878125 0.7875 10474
0.878125 0.7875 10474
0.878125 0.7875 10474
0.878125 0.7875 10476
0.878125 0.7875 10476
0.878125 0.7875 10476
0.878125 0.7875 10476
0.878125 0.7875 10476
0.878125 0.7875 10488
0.878125 0.7875 10500
0.878125 0.7875 10500
0.878125 0.7875 10500
0.878125 0.7875 10500
0.878125 0.7875 10500
0.878125 0.7875 10500
0.878125 0.7875 10506
0.878125 0.7875 10506
0.878125 0.7875 10506
0.878125 0.7875 10506
0.878125 0.7875 10506
0.878125 0.7875 10508
0.878125 0.7875 10508
0.878125 0.7875 10508
0.878125 0.7875 10508
0.878125 0.7875 10508
0.878125 0.7875 10508
0.878125 0.7875 10508
0.878125 0.7875 10528
0.878125 0.7875 10534
0.878125 0.7875 10534
0.878125 0.7875 10534
0.878125 0.7875 10534
0.878125 0.7875 10534
0.878125 0.7875 10536
0.878125 0.7875 10536
0.878125 0.784375 10578
0.878125 0.7875 10578
0.878125 0.7875 10578
0.878125 0.7875 10578
0.878125 0.7875 10578
0.878125 0.7875 10578
0.878125 0.7875 10578
0.878125 0.7875 10584
0.878125 0.7875 10584
0.878125 0.7875 10584
0.878125 0.78125 10590
0.878125 0.78125 10590
0.878125 0.78125 10590
0.878125 0.78125 10590
0.878125 0.78125 10590
0.878125 0.78125 10602
0.878125 0.78125 10602
0.878125 0.78125 10602
0.884375 0.7875 10622
0.884375 0.7875 10622
0.8875 0.7875 10652
0.8875 0.7875 10652
0.8875 0.7875 10652
0.8875 0.7875 10652
0.8875 0.7875 10664
0.8875 0.7875 10664
0.8875 0.7875 10664
0.8875 0.7875 10664
0.8875 0.7875 10664
0.8875 0.7875 10664
0.8875 0.7875 10664
0.8875 0.7875 10666
0.8875 0.7875 10666
0.8875 0.7875 10666
0.8875 0.7875 10668
0.8875 0.7875 10668
0.8875 0.7875 10668
0.8875 0.7875 10668
0.884375 0.7875 10688
0.884375 0.7875 10688
0.884375 0.7875 10688
0.884375 0.7875 10688
0.884375 0.7875 10700
0.884375 0.7875 10700
0.884375 0.7875 10700
0.884375 0.7875 10700
0.884375 0.7875 10700
0.884375 0.7875 10700
0.884375 0.7875 10700
0.884375 0.7875 10700
0.884375 0.7875 10700
0.884375 0.7875 10700
0.884375 0.7875 10700
0.884375 0.7875 10700
0.884375 0.7875 10700
0.884375 0.7875 10702
0.884375 0.7875 10704
0.884375 0.7875 10704
0.884375 0.7875 10704
0.884375 0.7875 10704
0.884375 0.7875 10704
0.884375 0.7875 10706
0.884375 0.7875 10706
0.884375 0.7875 10706
0.884375 0.7875 10706
0.884375 0.7875 10706
0.884375 0.7875 10706
0.8875 0.790625 10748
0.8875 0.790625 10748
0.8875 0.790625 10748
0.8875 0.790625 10748
0.8875 0.790625 10748
0.8875 0.790625 10748
0.8875 0.790625 10750
0.8875 0.790625 10750
0.8875 0.790625 10750
0.8875 0.790625 10750
0.8875 0.790625 10750
0.8875 0.790625 10750
0.8875 0.790625 10750
0.8875 0.790625 10750
0.8875 0.790625 10750
0.8875 0.790625 10750
0.8875 0.790625 10752
0.8875 0.790625 10752
0.8875 0.790625 10754
0.8875 0.790625 10754
0.8875 0.790625 10754
0.8875 0.790625 10754
0.8875 0.790625 10796
0.8875 0.790625 10796
0.8875 0.790625 10796
0.8875 0.790625 10796
0.8875 0.790625 10796
0.8875 0.790625 10798
0.8875 0.790625 10798
0.8875 0.790625 10798
0.8875 0.790625 10800
0.8875 0.790625 10800
0.8875 0.790625 10800
0.8875 0.7875 10820
0.8875 0.7875 10820
0.8875 0.7875 10820
0.8875 0.7875 10820
0.8875 0.7875 10820
0.890625 0.7875 10826
0.890625 0.7875 10828
0.890625 0.7875 10834
0.890625 0.7875 10834
0.890625 0.7875 10834
0.890625 0.7875 10834
0.890625 0.7875 10834
0.890625 0.7875 10834
0.890625 0.7875 10834
0.890625 0.7875 10876
0.890625 0.7875 10876
0.890625 0.7875 10876
0.890625 0.7875 10876
0.890625 0.7875 10888
0.890625 0.7875 10888
0.890625 0.7875 10888
0.890625 0.7875 10888
0.890625 0.7875 10890
0.890625 0.7875 10890
0.890625 0.7875 10890
0.890625 0.7875 10890
0.890625 0.7875 10920
0.890625 0.7875 10920
0.890625 0.7875 10926
0.890625 0.7875 10926
0.890625 0.7875 10928
0.890625 0.7875 10940
0.890625 0.7875 10940
0.890625 0.7875 10942
0.890625 0.7875 10944
0.890625 0.7875 10944
0.890625 0.7875 10944
0.890625 0.7875 10944
0.890625 0.7875 10944
0.890625 0.7875 10944
0.890625 0.7875 10944
0.890625 0.7875 10946
0.890625 0.7875 10946
0.890625 0.7875 10946
0.890625 0.7875 10946
0.890625 0.7875 10946
0.890625 0.7875 10946
0.890625 0.7875 10958
0.890625 0.7875 10960
0.890625 0.7875 10960
0.89375 0.79375 11002
0.89375 0.79375 11002
0.89375 0.79375 11004
0.89375 0.79375 11004
0.89375 0.79375 11004
0.89375 0.79375 11004
0.89375 0.79375 11004
0.89375 0.79375 11004
0.89375 0.79375 11004
0.89375 0.79375 11004
0.89375 0.79375 11006
0.89375 0.79375 11006
0.89375 0.79375 11006
0.89375 0.79375 11008
0.89375 0.79375 11008
0.89375 0.79375 11008
0.89375 0.79375 11008
0.89375 0.79375 11008
0.89375 0.79375 11008
0.89375 0.79375 11010
0.89375 0.79375 11010
0.89375 0.79375 11010
0.89375 0.79375 11010
0.89375 0.79375 11010
0.89375 0.79375 11010
0.89375 0.79375 11010
0.89375 0.79375 11010
0.89375 0.79375 11010
0.89375 0.79375 11010
0.89375 0.79375 11010
0.89375 0.79375 11010
0.89375 0.79375 11010
0.89375 0.79375 11010
0.89375 0.79375 11010
0.89375 0.79375 11010
0.89375 0.79375 11010
0.89375 0.79375 11012
0.89375 0.79375 11012
0.89375 0.79375 11012
0.89375 0.79375 11024
0.89375 0.79375 11024
0.89375 0.79375 11024
0.89375 0.79375 11024
0.89375 0.79375 11024
0.89375 0.79375 11026
0.89375 0.79375 11028
0.89375 0.79375 11058
0.89375 0.79375 11060
0.89375 0.79375 11060
0.89375 0.79375 11080
0.89375 0.79375 11082
0.89375 0.79375 11082
0.89375 0.79375 11088
0.89375 0.79375 11088
0.89375 0.79375 11088
0.89375 0.79375 11088
0.89375 0.79375 11088
0.89375 0.79375 11100
0.89375 0.79375 11100
0.89375 0.79375 11100
0.89375 0.79375 11100
0.89375 0.79375 11100
0.89375 0.79375 11102
0.89375 0.79375 11102
0.89375 0.79375 11102
0.89375 0.79375 11102
0.89375 0.79375 11104
0.89375 0.79375 11104
0.89375 0.79375 11104
0.89375 0.79375 11104
0.89375 0.79375 11104
0.89375 0.79375 11106
0.89375 0.79375 11106
0.89375 0.79375 11106
0.89375 0.79375 11106
0.89375 0.79375 11118
0.89375 0.79375 11118
0.89375 0.79375 11118
0.89375 0.79375 11120
0.89375 0.79375 11120
0.89375 0.79375 11120
0.890625 0.79375 11150
0.890625 0.79375 11150
0.890625 0.79375 11150
0.890625 0.79375 11150
0.890625 0.79375 11152
0.890625 0.79375 11152
0.890625 0.79375 11152
0.890625 0.79375 11152
0.890625 0.79375 11152
0.890625 0.79375 11152
0.890625 0.79375 11154
0.890625 0.79375 11166
0.890625 0.79375 11166
0.890625 0.79375 11166
0.890625 0.79375 11166
0.890625 0.79375 11166
0.890625 0.79375 11166
0.890625 0.79375 11166
0.890625 0.79375 11166
0.890625 0.79375 11168
0.890625 0.79375 11168
0.890625 0.79375 11168
0.890625 0.79375 11168
0.890625 0.79375 11168
0.890625 0.79375 11168
0.890625 0.79375 11170
0.890625 0.79375 11170
0.890625 0.79375 11170
0.890625 0.79375 11170
0.890625 0.79375 11170
0.890625 0.79375 11170
0.890625 0.79375 11172
0.890625 0.79375 11172
0.890625 0.79375 11172
0.890625 0.79375 11172
0.890625 0.79375 11172
0.890625 0.79375 11174
0.890625 0.79375 11174
0.890625 0.79375 11174
0.890625 0.79375 11174
0.890625 0.79375 11174
0.890625 0.79375 11174
0.890625 0.79375 11174
0.890625 0.79375 11174
0.890625 0.79375 11174
0.890625 0.79375 11174
0.890625 0.79375 11174
0.890625 0.79375 11174
0.890625 0.79375 11174
0.890625 0.79375 11176
0.890625 0.79375 11176
0.8875 0.8 11206
0.8875 0.8 11206
0.8875 0.8 11206
0.8875 0.8 11208
0.8875 0.8 11208
0.8875 0.8 11210
0.8875 0.8 11210
0.8875 0.8 11210
0.8875 0.8 11222
0.8875 0.8 11222
0.8875 0.8 11222
0.8875 0.8 11224
0.8875 0.8 11224
0.8875 0.8 11224
0.8875 0.8 11224
0.8875 0.8 11224
0.8875 0.8 11224
0.8875 0.8 11224
0.8875 0.8 11226
0.8875 0.8 11226
0.8875 0.8 11226
0.8875 0.8 11226
0.8875 0.8 11226
0.8875 0.8 11228
0.8875 0.8 11228
0.8875 0.8 11228
0.8875 0.8 11228
0.8875 0.8 11228
0.8875 0.8 11234
0.8875 0.8 11234
0.8875 0.8 11234
0.8875 0.8 11234
0.8875 0.8 11236
0.8875 0.8 11248
0.8875 0.8 11248
0.8875 0.8 11248
0.8875 0.8 11248
0.8875 0.8 11250
0.8875 0.8 11250
0.8875 0.8 11262
0.8875 0.8 11268
0.8875 0.8 11268
0.8875 0.8 11268
0.8875 0.8 11268
0.8875 0.8 11268
0.8875 0.8 11268
0.8875 0.8 11268
0.8875 0.8 11268
0.8875 0.8 11280
0.8875 0.8 11282
0.8875 0.8 11284
0.8875 0.8 11284
0.8875 0.8 11284
0.8875 0.8 11284
0.8875 0.8 11284
0.8875 0.8 11284
0.8875 0.8 11284
0.8875 0.8 11284
0.8875 0.8 11284
0.8875 0.8 11284
0.8875 0.8 11284
0.8875 0.8 11284
0.8875 0.8 11284
0.8875 0.8 11284
0.8875 0.8 11284
0.8875 0.8 11286
0.8875 0.8 11286
0.8875 0.8 11286
0.8875 0.8 11286
0.8875 0.8 11286
0.8875 0.8 11286
0.8875 0.8 11288
0.8875 0.8 11288
0.8875 0.8 11288
0.8875 0.8 11288
0.8875 0.8 11288
0.8875 0.8 11288
0.8875 0.8 11288
0.8875 0.8 11288
0.8875 0.8 11288
0.8875 0.8 11290
0.8875 0.8 11290
0.8875 0.8 11290
0.8875 0.8 11290
0.8875 0.8 11292
0.8875 0.8 11292
0.8875 0.8 11292
0.8875 0.8 11292
0.8875 0.8 11292
0.8875 0.8 11292
0.8875 0.8 11298
0.8875 0.8 11300
0.8875 0.8 11306
0.8875 0.8 11306
0.8875 0.8 11306
0.8875 0.8 11306
0.8875 0.8 11306
0.8875 0.8 11306
0.8875 0.8 11308
0.8875 0.8 11308
0.8875 0.8 11314
0.8875 0.8 11314
0.8875 0.8 11314
0.8875 0.8 11314
0.8875 0.8 11316
0.8875 0.8 11316
0.8875 0.8 11322
0.8875 0.8 11322
0.8875 0.8 11322
0.8875 0.8 11324
0.8875 0.8 11324
0.8875 0.8 11324
0.8875 0.8 11324
0.8875 0.8 11324
0.8875 0.79375 11324
0.8875 0.79375 11324
0.8875 0.79375 11324
0.8875 0.79375 11324
0.8875 0.79375 11324
0.8875 0.79375 11324
0.8875 0.79375 11326
0.8875 0.79375 11328
0.8875 0.79375 11328
0.8875 0.79375 11328
0.8875 0.79375 11328
0.8875 0.8 11348
0.8875 0.8 11348
0.8875 0.8 11348
0.8875 0.8 11354
0.8875 0.8 11354
0.8875 0.8 11354
0.8875 0.8 11354
0.8875 0.8 11354
0.8875 0.8 11354
0.8875 0.8 11354
0.8875 0.8 11354
0.8875 0.8 11354
0.8875 0.8 11354
0.8875 0.8 11354
0.8875 0.8 11354
0.8875 0.8 11354
0.8875 0.8 11354
0.8875 0.8 11354
0.8875 0.8 11354
0.8875 0.8 11354
0.8875 0.8 11354
0.8875 0.8 11354
0.8875 0.8 11354
0.8875 0.8 11356
0.8875 0.8 11356
0.8875 0.796875 11356
0.8875 0.796875 11356
0.8875 0.796875 11356
0.8875 0.796875 11356
0.8875 0.796875 11356
0.8875 0.796875 11358
0.8875 0.796875 11358
0.8875 0.796875 11358
0.8875 0.796875 11358
0.8875 0.796875 11358
0.8875 0.796875 11358
0.8875 0.796875 11358
0.8875 0.796875 11360
0.8875 0.796875 11366
0.8875 0.796875 11366
0.8875 0.796875 11366
0.8875 0.796875 11366
0.8875 0.796875 11366
0.8875 0.796875 11368
0.8875 0.796875 11368
0.8875 0.796875 11368
0.8875 0.7875 11478
0.8875 0.7875 11478
0.884375 0.78125 11550
0.884375 0.78125 11550
0.884375 0.78125 11562
0.884375 0.78125 11562
0.884375 0.78125 11562
0.884375 0.78125 11562
0.884375 0.78125 11562
0.884375 0.78125 11564
0.884375 0.78125 11564
0.884375 0.78125 11566
0.884375 0.78125 11568
0.884375 0.78125 11568
0.884375 0.78125 11568
0.884375 0.78125 11568
0.884375 0.78125 11568
0.884375 0.78125 11580
0.884375 0.78125 11582
0.884375 0.78125 11582
0.884375 0.78125 11584
0.884375 0.78125 11584
0.884375 0.78125 11584
0.884375 0.78125 11584
0.884375 0.78125 11584
0.884375 0.78125 11596
0.884375 0.78125 11596
0.884375 0.78125 11596
0.884375 0.78125 11596
0.884375 0.78125 11596
0.884375 0.78125 11596
0.884375 0.78125 11602
0.884375 0.78125 11602
0.884375 0.78125 11602
0.884375 0.78125 11658
0.884375 0.78125 11658
0.884375 0.78125 11664
0.884375 0.78125 11664
0.884375 0.78125 11664
0.884375 0.78125 11694
0.884375 0.78125 11700
0.884375 0.78125 11700
0.884375 0.78125 11702
0.884375 0.78125 11704
0.88125 0.78125 11710
0.88125 0.78125 11710
0.88125 0.78125 11710
0.88125 0.78125 11710
0.878125 0.78125 11740
0.878125 0.78125 11742
0.878125 0.78125 11742
0.878125 0.78125 11742
0.878125 0.78125 11742
0.878125 0.78125 11742
0.878125 0.78125 11762
0.878125 0.78125 11764
0.878125 0.78125 11764
0.878125 0.78125 11764
0.878125 0.78125 11784
0.878125 0.78125 11784
0.878125 0.78125 11784
0.878125 0.78125 11784
0.878125 0.78125 11790
0.878125 0.78125 11790
0.878125 0.78125 11790
0.878125 0.78125 11790
0.878125 0.78125 11790
0.878125 0.78125 11790
0.878125 0.78125 11790
0.875 0.78125 11832
0.875 0.78125 11832
0.875 0.78125 11834
0.875 0.78125 11836
0.875 0.78125 11836
0.875 0.78125 11836
0.875 0.78125 11836
0.875 0.78125 11838
0.875 0.78125 11838
0.875 0.78125 11838
0.875 0.78125 11840
0.875 0.78125 11840
0.875 0.78125 11840
0.875 0.78125 11840
0.875 0.78125 11840
0.875 0.78125 11840
0.875 0.78125 11840
0.875 0.78125 11840
0.878125 0.7875 11852
0.878125 0.7875 11852
0.878125 0.7875 11852
0.878125 0.7875 11852
0.878125 0.7875 11852
0.878125 0.7875 11854
0.878125 0.7875 11854
0.878125 0.7875 11860
0.878125 0.7875 11860
0.878125 0.7875 11860
0.878125 0.7875 11860
0.878125 0.7875 11860
0.878125 0.7875 11860
0.878125 0.7875 11860
0.878125 0.7875 11860
0.878125 0.7875 11866
0.878125 0.7875 11866
0.878125 0.7875 11866
0.878125 0.7875 11866
0.878125 0.7875 11866
0.878125 0.7875 11866
0.878125 0.7875 11868
0.875 0.7875 11870
0.875 0.7875 11870
0.875 0.7875 11870
0.875 0.7875 11882
0.875 0.7875 11884
0.875 0.7875 11884
0.875 0.7875 11884
0.875 0.7875 11884
0.875 0.7875 11884
0.875 0.7875 11884
0.875 0.7875 11884
0.875 0.7875 11886
0.875 0.7875 11888
0.875 0.7875 11894
0.875 0.7875 11894
0.875 0.7875 11894
0.875 0.7875 11894
0.875 0.7875 11894
0.875 0.7875 11914
0.875 0.7875 11914
0.875 0.7875 11914
0.875 0.7875 11916
0.875 0.7875 11916
0.875 0.7875 11916
0.875 0.7875 11916
0.875 0.7875 11916
0.875 0.7875 11916
0.875 0.7875 11916
0.875 0.7875 11916
0.875 0.7875 11916
0.875 0.7875 11916
0.875 0.7875 11916
0.875 0.7875 11916
0.875 0.7875 11918
0.875 0.7875 11918
0.875 0.7875 11918
0.875 0.7875 11918
0.875 0.7875 11918
0.875 0.7875 11918
0.875 0.7875 11918
0.875 0.7875 11918
0.875 0.7875 11920
0.875 0.7875 11922
0.875 0.7875 11922
0.875 0.7875 11922
0.875 0.7875 11922
0.871875 0.7875 11924
0.871875 0.7875 11924
0.871875 0.7875 11924
0.871875 0.7875 11924
0.871875 0.7875 11926
0.871875 0.7875 11928
0.871875 0.7875 11928
0.871875 0.7875 11928
0.871875 0.7875 11928
0.871875 0.7875 11928
0.871875 0.7875 11928
0.871875 0.7875 11928
0.871875 0.7875 11928
0.871875 0.7875 11928
0.871875 0.7875 11928
0.871875 0.7875 11928
0.871875 0.7875 11958
0.871875 0.7875 11958
0.871875 0.7875 11958
0.871875 0.7875 11958
0.871875 0.7875 11958
0.871875 0.7875 11958
0.871875 0.7875 11958
0.871875 0.7875 11958
0.871875 0.7875 11960
0.871875 0.7875 11960
0.871875 0.7875 11960
0.871875 0.7875 11960
0.871875 0.7875 11966
0.871875 0.7875 11966
0.871875 0.7875 11966
0.871875 0.7875 11966
0.871875 0.7875 11966
0.871875 0.7875 11968
0.871875 0.7875 11968
0.871875 0.7875 11968
0.871875 0.7875 11970
0.86875 0.7875 12042
0.86875 0.7875 12042
0.86875 0.7875 12042
0.86875 0.7875 12044
0.86875 0.7875 12044
0.86875 0.7875 12044
0.86875 0.7875 12044
0.86875 0.7875 12044
0.86875 0.7875 12044
0.871875 0.7875 12086
0.871875 0.7875 12088
0.871875 0.7875 12088
0.871875 0.7875 12088
0.871875 0.7875 12118
0.871875 0.7875 12124
0.871875 0.7875 12124
0.871875 0.7875 12124
0.871875 0.7875 12124
0.871875 0.7875 12130
0.871875 0.7875 12130
0.871875 0.7875 12130
0.871875 0.7875 12130
0.871875 0.7875 12130
0.871875 0.7875 12130
0.871875 0.7875 12130
0.871875 0.7875 12130
0.878125 0.7875 12202
0.878125 0.7875 12204
0.878125 0.7875 12204
0.878125 0.7875 12206
0.878125 0.7875 12206
0.878125 0.7875 12208
0.878125 0.7875 12208
0.878125 0.7875 12210
0.878125 0.7875 12210
0.878125 0.7875 12210
0.878125 0.7875 12210
0.878125 0.7875 12210
0.878125 0.7875 12216
0.878125 0.7875 12218
0.878125 0.7875 12218
0.878125 0.7875 12218
0.878125 0.7875 12220
0.884375 0.7875 12222
0.884375 0.7875 12234
0.884375 0.7875 12234
0.884375 0.7875 12234
0.884375 0.7875 12234
0.884375 0.7875 12234
0.884375 0.7875 12234
0.884375 0.7875 12236
0.884375 0.7875 12236
0.884375 0.7875 12236
0.884375 0.7875 12242
0.884375 0.7875 12242
0.884375 0.7875 12242
0.884375 0.7875 12242
0.884375 0.7875 12242
0.884375 0.7875 12248
0.884375 0.7875 12250
0.884375 0.7875 12250
0.884375 0.7875 12250
0.884375 0.7875 12250
0.884375 0.7875 12250
0.884375 0.7875 12250
0.884375 0.7875 12270
0.884375 0.7875 12270
0.884375 0.7875 12270
0.884375 0.7875 12270
0.88125 0.78125 12402
0.88125 0.78125 12402
0.88125 0.78125 12458
0.88125 0.78125 12458
0.88125 0.78125 12464
0.88125 0.78125 12464
0.88125 0.78125 12464
0.88125 0.78125 12464
0.875 0.775 12574
0.875 0.775 12576
0.875 0.775 12576
0.875 0.775 12576
0.875 0.775 12576
0.875 0.775 12576
0.875 0.775 12576
0.875 0.775 12576
0.875 0.775 12576
0.875 0.775 12576
0.875 0.775 12576
0.875 0.775 12588
0.875 0.775 12588
0.875 0.775 12588
0.875 0.775 12588
0.875 0.775 12588
0.875 0.775 12594
0.875 0.775 12596
0.875 0.775 12598
0.875 0.775 12598
0.875 0.775 12598
0.875 0.775 12598
0.875 0.775 12598
0.875 0.775 12628
0.875 0.775 12628
0.875 0.775 12628
0.875 0.775 12634
0.875 0.775 12646
0.875 0.775 12646
0.875 0.775 12646
0.875 0.775 12652
0.875 0.775 12652
0.875 0.775 12652
0.875 0.775 12652
0.875 0.775 12652
0.875 0.775 12652
0.875 0.775 12652
0.875 0.775 12652
0.875 0.775 12652
0.875 0.775 12654
0.875 0.775 12660
0.875 0.775 12660
0.875 0.775 12660
0.875 0.775 12660
0.875 0.775 12660
0.875 0.775 12660
0.875 0.775 12662
0.875 0.775 12662
0.875 0.775 12662
0.875 0.775 12662
0.875 0.775 12662
0.875 0.775 12662
0.875 0.775 12662
0.875 0.775 12674
0.875 0.775 12694
0.875 0.775 12694
0.871875 0.7625 13200
0.871875 0.7625 13206
0.871875 0.7625 13206
0.871875 0.7625 13206
0.871875 0.7625 13206
0.871875 0.7625 13206
0.871875 0.7625 13206
0.871875 0.7625 13218
0.871875 0.7625 13220
0.871875 0.7625 13220
0.871875 0.7625 13220
0.871875 0.7625 13220
0.871875 0.7625 13220
0.871875 0.7625 13220
0.871875 0.7625 13220
0.871875 0.7625 13220
0.871875 0.7625 13222
0.871875 0.7625 13222
0.871875 0.7625 13222
0.871875 0.7625 13222
0.871875 0.7625 13222
0.871875 0.7625 13234
0.871875 0.7625 13236
0.871875 0.7625 13236
0.871875 0.7625 13236
0.871875 0.7625 13236
0.871875 0.7625 13242
0.871875 0.7625 13242
0.871875 0.7625 13244
0.871875 0.7625 13244
0.871875 0.7625 13244
0.871875 0.7625 13244
0.871875 0.7625 13244
0.871875 0.7625 13244
0.871875 0.7625 13244
0.871875 0.7625 13244
0.871875 0.7625 13244
0.871875 0.7625 13244
0.871875 0.7625 13244
0.871875 0.765625 13246
0.871875 0.765625 13246
0.871875 0.765625 13246
0.871875 0.765625 13246
0.871875 0.765625 13248
0.871875 0.765625 13248
0.871875 0.765625 13250
0.871875 0.765625 13252
0.871875 0.765625 13252
0.871875 0.765625 13252
0.871875 0.765625 13252
0.871875 0.765625 13252
0.871875 0.765625 13252
0.871875 0.765625 13252
0.871875 0.765625 13264
0.871875 0.765625 13264
0.871875 0.765625 13264
0.871875 0.765625 13264
0.871875 0.765625 13270
0.871875 0.765625 13270
0.875 0.7625 13282
0.875 0.7625 13294
0.875 0.7625 13296
0.875 0.7625 13296
0.875 0.7625 13296
0.875 0.7625 13296
0.875 0.7625 13298
0.875 0.7625 13298
0.875 0.7625 13298
0.875 0.7625 13298
0.875 0.7625 13298
0.875 0.7625 13298
0.875 0.7625 13298
0.875 0.7625 13310
0.875 0.7625 13310
0.875 0.7625 13310
0.875 0.7625 13312
0.875 0.7625 13312
0.875 0.7625 13312
0.875 0.7625 13312
0.875 0.7625 13312
0.875 0.7625 13312
0.875 0.7625 13312
0.875 0.7625 13312
0.875 0.7625 13312
0.875 0.7625 13312
0.875 0.7625 13314
0.875 0.7625 13314
0.875 0.7625 13314
0.875 0.7625 13314
0.875 0.7625 13314
0.875 0.7625 13326
0.875 0.7625 13326
0.875 0.7625 13326
0.875 0.7625 13326
0.875 0.7625 13326
0.875 0.7625 13338
0.875 0.7625 13338
0.875 0.7625 13338
0.875 0.7625 13340
0.875 0.7625 13340
0.875 0.7625 13340
0.875 0.7625 13340
0.875 0.7625 13340
0.875 0.7625 13340
0.875 0.7625 13340
0.875 0.7625 13370
0.875 0.7625 13370
0.875 0.7625 13370
0.875 0.7625 13370
0.875 0.7625 13370
0.875 0.7625 13370
0.875 0.7625 13372
0.875 0.7625 13372
0.875 0.7625 13384
0.875 0.7625 13390
0.875 0.7625 13390
0.875 0.765625 13390
0.875 0.765625 13390
0.875 0.765625 13392
