0.83125 0.834375 596
0.83125 0.834375 596
0.83125 0.834375 596
0.825 0.825 616
0.825 0.825 616
0.825 0.828125 616
0.825 0.828125 616
0.825 0.828125 616
0.825 0.83125 636
0.825 0.83125 636
0.825 0.83125 636
0.825 0.83125 636
0.825 0.83125 636
0.825 0.83125 636
0.825 0.8375 636
0.825 0.8375 636
0.825 0.8375 636
0.825 0.840625 638
0.825 0.840625 638
0.825 0.840625 638
0.825 0.840625 640
0.825 0.840625 642
0.825 0.840625 642
0.825 0.840625 648
0.825 0.840625 648
0.825 0.840625 648
0.825 0.840625 648
0.825 0.840625 648
0.825 0.834375 650
0.825 0.834375 656
0.825 0.834375 656
0.825 0.834375 658
0.825 0.834375 658
0.825 0.834375 660
0.825 0.834375 660
0.825 0.834375 660
0.825 0.834375 660
0.825 0.834375 660
0.825 0.834375 662
0.825 0.834375 664
0.825 0.834375 664
0.821875 0.828125 666
0.821875 0.828125 666
0.821875 0.825 678
0.821875 0.81875 678
0.821875 0.81875 680
0.821875 0.81875 680
0.821875 0.8125 680
0.821875 0.8125 682
0.821875 0.8125 682
0.821875 0.8125 682
0.821875 0.8125 682
0.821875 0.8125 682
0.821875 0.8125 682
0.821875 0.8125 682
0.821875 0.8125 682
0.821875 0.8125 694
0.821875 0.8125 694
0.821875 0.8125 694
0.821875 0.80625 696
0.821875 0.80625 696
0.821875 0.80625 696
0.821875 0.80625 698
0.821875 0.8125 700
0.821875 0.8125 700
0.821875 0.8125 700
0.821875 0.8125 700
0.821875 0.8125 700
0.821875 0.8125 700
0.821875 0.8125 700
0.821875 0.8125 700
0.821875 0.8125 700
0.821875 0.809375 700
0.821875 0.80625 700
0.821875 0.80625 700
0.821875 0.80625 700
0.821875 0.80625 700
0.821875 0.80625 700
0.821875 0.80625 700
0.821875 0.80625 700
0.821875 0.80625 712
0.821875 0.80625 712
0.821875 0.80625 712
0.821875 0.80625 712
0.821875 0.80625 712
0.821875 0.80625 712
0.821875 0.809375 712
0.821875 0.809375 712
0.821875 0.809375 712
0.821875 0.803125 714
0.821875 0.803125 714
0.821875 0.803125 714
0.821875 0.8 720
0.821875 0.8 720
0.821875 0.8 720
0.821875 0.796875 722
0.821875 0.796875 722
0.821875 0.796875 722
0.821875 0.8 722
0.821875 0.8 722
0.821875 0.8 722
0.821875 0.8 722
0.821875 0.803125 722
0.821875 0.8 722
0.821875 0.803125 722
0.821875 0.8 722
0.821875 0.8 722
0.821875 0.796875 722
0.821875 0.796875 722
0.821875 0.8 722
0.821875 0.8 722
0.825 0.79375 734
0.825 0.79375 734
0.825 0.79375 734
0.834375 0.80625 746
0.834375 0.80625 746
0.834375 0.80625 746
0.834375 0.80625 746
0.834375 0.80625 746
0.834375 0.80625 746
0.865625 0.8375 748
0.865625 0.8375 748
0.8625 0.8375 778
0.8625 0.8375 780
0.8625 0.8375 780
0.8625 0.8375 780
0.8625 0.8375 782
0.8625 0.8375 782
0.8625 0.8375 782
0.8625 0.83125 784
0.8625 0.834375 804
0.8625 0.834375 804
0.875 0.840625 816
0.875 0.84375 818
0.875 0.84375 818
0.875 0.84375 824
0.875 0.84375 824
0.875 0.84375 836
0.875 0.8375 836
0.875 0.8375 836
0.875 0.840625 836
0.875 0.840625 836
0.875 0.840625 836
0.875 0.840625 856
0.875 0.846875 856
0.875 0.85 856
0.86875 0.84375 928
0.86875 0.840625 928
0.86875 0.840625 934
0.86875 0.840625 936
0.86875 0.8375 936
0.86875 0.8375 936
0.86875 0.8375 938
0.86875 0.8375 938
0.86875 0.8375 944
0.86875 0.8375 950
0.86875 0.840625 952
0.86875 0.8375 958
0.86875 0.8375 964
0.86875 0.8375 976
0.86875 0.8375 976
0.86875 0.8375 976
0.86875 0.8375 976
0.86875 0.8375 976
0.86875 0.8375 978
0.86875 0.8375 978
0.86875 0.840625 978
0.86875 0.840625 980
0.86875 0.840625 980
0.86875 0.840625 982
0.875 0.8375 1072
0.875 0.8375 1072
0.875 0.84375 1072
0.875 0.846875 1074
0.875 0.846875 1076
0.875 0.846875 1076
0.875 0.85 1076
0.875 0.84375 1076
0.871875 0.85 1096
0.871875 0.85 1096
0.871875 0.85 1096
0.871875 0.85 1098
0.871875 0.846875 1098
0.871875 0.846875 1098
0.871875 0.85 1098
0.871875 0.85 1098
0.871875 0.85 1100
0.871875 0.85 1100
0.871875 0.85 1100
0.86875 0.85 1120
0.86875 0.85 1122
0.86875 0.85 1122
0.86875 0.85 1122
0.86875 0.85 1122
0.86875 0.85 1128
0.86875 0.85 1128
0.86875 0.85 1128
0.86875 0.85 1130
0.86875 0.85 1130
0.86875 0.85 1130
0.86875 0.85 1130
0.86875 0.846875 1130
0.86875 0.846875 1130
0.86875 0.846875 1130
0.86875 0.846875 1136
0.86875 0.84375 1136
0.86875 0.846875 1136
0.86875 0.84375 1136
0.86875 0.846875 1138
0.86875 0.85 1138
0.86875 0.85 1138
0.86875 0.85 1138
0.86875 0.85 1138
0.86875 0.853125 1140
0.86875 0.85 1140
0.86875 0.85 1140
0.86875 0.85 1140
0.86875 0.85 1160
0.86875 0.846875 1160
0.865625 0.84375 1166
0.865625 0.840625 1166
0.865625 0.840625 1166
0.865625 0.840625 1166
0.865625 0.840625 1168
0.865625 0.840625 1168
0.865625 0.840625 1168
0.865625 0.8375 1170
0.865625 0.8375 1170
0.865625 0.8375 1170
0.865625 0.8375 1170
0.865625 0.8375 1170
0.865625 0.8375 1170
0.865625 0.8375 1170
0.865625 0.828125 1170
0.865625 0.828125 1170
0.865625 0.828125 1182
0.865625 0.828125 1182
0.865625 0.821875 1182
0.865625 0.821875 1182
0.865625 0.821875 1182
0.865625 0.821875 1182
0.865625 0.821875 1182
0.865625 0.821875 1182
0.865625 0.821875 1182
0.865625 0.821875 1182
0.8625 0.803125 1194
0.8625 0.803125 1194
0.8625 0.803125 1194
0.8625 0.803125 1194
0.8625 0.80625 1200
0.8625 0.80625 1200
0.8625 0.80625 1200
0.8625 0.80625 1200
0.8625 0.80625 1200
0.8625 0.80625 1200
0.8625 0.80625 1202
0.8625 0.80625 1202
0.8625 0.809375 1204
0.8625 0.809375 1204
0.8625 0.809375 1204
0.8625 0.809375 1204
0.8625 0.809375 1204
0.8625 0.809375 1204
0.8625 0.809375 1204
0.865625 0.809375 1210
0.865625 0.809375 1210
0.8625 0.809375 1212
0.8625 0.809375 1212
0.8625 0.809375 1212
0.8625 0.809375 1212
0.8625 0.809375 1212
0.8625 0.809375 1212
0.8625 0.803125 1224
0.8625 0.803125 1224
0.8625 0.803125 1224
0.8625 0.803125 1224
0.8625 0.80625 1236
0.8625 0.80625 1236
0.8625 0.80625 1236
0.8625 0.809375 1236
0.8625 0.803125 1236
0.8625 0.803125 1236
0.8625 0.803125 1236
0.8625 0.803125 1236
0.8625 0.803125 1236
0.8625 0.809375 1236
0.8625 0.809375 1236
0.8625 0.809375 1236
0.8625 0.809375 1236
0.8625 0.809375 1236
0.8625 0.809375 1236
0.8625 0.80625 1242
0.8625 0.80625 1242
0.8625 0.80625 1244
0.8625 0.80625 1244
0.8625 0.80625 1244
0.8625 0.80625 1244
0.8625 0.80625 1244
0.8625 0.80625 1244
0.8625 0.80625 1244
0.8625 0.80625 1244
0.8625 0.80625 1246
0.8625 0.80625 1258
0.8625 0.80625 1260
0.8625 0.80625 1260
0.8625 0.80625 1260
0.8625 0.803125 1262
0.8625 0.803125 1262
0.8625 0.803125 1262
0.8625 0.803125 1262
0.8625 0.803125 1262
0.8625 0.803125 1262
0.8625 0.803125 1262
0.8625 0.803125 1262
0.8625 0.803125 1262
0.8625 0.80625 1304
0.8625 0.80625 1304
0.8625 0.803125 1304
0.8625 0.803125 1304
0.8625 0.803125 1304
0.8625 0.803125 1304
0.8625 0.803125 1304
0.8625 0.803125 1304
0.8625 0.803125 1304
0.8625 0.803125 1310
0.865625 0.8 1330
0.865625 0.803125 1336
0.865625 0.803125 1338
0.865625 0.803125 1338
0.865625 0.803125 1340
0.865625 0.803125 1340
0.865625 0.809375 1346
0.865625 0.809375 1352
0.865625 0.809375 1352
0.865625 0.809375 1354
0.865625 0.809375 1354
0.865625 0.809375 1354
0.865625 0.809375 1354
0.865625 0.809375 1354
0.865625 0.809375 1356
0.865625 0.809375 1356
0.865625 0.809375 1356
0.865625 0.809375 1356
0.865625 0.809375 1356
0.865625 0.809375 1358
0.865625 0.809375 1358
0.865625 0.809375 1360
0.865625 0.809375 1362
0.865625 0.809375 1374
0.865625 0.809375 1374
0.865625 0.809375 1380
0.8625 0.809375 1422
0.8625 0.809375 1422
0.8625 0.809375 1422
0.8625 0.809375 1422
0.8625 0.809375 1422
0.8625 0.809375 1422
0.8625 0.809375 1422
0.859375 0.8125 1478
0.859375 0.8125 1478
0.859375 0.8125 1484
0.859375 0.8125 1484
0.859375 0.8125 1484
0.859375 0.8125 1484
0.859375 0.8125 1484
0.859375 0.8125 1484
0.859375 0.8125 1484
0.859375 0.8125 1490
0.859375 0.8125 1492
0.859375 0.8125 1492
0.859375 0.8125 1492
0.859375 0.8125 1492
0.859375 0.815625 1492
0.859375 0.815625 1492
0.859375 0.815625 1492
0.859375 0.815625 1492
0.875 0.821875 1494
0.875 0.821875 1494
0.875 0.821875 1494
0.875 0.821875 1494
0.875 0.825 1494
0.875 0.825 1494
0.875 0.825 1494
0.86875 0.815625 1524
0.86875 0.815625 1526
0.86875 0.815625 1526
0.86875 0.815625 1526
0.86875 0.815625 1526
0.86875 0.815625 1528
0.86875 0.815625 1530
0.86875 0.815625 1530
0.86875 0.815625 1530
0.86875 0.815625 1532
0.86875 0.815625 1538
0.86875 0.815625 1538
0.86875 0.815625 1538
0.86875 0.815625 1538
0.86875 0.815625 1538
0.86875 0.821875 1538
0.86875 0.821875 1538
0.86875 0.821875 1538
0.86875 0.8125 1540
0.86875 0.8125 1540
0.86875 0.8125 1540
0.86875 0.8125 1540
0.86875 0.8125 1540
0.86875 0.8125 1540
0.86875 0.8125 1540
0.86875 0.8125 1540
0.86875 0.8125 1540
0.86875 0.8125 1540
0.86875 0.8125 1542
0.86875 0.8125 1542
0.86875 0.809375 1554
0.86875 0.809375 1554
0.86875 0.809375 1566
0.86875 0.809375 1566
0.86875 0.809375 1566
0.86875 0.809375 1566
0.86875 0.809375 1568
0.86875 0.809375 1568
0.86875 0.8125 1568
0.86875 0.8125 1568
0.86875 0.8125 1574
0.86875 0.8125 1574
0.86875 0.8125 1574
0.86875 0.8125 1574
0.86875 0.8125 1574
0.86875 0.8125 1576
0.86875 0.8125 1578
0.86875 0.8125 1578
0.86875 0.8125 1584
0.86875 0.8125 1584
0.86875 0.8125 1586
0.86875 0.8125 1586
0.86875 0.8125 1586
0.86875 0.8125 1586
0.86875 0.8125 1586
0.86875 0.8125 1586
0.86875 0.8125 1586
0.86875 0.8125 1586
0.86875 0.8125 1586
0.86875 0.815625 1586
0.86875 0.815625 1586
0.86875 0.815625 1586
0.86875 0.809375 1592
0.86875 0.809375 1592
0.86875 0.809375 1594
0.86875 0.809375 1594
0.86875 0.809375 1594
0.86875 0.809375 1600
0.86875 0.809375 1600
0.86875 0.809375 1600
0.86875 0.809375 1600
0.86875 0.809375 1600
0.86875 0.815625 1600
0.86875 0.815625 1600
0.86875 0.815625 1600
0.86875 0.815625 1602
0.865625 0.815625 1614
0.865625 0.815625 1614
0.865625 0.815625 1614
0.865625 0.815625 1614
0.865625 0.815625 1614
0.865625 0.815625 1614
0.865625 0.815625 1616
0.865625 0.81875 1616
0.865625 0.81875 1616
0.865625 0.81875 1622
0.865625 0.81875 1624
0.865625 0.81875 1624
0.865625 0.81875 1624
0.865625 0.81875 1624
0.865625 0.81875 1624
0.865625 0.81875 1624
0.865625 0.81875 1624
0.865625 0.81875 1624
0.865625 0.81875 1624
0.865625 0.81875 1624
0.865625 0.81875 1624
0.865625 0.81875 1624
0.865625 0.815625 1624
0.865625 0.815625 1624
0.865625 0.815625 1624
0.865625 0.815625 1624
0.865625 0.815625 1624
0.865625 0.815625 1636
0.865625 0.815625 1636
0.865625 0.815625 1636
0.865625 0.81875 1636
0.865625 0.81875 1636
0.865625 0.81875 1642
0.865625 0.81875 1644
0.8625 0.81875 1664
0.8625 0.81875 1666
0.8625 0.81875 1666
0.8625 0.81875 1666
0.8625 0.81875 1666
0.8625 0.81875 1686
0.8625 0.81875 1688
0.8625 0.81875 1688
0.8625 0.821875 1690
0.8625 0.821875 1690
0.8625 0.821875 1690
0.859375 0.821875 1692
0.859375 0.821875 1694
0.859375 0.821875 1694
0.85625 0.821875 1724
0.85625 0.821875 1724
0.85625 0.821875 1724
0.85625 0.821875 1724
0.85625 0.821875 1726
0.85625 0.821875 1726
0.85625 0.821875 1726
0.85625 0.821875 1726
0.85625 0.821875 1726
0.85625 0.821875 1726
0.85625 0.821875 1728
0.85625 0.821875 1728
0.85625 0.821875 1728
0.85625 0.821875 1728
0.85625 0.821875 1730
0.85625 0.821875 1730
0.85625 0.821875 1730
0.85625 0.821875 1730
0.85 0.815625 1750
0.85 0.815625 1750
0.85 0.815625 1750
0.85 0.815625 1752
0.85 0.815625 1752
0.85 0.815625 1754
0.85 0.815625 1754
0.85 0.815625 1754
0.85 0.815625 1754
0.85 0.815625 1754
0.85 0.815625 1754
0.846875 0.809375 1784
0.846875 0.809375 1784
0.846875 0.809375 1784
0.846875 0.809375 1796
0.846875 0.809375 1796
0.846875 0.809375 1796
0.846875 0.809375 1796
0.846875 0.796875 1838
0.846875 0.796875 1838
0.846875 0.796875 1840
0.846875 0.796875 1840
0.846875 0.796875 1840
0.846875 0.796875 1840
0.846875 0.796875 1842
0.846875 0.796875 1842
0.846875 0.796875 1842
0.846875 0.796875 1842
0.846875 0.796875 1842
0.846875 0.796875 1842
0.846875 0.796875 1842
0.846875 0.796875 1842
0.846875 0.796875 1842
0.846875 0.796875 1848
0.846875 0.796875 1848
0.846875 0.796875 1860
0.846875 0.796875 1860
0.846875 0.796875 1866
0.846875 0.796875 1866
0.846875 0.796875 1866
0.846875 0.796875 1866
0.846875 0.796875 1866
0.846875 0.796875 1866
0.846875 0.796875 1866
0.846875 0.796875 1868
0.846875 0.796875 1880
0.846875 0.796875 1880
0.846875 0.796875 1880
0.846875 0.796875 1880
0.865625 0.815625 1910
0.865625 0.815625 1910
0.865625 0.815625 1912
0.865625 0.815625 1912
0.865625 0.815625 1912
0.865625 0.815625 1912
0.865625 0.815625 1914
0.865625 0.815625 1914
0.865625 0.815625 1914
0.865625 0.821875 1920
0.865625 0.821875 1920
0.865625 0.821875 1920
0.865625 0.821875 1920
0.865625 0.821875 1920
0.865625 0.821875 1920
0.865625 0.821875 1922
0.865625 0.821875 1922
0.865625 0.821875 1922
0.865625 0.81875 1922
0.865625 0.81875 1922
0.89375 0.846875 1934
0.89375 0.846875 1934
0.89375 0.846875 1934
0.89375 0.846875 1934
0.89375 0.846875 1934
0.89375 0.85 1946
0.89375 0.85 1948
0.89375 0.85 1948
0.89375 0.85 1954
0.89375 0.85 1954
0.89375 0.85 1954
0.89375 0.846875 1984
0.89375 0.846875 1984
0.89375 0.846875 1984
0.89375 0.846875 1984
0.89375 0.84375 1986
0.89375 0.84375 1986
0.89375 0.846875 1986
0.89375 0.853125 1998
0.89375 0.853125 1998
0.89375 0.853125 1998
0.89375 0.853125 1998
0.89375 0.853125 1998
0.890625 0.84375 2028
0.890625 0.84375 2028
0.890625 0.84375 2028
0.890625 0.84375 2028
0.890625 0.84375 2028
0.890625 0.840625 2028
0.890625 0.840625 2028
0.890625 0.8375 2028
0.890625 0.840625 2030
0.890625 0.840625 2032
0.890625 0.840625 2034
0.890625 0.84375 2034
0.890625 0.84375 2034
0.890625 0.84375 2124
0.890625 0.84375 2124
0.890625 0.84375 2124
0.890625 0.84375 2124
0.890625 0.84375 2124
0.890625 0.840625 2124
0.890625 0.840625 2124
0.890625 0.840625 2124
0.890625 0.840625 2126
0.890625 0.840625 2126
0.890625 0.840625 2126
0.890625 0.840625 2128
0.890625 0.840625 2128
0.890625 0.840625 2128
0.890625 0.84375 2128
0.890625 0.84375 2128
0.890625 0.84375 2128
0.890625 0.84375 2128
0.890625 0.84375 2134
0.896875 0.8625 2206
0.896875 0.8625 2206
0.896875 0.8625 2206
0.896875 0.8625 2206
0.896875 0.8625 2206
0.896875 0.8625 2206
0.896875 0.8625 2218
0.896875 0.8625 2218
0.896875 0.8625 2238
0.896875 0.8625 2238
0.896875 0.8625 2238
0.896875 0.8625 2238
0.896875 0.8625 2240
0.896875 0.8625 2240
0.896875 0.8625 2242
0.896875 0.8625 2248
0.896875 0.8625 2248
0.896875 0.8625 2278
0.896875 0.8625 2284
0.896875 0.8625 2284
0.896875 0.8625 2284
0.896875 0.8625 2284
0.896875 0.86875 2296
0.896875 0.86875 2296
0.896875 0.86875 2298
0.896875 0.86875 2298
0.896875 0.865625 2310
0.896875 0.865625 2310
0.896875 0.865625 2310
0.896875 0.865625 2310
0.896875 0.865625 2310
0.896875 0.865625 2310
0.896875 0.865625 2310
0.896875 0.865625 2310
0.896875 0.865625 2312
0.896875 0.865625 2312
0.896875 0.865625 2312
0.896875 0.865625 2312
0.896875 0.865625 2314
0.896875 0.865625 2314
0.896875 0.86875 2314
0.896875 0.86875 2314
0.896875 0.86875 2314
0.896875 0.86875 2314
0.896875 0.86875 2314
0.896875 0.86875 2314
0.896875 0.86875 2320
0.896875 0.86875 2320
0.896875 0.86875 2320
0.896875 0.86875 2320
0.896875 0.86875 2320
0.89375 0.8625 2332
0.89375 0.8625 2332
0.89375 0.8625 2334
0.89375 0.8625 2336
0.89375 0.8625 2342
0.89375 0.8625 2342
0.89375 0.8625 2342
0.89375 0.8625 2372
0.89375 0.8625 2372
0.89375 0.8625 2372
0.89375 0.8625 2372
0.89375 0.8625 2372
0.89375 0.8625 2378
0.89375 0.8625 2378
0.89375 0.8625 2378
0.89375 0.8625 2378
0.89375 0.86875 2380
0.89375 0.86875 2380
0.89375 0.86875 2380
0.89375 0.86875 2380
0.89375 0.86875 2380
0.89375 0.86875 2380
0.89375 0.86875 2386
0.89375 0.86875 2388
0.89375 0.86875 2388
0.89375 0.86875 2388
0.89375 0.86875 2388
0.89375 0.86875 2390
0.89375 0.86875 2390
0.89375 0.86875 2390
0.89375 0.86875 2392
0.89375 0.86875 2392
0.89375 0.86875 2392
0.89375 0.86875 2392
0.89375 0.86875 2392
0.89375 0.86875 2392
0.89375 0.86875 2394
0.89375 0.86875 2394
0.89375 0.86875 2394
0.89375 0.86875 2406
0.89375 0.86875 2406
0.89375 0.86875 2406
0.89375 0.86875 2406
0.89375 0.86875 2406
0.89375 0.86875 2408
0.89375 0.86875 2408
0.89375 0.86875 2408
0.896875 0.86875 2438
0.896875 0.86875 2438
0.896875 0.86875 2438
0.896875 0.86875 2438
0.896875 0.86875 2438
0.896875 0.86875 2438
0.896875 0.86875 2438
0.896875 0.86875 2438
0.896875 0.86875 2444
0.89375 0.875 2464
0.89375 0.875 2464
0.89375 0.875 2464
0.89375 0.875 2464
0.89375 0.875 2476
0.89375 0.875 2476
0.89375 0.875 2476
0.89375 0.875 2476
0.89375 0.875 2478
0.89375 0.875 2478
0.89375 0.875 2480
0.89375 0.875 2480
0.896875 0.8625 2636
0.896875 0.8625 2636
0.896875 0.8625 2638
0.896875 0.8625 2638
0.896875 0.8625 2638
0.896875 0.8625 2638
0.896875 0.8625 2638
0.896875 0.8625 2638
0.896875 0.8625 2638
0.896875 0.8625 2638
0.896875 0.8625 2638
0.896875 0.8625 2638
0.896875 0.8625 2638
0.896875 0.8625 2638
0.896875 0.8625 2644
0.896875 0.8625 2646
0.896875 0.8625 2646
0.896875 0.8625 2648
0.896875 0.8625 2648
0.896875 0.8625 2648
0.896875 0.8625 2648
0.896875 0.8625 2648
0.896875 0.859375 2648
0.896875 0.859375 2648
0.896875 0.85625 2650
0.896875 0.85625 2650
0.896875 0.85625 2650
0.896875 0.85625 2650
0.896875 0.85625 2650
0.896875 0.85625 2650
0.896875 0.85625 2650
0.896875 0.85625 2650
0.896875 0.85625 2650
0.896875 0.85625 2650
0.896875 0.85625 2650
0.896875 0.8625 2656
0.896875 0.8625 2656
0.896875 0.8625 2656
0.896875 0.8625 2656
0.896875 0.8625 2656
0.896875 0.8625 2656
0.896875 0.8625 2656
0.896875 0.8625 2656
0.896875 0.8625 2656
0.896875 0.8625 2656
0.896875 0.8625 2656
0.896875 0.8625 2656
0.896875 0.8625 2656
0.896875 0.8625 2662
0.896875 0.8625 2664
0.896875 0.8625 2664
0.896875 0.8625 2664
0.896875 0.8625 2664
0.896875 0.8625 2664
0.896875 0.8625 2664
0.896875 0.8625 2664
0.896875 0.8625 2666
0.896875 0.8625 2678
0.89375 0.8625 2698
0.89375 0.8625 2700
0.89375 0.8625 2700
0.89375 0.8625 2706
0.89375 0.8625 2706
0.89375 0.8625 2706
0.89375 0.8625 2706
0.89375 0.8625 2706
0.89375 0.8625 2706
0.89375 0.8625 2706
0.89375 0.8625 2706
0.89375 0.8625 2706
0.89375 0.8625 2706
0.89375 0.8625 2706
0.89375 0.8625 2706
0.89375 0.8625 2706
0.89375 0.8625 2706
0.89375 0.8625 2708
0.89375 0.8625 2708
0.89375 0.8625 2708
0.89375 0.8625 2710
0.89375 0.8625 2710
0.89375 0.8625 2710
0.890625 0.8625 2716
0.890625 0.8625 2716
0.890625 0.8625 2722
0.890625 0.8625 2722
0.890625 0.8625 2722
0.890625 0.8625 2722
0.890625 0.8625 2722
0.890625 0.8625 2722
0.890625 0.8625 2722
0.890625 0.8625 2722
0.890625 0.8625 2722
0.890625 0.8625 2722
0.890625 0.8625 2722
0.890625 0.8625 2722
0.890625 0.8625 2724
0.890625 0.8625 2724
0.890625 0.8625 2724
0.890625 0.8625 2724
0.890625 0.8625 2724
0.890625 0.8625 2724
0.890625 0.8625 2724
0.890625 0.8625 2724
0.890625 0.8625 2744
0.890625 0.8625 2744
0.890625 0.8625 2744
0.890625 0.8625 2744
0.890625 0.8625 2750
0.890625 0.8625 2750
0.890625 0.8625 2752
0.890625 0.8625 2754
0.890625 0.8625 2754
0.890625 0.8625 2754
0.890625 0.8625 2754
0.890625 0.8625 2754
0.890625 0.8625 2754
0.890625 0.8625 2754
0.890625 0.8625 2754
0.890625 0.8625 2754
0.890625 0.8625 2754
0.890625 0.8625 2754
0.890625 0.8625 2754
0.890625 0.8625 2754
0.890625 0.8625 2754
0.890625 0.8625 2756
0.890625 0.8625 2762
0.890625 0.8625 2762
0.890625 0.8625 2762
0.890625 0.8625 2762
0.890625 0.8625 2762
0.890625 0.8625 2764
0.890625 0.859375 2764
0.890625 0.859375 2764
0.890625 0.859375 2764
0.890625 0.859375 2764
0.890625 0.859375 2764
0.890625 0.85625 2764
0.890625 0.85625 2764
0.890625 0.85625 2766
0.890625 0.85625 2766
0.890625 0.85625 2768
0.890625 0.85625 2770
0.890625 0.85625 2770
0.890625 0.85625 2770
0.890625 0.85625 2770
0.890625 0.85625 2770
0.890625 0.85625 2770
0.890625 0.85625 2776
0.890625 0.85625 2776
0.890625 0.85625 2776
0.890625 0.85625 2776
0.890625 0.85625 2776
0.890625 0.85625 2776
0.890625 0.85625 2788
0.890625 0.8625 2788
0.890625 0.8625 2788
0.890625 0.8625 2788
0.890625 0.8625 2830
0.890625 0.8625 2830
0.890625 0.8625 2830
0.890625 0.8625 2830
0.890625 0.8625 2830
0.890625 0.8625 2830
0.890625 0.8625 2836
0.890625 0.8625 2836
0.890625 0.8625 2836
0.890625 0.8625 2836
0.890625 0.86875 2848
0.890625 0.86875 2848
0.890625 0.86875 2860
0.890625 0.86875 2860
0.890625 0.86875 2860
0.890625 0.86875 2872
0.890625 0.86875 2872
0.890625 0.86875 2872
0.890625 0.86875 2872
0.8875 0.8625 2892
0.8875 0.8625 2892
0.8875 0.8625 2892
0.8875 0.8625 2892
0.8875 0.8625 2892
0.8875 0.8625 2892
0.8875 0.8625 2912
0.8875 0.8625 2912
0.8875 0.8625 2914
0.8875 0.8625 2916
0.8875 0.86875 2916
0.8875 0.86875 2916
0.8875 0.86875 2922
0.8875 0.86875 2922
0.8875 0.865625 2922
0.8875 0.865625 2924
0.8875 0.865625 2924
0.8875 0.865625 2926
0.8875 0.865625 2926
0.8875 0.86875 2938
0.8875 0.86875 2938
0.8875 0.86875 2938
0.8875 0.86875 2938
0.8875 0.86875 2938
0.8875 0.86875 2938
0.8875 0.86875 2940
0.884375 0.85625 2982
0.884375 0.85625 2982
0.884375 0.85625 2982
0.884375 0.85625 2982
0.884375 0.85625 2982
0.884375 0.85625 2982
0.884375 0.85625 2982
0.884375 0.85625 2982
0.884375 0.85625 2982
0.884375 0.85625 2982
0.884375 0.85625 2982
0.884375 0.85625 2982
0.88125 0.85625 3002
0.88125 0.85625 3002
0.88125 0.85625 3002
0.88125 0.85625 3004
0.88125 0.85625 3004
0.88125 0.85625 3004
0.88125 0.85625 3006
0.88125 0.85625 3006
0.88125 0.85625 3006
0.88125 0.85625 3006
0.88125 0.85625 3006
0.88125 0.85625 3006
0.88125 0.85625 3006
0.88125 0.85625 3006
0.88125 0.85625 3006
0.88125 0.85625 3008
0.88125 0.85625 3010
0.88125 0.85625 3010
0.878125 0.85625 3030
0.878125 0.85625 3030
0.878125 0.85625 3030
0.878125 0.85625 3030
0.878125 0.85625 3030
0.878125 0.85625 3030
0.878125 0.85625 3032
0.878125 0.85625 3032
0.878125 0.85625 3032
0.878125 0.85625 3032
0.878125 0.85625 3032
0.878125 0.85625 3032
0.88125 0.85625 3044
0.88125 0.85625 3044
0.88125 0.8625 3064
0.88125 0.8625 3066
0.88125 0.8625 3066
0.88125 0.8625 3078
0.88125 0.8625 3084
0.88125 0.8625 3084
0.88125 0.8625 3090
0.88125 0.8625 3096
0.878125 0.85625 3102
0.878125 0.85625 3102
0.878125 0.85625 3102
0.878125 0.85625 3104
0.878125 0.85625 3104
0.878125 0.85625 3104
0.878125 0.85625 3110
0.878125 0.85625 3110
0.878125 0.85625 3110
0.878125 0.85625 3112
0.878125 0.85625 3112
0.878125 0.85625 3114
0.878125 0.85625 3114
0.878125 0.85625 3114
0.878125 0.85625 3114
0.878125 0.85625 3116
0.878125 0.85625 3118
0.878125 0.85625 3118
0.878125 0.85625 3118
0.878125 0.85625 3118
0.878125 0.85625 3118
0.878125 0.85625 3118
0.878125 0.85625 3120
0.878125 0.853125 3120
0.878125 0.853125 3120
0.878125 0.853125 3120
0.878125 0.853125 3120
0.878125 0.853125 3120
0.878125 0.853125 3120
0.878125 0.853125 3120
0.878125 0.853125 3120
0.878125 0.853125 3120
0.878125 0.85 3120
0.878125 0.85 3120
0.878125 0.85 3122
0.878125 0.85 3122
0.878125 0.85 3122
0.878125 0.85 3134
0.878125 0.85 3134
0.878125 0.85 3134
0.878125 0.85 3134
0.878125 0.85 3134
0.878125 0.85 3134
0.878125 0.85 3134
0.878125 0.85 3134
0.878125 0.85 3136
0.878125 0.85 3136
0.878125 0.85 3136
0.878125 0.85 3136
0.878125 0.846875 3136
0.878125 0.846875 3136
0.878125 0.846875 3136
0.878125 0.846875 3136
0.878125 0.846875 3136
0.878125 0.846875 3136
0.878125 0.846875 3136
0.878125 0.846875 3136
0.878125 0.846875 3136
0.878125 0.846875 3136
0.878125 0.846875 3136
0.878125 0.84375 3138
0.878125 0.84375 3140
0.878125 0.84375 3140
0.878125 0.84375 3142
0.878125 0.84375 3148
0.878125 0.84375 3154
0.878125 0.84375 3156
0.878125 0.84375 3156
0.878125 0.84375 3156
0.878125 0.84375 3156
0.878125 0.85 3156
0.878125 0.85 3156
0.878125 0.85 3156
0.878125 0.85 3156
0.878125 0.85 3156
0.878125 0.85 3156
0.878125 0.85 3156
0.878125 0.85 3156
0.878125 0.85 3156
0.878125 0.846875 3156
0.878125 0.846875 3156
0.878125 0.846875 3156
0.878125 0.84375 3156
0.878125 0.84375 3156
0.878125 0.84375 3156
0.878125 0.84375 3156
0.878125 0.84375 3156
0.878125 0.84375 3156
0.878125 0.84375 3156
0.878125 0.84375 3156
0.878125 0.84375 3156
0.878125 0.84375 3156
0.878125 0.84375 3156
0.878125 0.84375 3156
0.878125 0.84375 3156
0.878125 0.84375 3162
0.878125 0.84375 3162
0.878125 0.84375 3164
0.878125 0.84375 3164
0.878125 0.84375 3164
0.878125 0.84375 3164
0.878125 0.84375 3164
0.878125 0.84375 3164
0.878125 0.84375 3164
0.878125 0.84375 3164
0.878125 0.84375 3164
0.878125 0.84375 3164
0.878125 0.84375 3164
0.878125 0.84375 3164
0.878125 0.84375 3164
0.878125 0.84375 3164
0.878125 0.84375 3164
0.878125 0.84375 3166
0.878125 0.84375 3166
0.878125 0.84375 3166
0.878125 0.84375 3172
0.878125 0.84375 3172
0.878125 0.84375 3172
0.878125 0.84375 3172
0.878125 0.84375 3172
0.878125 0.84375 3172
0.878125 0.84375 3172
0.878125 0.84375 3172
0.878125 0.84375 3172
0.878125 0.84375 3172
0.878125 0.84375 3172
0.878125 0.84375 3172
0.878125 0.84375 3172
0.878125 0.840625 3174
0.878125 0.840625 3174
0.878125 0.840625 3174
0.878125 0.840625 3176
0.878125 0.840625 3182
0.878125 0.84375 3182
0.878125 0.84375 3182
0.878125 0.84375 3182
0.878125 0.84375 3182
0.878125 0.84375 3184
0.878125 0.84375 3184
0.878125 0.84375 3184
0.878125 0.84375 3184
0.878125 0.84375 3184
0.878125 0.84375 3184
0.878125 0.84375 3184
0.875 0.84375 3204
0.875 0.84375 3204
0.875 0.84375 3206
0.875 0.84375 3206
0.875 0.84375 3206
0.875 0.84375 3208
0.875 0.84375 3208
0.875 0.84375 3208
0.875 0.84375 3208
0.875 0.84375 3208
0.875 0.84375 3208
0.875 0.84375 3220
0.875 0.84375 3220
0.875 0.84375 3262
0.875 0.840625 3262
0.875 0.84375 3268
0.875 0.8375 3268
0.875 0.8375 3268
0.875 0.8375 3268
0.875 0.8375 3268
0.875 0.8375 3270
0.875 0.8375 3270
0.875 0.8375 3270
0.875 0.8375 3270
0.875 0.8375 3270
0.875 0.8375 3270
0.875 0.8375 3270
0.875 0.8375 3270
0.875 0.8375 3270
0.875 0.8375 3270
0.875 0.8375 3276
0.875 0.8375 3276
0.875 0.8375 3276
0.875 0.8375 3276
0.875 0.8375 3278
0.875 0.8375 3278
0.875 0.8375 3278
0.875 0.8375 3278
0.875 0.8375 3278
0.875 0.8375 3278
0.875 0.8375 3278
0.875 0.8375 3280
0.875 0.8375 3280
0.875 0.8375 3280
0.875 0.8375 3282
0.878125 0.84375 3294
0.878125 0.84375 3296
0.878125 0.84375 3296
0.878125 0.84375 3296
0.878125 0.84375 3296
0.878125 0.84375 3296
0.878125 0.84375 3308
0.878125 0.84375 3308
0.878125 0.84375 3308
0.878125 0.84375 3308
0.875 0.8375 3320
0.875 0.8375 3332
0.875 0.8375 3332
0.875 0.8375 3338
0.875 0.8375 3338
0.875 0.8375 3338
0.875 0.8375 3338
0.875 0.8375 3338
0.875 0.8375 3338
0.875 0.8375 3340
0.875 0.8375 3340
0.875 0.8375 3346
0.875 0.8375 3348
0.875 0.8375 3348
0.875 0.8375 3348
0.875 0.8375 3348
0.875 0.8375 3348
0.875 0.8375 3348
0.875 0.8375 3348
0.875 0.8375 3348
0.875 0.8375 3348
0.875 0.8375 3348
0.875 0.8375 3350
0.875 0.8375 3350
0.875 0.8375 3350
0.875 0.8375 3356
0.875 0.8375 3362
0.875 0.8375 3364
0.875 0.8375 3364
0.875 0.8375 3366
0.875 0.8375 3366
0.875 0.8375 3386
0.875 0.8375 3388
0.875 0.8375 3388
0.875 0.8375 3388
0.875 0.83125 3444
0.875 0.83125 3444
0.875 0.83125 3444
0.875 0.83125 3444
0.875 0.83125 3444
0.875 0.83125 3446
0.875 0.83125 3446
0.875 0.83125 3458
0.875 0.83125 3460
0.875 0.83125 3460
0.875 0.83125 3460
0.875 0.83125 3460
0.875 0.83125 3460
0.875 0.83125 3462
0.875 0.83125 3462
0.875 0.83125 3462
0.875 0.83125 3462
0.875 0.83125 3462
0.875 0.83125 3464
0.875 0.83125 3484
0.875 0.83125 3484
0.875 0.83125 3486
0.875 0.83125 3486
0.875 0.83125 3486
0.875 0.83125 3486
0.875 0.83125 3486
0.875 0.83125 3486
0.875 0.83125 3486
0.875 0.83125 3486
0.875 0.83125 3488
0.875 0.83125 3488
0.875 0.83125 3488
0.871875 0.83125 3500
0.871875 0.83125 3500
0.871875 0.83125 3500
0.871875 0.83125 3500
0.871875 0.83125 3500
0.871875 0.83125 3500
0.871875 0.83125 3512
0.871875 0.83125 3512
0.871875 0.83125 3514
0.871875 0.83125 3516
0.871875 0.83125 3516
0.871875 0.83125 3516
0.871875 0.83125 3516
0.871875 0.83125 3528
0.871875 0.8375 3528
0.871875 0.8375 3530
0.871875 0.834375 3532
0.871875 0.834375 3532
0.871875 0.834375 3532
0.871875 0.834375 3532
0.871875 0.8375 3532
0.871875 0.8375 3532
0.871875 0.8375 3532
0.871875 0.8375 3532
0.871875 0.8375 3532
0.871875 0.8375 3532
0.871875 0.8375 3534
0.871875 0.8375 3534
0.871875 0.83125 3536
0.871875 0.83125 3536
0.871875 0.83125 3536
0.871875 0.83125 3536
0.871875 0.83125 3536
0.871875 0.83125 3536
0.871875 0.83125 3536
0.871875 0.83125 3536
0.871875 0.83125 3536
0.871875 0.83125 3542
0.871875 0.83125 3542
0.871875 0.83125 3542
0.871875 0.83125 3548
0.871875 0.83125 3554
0.871875 0.83125 3554
0.871875 0.83125 3554
0.871875 0.83125 3556
0.871875 0.83125 3556
0.871875 0.83125 3558
0.871875 0.83125 3560
0.871875 0.83125 3560
0.871875 0.83125 3560
0.871875 0.83125 3560
0.871875 0.83125 3562
0.871875 0.83125 3562
0.871875 0.83125 3562
0.871875 0.83125 3562
0.871875 0.83125 3562
0.871875 0.83125 3564
0.871875 0.83125 3564
0.871875 0.83125 3566
0.871875 0.8375 3578
0.871875 0.8375 3578
0.871875 0.8375 3578
0.871875 0.8375 3580
0.871875 0.8375 3582
0.871875 0.8375 3582
0.871875 0.8375 3582
0.871875 0.8375 3582
0.875 0.78125 4088
0.875 0.78125 4094
0.875 0.78125 4094
0.875 0.78125 4094
0.875 0.78125 4094
0.875 0.78125 4096
0.875 0.78125 4098
0.875 0.78125 4098
0.875 0.78125 4098
0.875 0.78125 4098
0.875 0.78125 4098
0.875 0.78125 4098
0.875 0.78125 4098
0.875 0.78125 4098
0.875 0.784375 4100
0.875 0.784375 4100
0.875 0.784375 4100
0.875 0.784375 4100
0.875 0.784375 4100
0.875 0.784375 4100
0.875 0.784375 4102
0.875 0.784375 4102
0.875 0.784375 4102
0.875 0.784375 4102
0.875 0.78125 4102
0.875 0.78125 4102
0.875 0.78125 4102
0.875 0.78125 4102
0.875 0.78125 4108
0.875 0.78125 4108
0.875 0.78125 4108
0.875 0.78125 4108
0.875 0.78125 4108
0.875 0.78125 4108
0.875 0.78125 4108
0.875 0.78125 4108
0.875 0.78125 4108
0.875 0.78125 4110
0.875 0.78125 4112
0.875 0.78125 4112
0.875 0.78125 4112
0.875 0.78125 4112
0.875 0.78125 4112
0.875 0.78125 4112
0.875 0.7875 4112
0.875 0.7875 4112
0.875 0.7875 4112
0.875 0.784375 4112
0.875 0.784375 4112
0.875 0.784375 4114
0.875 0.784375 4114
0.875 0.78125 4114
0.875 0.78125 4114
0.875 0.78125 4114
0.875 0.78125 4114
0.875 0.78125 4114
0.875 0.78125 4114
0.875 0.78125 4114
0.875 0.78125 4120
0.875 0.78125 4120
0.875 0.78125 4120
0.875 0.78125 4120
0.875 0.78125 4120
0.875 0.78125 4126
0.875 0.78125 4126
0.875 0.78125 4126
0.875 0.78125 4126
0.875 0.78125 4126
0.875 0.78125 4126
0.875 0.78125 4126
0.875 0.78125 4126
0.875 0.78125 4128
0.875 0.78125 4128
0.875 0.78125 4128
0.875 0.7875 4128
0.875 0.7875 4128
0.875 0.784375 4128
0.875 0.784375 4128
0.875 0.784375 4128
0.875 0.790625 4130
0.875 0.7875 4130
0.875 0.7875 4130
0.875 0.7875 4132
0.875 0.7875 4132
0.875 0.7875 4132
0.875 0.7875 4132
0.875 0.784375 4132
0.875 0.784375 4132
0.875 0.784375 4134
0.875 0.784375 4134
0.875 0.790625 4154
0.875 0.7875 4154
0.875 0.784375 4154
0.875 0.784375 4166
0.875 0.784375 4166
0.875 0.784375 4166
0.875 0.784375 4166
0.875 0.784375 4166
0.875 0.78125 4208
0.875 0.78125 4214
0.875 0.78125 4214
0.875 0.78125 4214
0.875 0.78125 4216
0.875 0.78125 4216
0.875 0.7875 4216
0.875 0.7875 4236
0.875 0.7875 4256
0.875 0.7875 4256
0.875 0.7875 4256
0.871875 0.78125 4286
0.86875 0.771875 4316
0.86875 0.771875 4336
0.86875 0.771875 4336
0.86875 0.771875 4336
0.86875 0.771875 4336
0.86875 0.771875 4338
0.86875 0.771875 4338
0.86875 0.771875 4338
0.86875 0.771875 4338
0.86875 0.771875 4338
0.86875 0.771875 4338
0.86875 0.76875 4338
0.86875 0.76875 4338
0.86875 0.76875 4338
0.86875 0.76875 4338
0.865625 0.7625 4368
0.865625 0.7625 4368
0.865625 0.7625 4368
0.865625 0.7625 4368
0.865625 0.7625 4368
0.865625 0.7625 4368
0.871875 0.7625 4410
0.871875 0.7625 4416
0.871875 0.7625 4416
0.871875 0.7625 4416
0.871875 0.7625 4416
0.871875 0.7625 4428
0.871875 0.7625 4428
0.871875 0.7625 4434
0.871875 0.7625 4434
0.871875 0.7625 4434
0.871875 0.7625 4434
0.8625 0.75625 4490
0.8625 0.75625 4496
0.8625 0.75625 4496
0.8625 0.75625 4496
0.8625 0.75625 4496
0.8625 0.759375 4496
0.8625 0.75625 4496
0.8625 0.7625 4496
0.8625 0.7625 4496
0.8625 0.7625 4496
0.8625 0.7625 4496
0.8625 0.7625 4498
0.8625 0.7625 4498
0.8625 0.7625 4504
0.8625 0.7625 4504
0.8625 0.7625 4504
0.8625 0.7625 4510
0.865625 0.7625 4582
0.865625 0.76875 4594
0.865625 0.76875 4594
0.865625 0.76875 4596
0.865625 0.76875 4616
0.865625 0.76875 4616
0.865625 0.76875 4616
0.865625 0.76875 4628
0.865625 0.76875 4628
0.878125 0.7875 4684
0.878125 0.7875 4684
0.878125 0.7875 4690
0.878125 0.7875 4690
0.878125 0.79375 4690
0.878125 0.790625 4690
0.878125 0.784375 4692
0.875 0.775 4722
0.875 0.775 4722
0.875 0.775 4722
0.875 0.775 4722
0.875 0.78125 4728
0.875 0.78125 4728
0.875 0.775 4728
0.875 0.775 4728
0.875 0.78125 4728
0.875 0.78125 4728
0.875 0.78125 4730
0.875 0.78125 4732
0.875 0.78125 4738
0.875 0.78125 4738
0.875 0.78125 4738
0.875 0.78125 4738
0.875 0.78125 4738
0.875 0.78125 4738
0.875 0.78125 4744
0.875 0.78125 4744
0.875 0.78125 4744
0.875 0.778125 4744
0.875 0.778125 4746
0.875 0.778125 4746
0.875 0.778125 4752
0.875 0.778125 4752
0.875 0.778125 4752
0.875 0.778125 4764
0.875 0.778125 4764
0.875 0.7875 4836
0.875 0.7875 4842
0.875 0.7875 4842
0.875 0.7875 4842
0.875 0.7875 4842
0.86875 0.8 4898
0.86875 0.8 4898
0.86875 0.796875 4900
0.86875 0.796875 4900
0.86875 0.796875 4900
0.86875 0.796875 4900
0.86875 0.796875 4900
0.86875 0.796875 4900
0.86875 0.796875 4900
0.86875 0.79375 4900
0.86875 0.79375 4906
0.86875 0.79375 4906
0.865625 0.79375 4926
0.865625 0.79375 4926
0.865625 0.79375 4926
0.865625 0.8 4926
0.865625 0.8 4926
0.865625 0.8 4926
0.865625 0.8 4932
0.865625 0.8 4932
0.865625 0.8 4932
0.865625 0.8 4938
0.865625 0.8 4938
0.865625 0.79375 4938
0.865625 0.79375 4938
0.865625 0.79375 4938
0.865625 0.79375 4938
0.865625 0.79375 4938
0.865625 0.79375 4938
0.865625 0.79375 4938
0.865625 0.79375 4938
0.865625 0.79375 4944
0.865625 0.79375 4944
0.865625 0.79375 4946
0.865625 0.796875 4946
0.865625 0.796875 4946
0.8625 0.79375 5078
0.8625 0.79375 5078
0.8625 0.79375 5078
0.8625 0.79375 5078
0.8625 0.79375 5078
0.8625 0.79375 5078
0.8625 0.79375 5078
0.8625 0.79375 5080
0.8625 0.7875 5080
0.8625 0.7875 5080
0.8625 0.7875 5080
0.8625 0.79375 5082
0.8625 0.79375 5082
0.8625 0.7875 5082
0.8625 0.79375 5082
0.8625 0.79375 5082
0.8625 0.79375 5082
0.8625 0.79375 5082
0.8625 0.79375 5082
0.8625 0.79375 5094
0.8625 0.79375 5094
0.8625 0.79375 5096
0.8625 0.79375 5096
0.8625 0.79375 5096
0.8625 0.79375 5096
0.8625 0.79375 5096
0.8625 0.79375 5108
0.8625 0.79375 5110
0.8625 0.79375 5122
0.8625 0.79375 5122
0.8625 0.79375 5122
0.8625 0.79375 5122
0.8625 0.79375 5122
0.8625 0.7875 5134
0.8625 0.7875 5134
0.8625 0.7875 5134
0.8625 0.7875 5134
0.8625 0.7875 5134
0.878125 0.8 5176
0.878125 0.8 5176
0.878125 0.79375 5176
0.878125 0.79375 5176
0.878125 0.79375 5176
0.878125 0.79375 5182
0.878125 0.79375 5184
0.878125 0.79375 5184
0.878125 0.79375 5184
0.878125 0.8 5184
0.878125 0.8 5184
0.878125 0.796875 5184
0.878125 0.796875 5184
0.878125 0.79375 5184
0.878125 0.79375 5184
0.878125 0.79375 5184
0.878125 0.79375 5184
0.878125 0.79375 5184
0.878125 0.79375 5184
0.878125 0.79375 5184
0.878125 0.79375 5184
0.878125 0.79375 5184
0.878125 0.79375 5184
0.878125 0.79375 5184
0.878125 0.79375 5184
0.878125 0.79375 5184
0.878125 0.79375 5184
0.878125 0.79375 5184
0.878125 0.79375 5184
0.878125 0.79375 5184
0.878125 0.79375 5184
0.878125 0.79375 5184
0.878125 0.79375 5186
0.878125 0.79375 5188
0.878125 0.79375 5188
0.878125 0.79375 5188
0.878125 0.79375 5188
0.878125 0.79375 5188
0.878125 0.796875 5188
0.878125 0.796875 5188
0.878125 0.796875 5188
0.878125 0.796875 5188
0.878125 0.8 5200
0.878125 0.8 5200
0.878125 0.8 5200
0.878125 0.8 5200
0.88125 0.803125 5220
0.88125 0.803125 5220
0.88125 0.803125 5220
0.88125 0.80625 5222
0.88125 0.80625 5222
0.88125 0.80625 5222
0.88125 0.80625 5228
0.88125 0.80625 5228
0.88125 0.80625 5234
0.88125 0.80625 5234
0.88125 0.80625 5236
0.88125 0.80625 5236
0.88125 0.80625 5236
0.88125 0.80625 5236
0.88125 0.80625 5236
0.88125 0.80625 5238
0.88125 0.80625 5238
0.88125 0.80625 5238
0.88125 0.80625 5238
0.88125 0.80625 5238
0.88125 0.80625 5240
0.88125 0.80625 5242
0.88125 0.80625 5242
0.88125 0.80625 5242
0.88125 0.80625 5242
0.88125 0.80625 5242
0.88125 0.80625 5242
0.88125 0.803125 5244
0.88125 0.803125 5250
0.88125 0.803125 5250
0.88125 0.803125 5252
0.88125 0.803125 5252
0.88125 0.803125 5252
0.88125 0.803125 5252
0.88125 0.803125 5252
0.88125 0.803125 5252
0.88125 0.803125 5252
0.88125 0.803125 5252
0.88125 0.803125 5254
0.88125 0.8 5254
0.88125 0.8 5254
0.88125 0.8 5256
0.88125 0.803125 5258
0.88125 0.803125 5258
0.88125 0.80625 5260
0.88125 0.80625 5260
0.88125 0.80625 5266
0.88125 0.80625 5286
0.88125 0.80625 5286
0.88125 0.80625 5286
0.88125 0.80625 5288
0.88125 0.80625 5294
0.88125 0.80625 5294
0.88125 0.80625 5294
0.88125 0.80625 5296
0.88125 0.80625 5296
0.88125 0.80625 5296
0.88125 0.80625 5296
0.88125 0.80625 5296
0.88125 0.80625 5296
0.88125 0.80625 5296
0.88125 0.80625 5296
0.88125 0.80625 5298
0.88125 0.80625 5310
0.88125 0.80625 5310
0.88125 0.80625 5310
0.88125 0.803125 5312
0.88125 0.803125 5312
0.88125 0.803125 5312
0.88125 0.803125 5314
0.88125 0.803125 5314
0.88125 0.803125 5314
0.88125 0.803125 5314
0.88125 0.803125 5314
0.88125 0.80625 5314
0.88125 0.80625 5316
0.88125 0.80625 5316
0.88125 0.80625 5316
0.88125 0.80625 5316
0.88125 0.80625 5316
0.88125 0.80625 5316
0.88125 0.80625 5316
0.88125 0.80625 5318
0.88125 0.80625 5338
0.878125 0.80625 5350
0.878125 0.80625 5350
0.878125 0.80625 5350
0.878125 0.80625 5350
0.878125 0.80625 5350
0.878125 0.80625 5350
0.878125 0.80625 5350
0.878125 0.80625 5350
0.878125 0.80625 5350
0.878125 0.80625 5352
0.878125 0.80625 5352
0.878125 0.80625 5352
0.878125 0.80625 5352
0.878125 0.803125 5382
0.878125 0.80625 5394
0.878125 0.80625 5396
0.878125 0.80625 5398
0.878125 0.80625 5398
0.878125 0.80625 5398
0.878125 0.80625 5404
0.878125 0.8125 5404
0.878125 0.8125 5404
0.878125 0.8125 5406
0.878125 0.803125 5406
0.878125 0.803125 5406
0.878125 0.803125 5406
0.878125 0.803125 5406
0.878125 0.803125 5406
0.878125 0.803125 5406
0.878125 0.803125 5406
0.878125 0.803125 5406
0.878125 0.803125 5406
0.878125 0.803125 5406
0.878125 0.803125 5406
0.878125 0.803125 5406
0.878125 0.803125 5406
0.878125 0.803125 5406
0.878125 0.803125 5406
0.878125 0.803125 5406
0.878125 0.803125 5406
0.878125 0.8 5408
0.878125 0.8 5410
0.878125 0.8 5410
0.878125 0.8 5410
0.878125 0.8 5410
0.878125 0.8 5410
0.878125 0.8 5410
0.878125 0.8 5410
0.878125 0.8 5412
0.878125 0.8 5412
0.878125 0.8 5412
0.878125 0.8 5412
0.878125 0.8 5412
0.878125 0.8 5412
0.878125 0.8 5412
0.878125 0.8 5412
0.88125 0.79375 5442
0.88125 0.79375 5444
0.88125 0.796875 5444
0.878125 0.796875 5464
0.878125 0.796875 5464
0.878125 0.8 5470
0.878125 0.8 5470
0.878125 0.8 5470
0.878125 0.8 5470
0.878125 0.8 5470
0.878125 0.8 5470
0.878125 0.8 5470
0.878125 0.8 5470
0.878125 0.8 5470
0.878125 0.8 5470
0.878125 0.8 5470
0.878125 0.8 5470
0.878125 0.8 5472
0.878125 0.8 5484
0.878125 0.8 5484
0.875 0.8 5504
0.875 0.8 5504
0.871875 0.8 5560
0.865625 0.80625 5602
0.865625 0.80625 5602
0.865625 0.8 5644
0.865625 0.8 5644
0.8625 0.8 5686
0.8625 0.8 5686
0.8625 0.8 5686
0.8625 0.8 5688
0.8625 0.8 5688
0.8625 0.8 5688
0.8625 0.8 5688
0.8625 0.8 5688
0.8625 0.8 5688
0.8625 0.8 5688
0.8625 0.8 5690
0.8625 0.8 5690
0.8625 0.8 5690
0.8625 0.8 5690
0.8625 0.8 5690
0.8625 0.8 5690
0.8625 0.8 5690
0.8625 0.8 5710
0.8625 0.8 5710
0.8625 0.8 5712
0.8625 0.8 5712
0.8625 0.8 5712
0.8625 0.796875 5714
0.8625 0.796875 5714
0.8625 0.796875 5726
0.8625 0.796875 5726
0.8625 0.796875 5726
0.8625 0.796875 5726
0.8625 0.796875 5728
0.8625 0.796875 5748
0.8625 0.79375 5768
0.8625 0.79375 5768
0.8625 0.79375 5768
0.8625 0.79375 5768
0.8625 0.79375 5768
0.8625 0.79375 5774
0.8625 0.79375 5774
0.8625 0.79375 5774
0.8625 0.79375 5774
0.8625 0.79375 5774
0.859375 0.79375 5776
0.859375 0.79375 5776
0.859375 0.79375 5776
0.859375 0.79375 5782
0.859375 0.79375 5782
0.859375 0.79375 5784
0.859375 0.79375 5784
0.859375 0.79375 5784
0.859375 0.79375 5784
0.859375 0.79375 5784
0.859375 0.79375 5784
0.859375 0.79375 5784
0.859375 0.79375 5784
0.859375 0.79375 5784
0.859375 0.79375 5784
0.859375 0.79375 5786
0.859375 0.79375 5786
0.859375 0.79375 5786
0.859375 0.79375 5786
0.859375 0.79375 5786
0.859375 0.79375 5792
0.859375 0.79375 5792
0.859375 0.79375 5792
0.859375 0.79375 5792
0.859375 0.79375 5792
0.859375 0.796875 5794
0.859375 0.796875 5794
0.859375 0.796875 5794
0.859375 0.796875 5794
0.859375 0.796875 5796
0.859375 0.796875 5798
0.85625 0.796875 5840
0.85625 0.796875 5840
0.85625 0.8 5882
0.85625 0.8 5882
0.85625 0.8 5882
0.85625 0.8 5882
0.85625 0.8 5882
0.853125 0.8 5888
0.853125 0.8 5888
0.853125 0.8 5888
0.853125 0.8 5888
0.853125 0.8 5900
0.853125 0.8 5900
0.853125 0.8 5900
0.853125 0.8 5900
0.853125 0.8 5900
0.853125 0.8 5900
0.853125 0.8 5900
0.853125 0.8 5906
0.853125 0.8 5906
0.853125 0.8 5906
0.853125 0.8 5906
0.853125 0.8 5906
0.853125 0.8 5926
0.853125 0.8 5926
0.853125 0.8 5932
0.853125 0.8 5932
0.853125 0.8 5932
0.853125 0.8 5932
0.853125 0.8 5932
0.853125 0.8 5932
0.853125 0.8 5932
0.853125 0.8 5932
0.853125 0.8 5932
0.853125 0.79375 5944
0.853125 0.79375 5944
0.853125 0.79375 5944
0.853125 0.79375 5946
0.853125 0.79375 5946
0.853125 0.79375 5946
0.853125 0.79375 5946
0.853125 0.79375 5946
0.853125 0.79375 5952
0.853125 0.79375 5954
0.853125 0.79375 5954
0.853125 0.79375 5954
0.853125 0.79375 5956
0.853125 0.79375 5956
0.853125 0.79375 5956
0.853125 0.79375 5956
0.853125 0.79375 5968
0.853125 0.79375 5968
0.853125 0.79375 5968
0.853125 0.79375 5970
0.853125 0.79375 5976
0.853125 0.79375 5976
0.853125 0.79375 5976
0.853125 0.79375 5976
0.85 0.79375 6048
0.85 0.79375 6048
0.85 0.79375 6048
0.853125 0.79375 6120
0.853125 0.79375 6120
0.853125 0.79375 6120
0.853125 0.79375 6132
0.853125 0.79375 6134
0.853125 0.79375 6134
0.853125 0.79375 6136
0.853125 0.79375 6138
0.853125 0.79375 6138
0.853125 0.79375 6138
0.853125 0.79375 6138
0.853125 0.79375 6138
0.853125 0.79375 6138
0.853125 0.79375 6138
0.853125 0.79375 6138
0.853125 0.79375 6138
0.853125 0.79375 6138
0.853125 0.79375 6138
0.853125 0.79375 6138
0.853125 0.79375 6138
0.853125 0.79375 6138
0.853125 0.79375 6138
0.85625 0.79375 6180
0.85 0.79375 6290
0.85 0.75 6752
0.85 0.75625 6752
0.85 0.759375 6752
0.85 0.759375 6754
0.85 0.759375 6754
0.85 0.759375 6754
0.85 0.759375 6754
0.85 0.759375 6756
0.85 0.7625 6756
0.85 0.753125 6768
0.85 0.753125 6770
0.85 0.753125 6770
0.85 0.753125 6772
0.85 0.753125 6772
0.85 0.753125 6772
0.85 0.759375 6792
0.85 0.759375 6792
0.85 0.759375 6792
0.85 0.75625 6804
0.85 0.75625 6804
0.85 0.753125 6810
0.85 0.753125 6812
0.85 0.753125 6814
0.85 0.753125 6814
0.85 0.753125 6814
0.85 0.753125 6820
0.85 0.746875 6832
0.85 0.74375 6832
0.85625 0.74375 6874
0.85625 0.74375 6880
0.85625 0.74375 6880
0.85625 0.746875 6882
0.85625 0.746875 6882
0.85625 0.746875 6882
0.85625 0.746875 6882
0.85625 0.746875 6882
0.85625 0.746875 6882
0.85625 0.74375 6894
0.85625 0.746875 6900
0.85625 0.746875 6900
0.85625 0.75 6900
0.85625 0.75 6900
0.85625 0.75 6900
0.85625 0.75 6900
0.85625 0.75 6900
0.859375 0.746875 6930
0.859375 0.74375 6960
0.859375 0.74375 6972
0.859375 0.746875 6978
0.859375 0.746875 6978
0.859375 0.746875 6978
0.859375 0.746875 6978
0.859375 0.746875 6978
0.859375 0.74375 6978
0.859375 0.74375 6978
0.859375 0.74375 6978
0.859375 0.74375 6978
0.859375 0.74375 6978
0.853125 0.74375 6998
0.853125 0.74375 7004
0.853125 0.74375 7004
0.853125 0.74375 7004
0.853125 0.74375 7010
0.853125 0.74375 7010
0.853125 0.74375 7022
0.853125 0.74375 7034
0.853125 0.74375 7034
0.853125 0.74375 7034
0.853125 0.74375 7034
0.853125 0.74375 7034
0.853125 0.74375 7034
0.853125 0.74375 7034
0.853125 0.74375 7034
0.853125 0.74375 7034
0.853125 0.74375 7034
0.853125 0.74375 7036
0.853125 0.74375 7036
0.853125 0.74375 7036
0.853125 0.74375 7036
0.853125 0.74375 7036
0.853125 0.74375 7036
0.853125 0.74375 7036
0.853125 0.74375 7036
0.853125 0.74375 7036
0.853125 0.74375 7036
0.853125 0.74375 7036
0.853125 0.74375 7036
0.853125 0.74375 7036
0.853125 0.74375 7036
0.853125 0.74375 7036
0.853125 0.74375 7036
0.853125 0.74375 7036
0.853125 0.74375 7036
0.853125 0.74375 7038
0.853125 0.74375 7040
0.853125 0.74375 7040
0.853125 0.74375 7042
0.853125 0.74375 7042
0.853125 0.74375 7042
0.853125 0.74375 7042
0.853125 0.74375 7042
0.853125 0.74375 7042
0.853125 0.74375 7042
0.85 0.74375 7048
0.85 0.74375 7048
0.85 0.74375 7048
0.85 0.74375 7048
0.85 0.74375 7048
0.85 0.74375 7048
0.85 0.74375 7048
0.85 0.74375 7048
0.85 0.74375 7048
0.85 0.74375 7048
0.85 0.74375 7048
0.85 0.74375 7048
0.85 0.74375 7048
0.85 0.74375 7048
0.85 0.74375 7048
0.85 0.74375 7048
0.85 0.74375 7060
0.85 0.74375 7060
0.85 0.74375 7062
0.85 0.74375 7062
0.85 0.74375 7062
0.853125 0.75625 7064
0.853125 0.75625 7064
0.853125 0.75625 7064
0.853125 0.75625 7064
0.853125 0.75625 7066
0.853125 0.75625 7066
0.853125 0.75625 7066
0.853125 0.75625 7066
0.853125 0.75625 7066
0.853125 0.75625 7066
0.853125 0.75625 7066
0.853125 0.75625 7066
0.853125 0.75625 7066
0.853125 0.75625 7066
0.853125 0.75625 7066
0.853125 0.75625 7066
0.853125 0.75625 7078
0.853125 0.75625 7078
0.853125 0.75625 7078
0.853125 0.75625 7084
0.853125 0.75625 7084
0.859375 0.76875 7126
0.859375 0.76875 7126
0.859375 0.76875 7126
0.859375 0.76875 7126
0.859375 0.76875 7126
0.859375 0.76875 7126
0.859375 0.76875 7126
0.859375 0.76875 7126
0.859375 0.76875 7128
0.859375 0.76875 7128
0.859375 0.76875 7128
0.859375 0.76875 7128
0.859375 0.76875 7128
0.859375 0.76875 7128
0.859375 0.76875 7148
0.859375 0.76875 7148
0.859375 0.76875 7148
0.859375 0.76875 7148
0.859375 0.76875 7148
0.859375 0.76875 7148
0.859375 0.76875 7148
0.859375 0.76875 7148
0.859375 0.76875 7150
0.859375 0.76875 7150
0.859375 0.76875 7150
0.859375 0.76875 7152
0.859375 0.76875 7152
0.859375 0.76875 7152
0.859375 0.76875 7152
0.859375 0.76875 7152
0.859375 0.76875 7152
0.859375 0.76875 7152
0.859375 0.76875 7152
0.859375 0.76875 7154
0.859375 0.76875 7154
0.859375 0.76875 7154
0.859375 0.76875 7166
0.859375 0.76875 7172
0.859375 0.76875 7172
0.859375 0.76875 7174
0.8625 0.76875 7230
0.8625 0.76875 7230
0.8625 0.76875 7230
0.8625 0.76875 7230
0.8625 0.76875 7230
0.8625 0.76875 7230
0.8625 0.76875 7230
0.8625 0.76875 7230
0.8625 0.76875 7230
0.8625 0.76875 7232
0.8625 0.76875 7232
0.8625 0.76875 7234
0.8625 0.76875 7234
0.8625 0.76875 7234
0.8625 0.76875 7234
0.8625 0.76875 7234
0.8625 0.76875 7236
0.8625 0.76875 7236
0.8625 0.76875 7236
0.8625 0.76875 7236
0.8625 0.76875 7236
0.8625 0.76875 7236
0.8625 0.76875 7238
0.8625 0.76875 7238
0.8625 0.76875 7238
0.8625 0.76875 7238
0.8625 0.76875 7238
0.8625 0.76875 7238
0.8625 0.76875 7238
0.8625 0.76875 7238
0.8625 0.76875 7238
0.8625 0.76875 7238
0.8625 0.76875 7238
0.8625 0.76875 7238
0.8625 0.76875 7238
0.859375 0.76875 7268
0.859375 0.76875 7270
0.859375 0.76875 7270
0.859375 0.76875 7270
0.859375 0.76875 7270
0.859375 0.76875 7270
0.859375 0.76875 7270
0.859375 0.76875 7282
0.859375 0.76875 7282
0.859375 0.76875 7282
0.859375 0.76875 7282
0.859375 0.76875 7282
0.859375 0.76875 7282
0.859375 0.76875 7282
0.859375 0.76875 7282
0.859375 0.76875 7282
0.85625 0.76875 7312
0.85625 0.76875 7312
0.85625 0.76875 7312
0.85625 0.76875 7312
0.85625 0.76875 7312
0.85625 0.76875 7312
0.85625 0.76875 7312
0.85625 0.76875 7312
0.85625 0.76875 7314
0.85625 0.76875 7314
0.85625 0.76875 7314
0.85625 0.76875 7314
0.85625 0.76875 7314
0.85625 0.76875 7314
0.85625 0.76875 7314
0.85625 0.76875 7314
0.85625 0.76875 7314
0.85625 0.76875 7314
0.85625 0.76875 7316
0.85625 0.76875 7316
0.85625 0.775 7328
0.85625 0.76875 7328
0.85625 0.76875 7330
0.85625 0.76875 7330
0.85625 0.76875 7330
0.85625 0.76875 7336
0.85625 0.76875 7336
0.85625 0.76875 7336
0.85625 0.76875 7336
0.85625 0.76875 7336
0.85625 0.76875 7336
0.85625 0.76875 7336
0.85625 0.76875 7336
0.85625 0.76875 7336
0.85625 0.76875 7338
0.85625 0.76875 7338
0.85625 0.76875 7340
0.85625 0.76875 7340
0.85625 0.775 7370
0.85625 0.775 7370
0.85625 0.775 7370
0.859375 0.78125 7372
0.859375 0.78125 7372
0.859375 0.78125 7374
0.859375 0.78125 7374
0.859375 0.78125 7374
0.85625 0.78125 7404
0.85625 0.78125 7406
0.85625 0.78125 7408
0.85625 0.78125 7480
0.85625 0.78125 7480
0.85625 0.78125 7480
0.85625 0.78125 7500
0.85625 0.78125 7500
0.85625 0.78125 7500
0.85625 0.78125 7500
0.85625 0.78125 7500
0.85625 0.78125 7500
0.859375 0.775 7530
0.859375 0.775 7532
0.859375 0.775 7534
0.859375 0.775 7534
0.859375 0.775 7534
0.859375 0.775 7534
0.859375 0.775 7536
0.859375 0.775 7542
0.859375 0.775 7542
0.859375 0.775 7544
0.859375 0.775 7544
0.859375 0.775 7544
0.85625 0.775 7564
0.85625 0.775 7566
0.85625 0.775 7566
0.85625 0.775 7572
0.85625 0.775 7572
0.85625 0.775 7572
0.85625 0.775 7572
0.85625 0.775 7584
0.85625 0.775 7584
0.85625 0.775 7584
0.85625 0.775 7584
0.85625 0.771875 7590
0.85625 0.771875 7590
0.85625 0.771875 7590
0.85625 0.771875 7590
0.85625 0.771875 7590
0.85625 0.771875 7592
0.85625 0.771875 7592
0.85625 0.771875 7598
0.85625 0.771875 7598
0.85625 0.778125 7604
0.85625 0.771875 7736
0.85625 0.76875 7736
0.85625 0.76875 7738
0.85625 0.76875 7738
0.85625 0.76875 7738
0.85625 0.775 7750
0.85625 0.775 7750
0.85625 0.775 7750
0.85625 0.775 7750
0.85625 0.775 7750
0.85625 0.775 7750
0.85625 0.775 7750
0.85625 0.778125 7756
0.85625 0.778125 7756
0.85625 0.778125 7756
0.85625 0.775 7756
0.85625 0.771875 7758
0.85625 0.771875 7758
0.85625 0.771875 7758
0.85625 0.771875 7758
0.85625 0.771875 7758
0.85625 0.771875 7758
0.85625 0.775 7758
0.85625 0.775 7760
0.85625 0.775 7760
0.85625 0.775 7760
0.85625 0.775 7760
0.85625 0.775 7760
0.85625 0.775 7760
0.85625 0.775 7760
0.85625 0.775 7762
0.85625 0.775 7762
0.85625 0.775 7762
0.85625 0.775 7762
0.85625 0.775 7762
0.85625 0.775 7762
0.85625 0.775 7768
0.85625 0.775 7768
0.85625 0.78125 7768
0.85625 0.78125 7768
0.85625 0.78125 7768
0.85625 0.78125 7768
0.85625 0.775 7768
0.85625 0.775 7768
0.85625 0.775 7768
0.85625 0.78125 7770
0.85625 0.775 7776
0.85625 0.775 7776
0.85625 0.775 7776
0.85625 0.775 7776
0.85625 0.775 7776
0.85625 0.775 7776
0.85625 0.775 7778
0.85625 0.775 7808
0.85625 0.775 7810
0.85625 0.775 7810
0.85625 0.775 7810
0.85625 0.775 7812
0.85625 0.775 7814
0.85625 0.775 7814
0.85625 0.775 7814
0.85625 0.775 7814
0.85625 0.775 7814
0.85625 0.778125 7820
0.85625 0.775 7832
0.85625 0.775 7832
0.85625 0.775 7832
0.85625 0.775 7832
0.85625 0.775 7852
0.85625 0.775 7852
0.85625 0.78125 7852
0.85625 0.78125 7852
0.85625 0.78125 7852
0.85625 0.7875 7852
0.85625 0.7875 7854
0.85625 0.7875 7854
0.85625 0.7875 7856
0.85625 0.7875 7856
0.85625 0.7875 7856
0.85625 0.78125 7856
0.85625 0.78125 7862
0.85625 0.78125 7862
0.85625 0.78125 7862
0.85625 0.78125 7862
0.85625 0.78125 7868
0.85625 0.78125 7868
0.85625 0.78125 7868
0.85625 0.778125 7868
0.85625 0.778125 7868
0.85625 0.78125 7868
0.85625 0.778125 7868
0.85625 0.775 7868
0.85625 0.775 7868
0.85625 0.775 7874
0.85625 0.784375 7876
0.85625 0.784375 7876
0.85625 0.784375 7876
0.85625 0.784375 7876
0.85 0.784375 7918
0.85 0.784375 7918
0.85 0.784375 7918
0.85 0.78125 7918
0.85 0.78125 7918
0.85 0.78125 7918
0.85 0.78125 7918
0.85 0.775 7918
0.85 0.775 7920
0.846875 0.78125 7922
0.846875 0.78125 7942
0.846875 0.78125 7948
0.846875 0.78125 7954
0.846875 0.78125 7954
0.846875 0.78125 7954
0.846875 0.78125 7954
0.846875 0.78125 7954
0.846875 0.78125 7954
0.846875 0.78125 7954
0.846875 0.78125 7954
0.846875 0.78125 7960
0.846875 0.78125 7960
0.846875 0.78125 7960
0.846875 0.78125 7960
0.846875 0.78125 7960
0.846875 0.78125 7980
0.846875 0.78125 7980
0.846875 0.78125 7980
0.846875 0.78125 8010
0.846875 0.78125 8010
0.846875 0.78125 8010
0.846875 0.78125 8010
0.846875 0.78125 8010
0.846875 0.78125 8010
0.846875 0.78125 8010
0.846875 0.78125 8010
0.846875 0.78125 8010
0.846875 0.78125 8010
0.846875 0.78125 8010
0.846875 0.78125 8010
0.846875 0.78125 8010
0.846875 0.78125 8010
0.846875 0.78125 8010
0.846875 0.78125 8010
0.846875 0.78125 8010
0.846875 0.78125 8010
0.846875 0.78125 8012
0.846875 0.78125 8012
0.846875 0.78125 8012
0.846875 0.78125 8012
0.846875 0.78125 8012
0.846875 0.78125 8012
0.846875 0.78125 8012
0.846875 0.78125 8012
0.846875 0.78125 8032
0.846875 0.78125 8032
0.846875 0.78125 8032
0.846875 0.78125 8032
0.846875 0.78125 8038
0.846875 0.78125 8038
0.846875 0.78125 8038
0.846875 0.78125 8040
0.846875 0.78125 8040
0.846875 0.78125 8040
0.846875 0.78125 8040
0.846875 0.78125 8040
0.846875 0.78125 8042
0.846875 0.78125 8042
0.846875 0.78125 8044
0.846875 0.78125 8046
0.846875 0.78125 8046
0.846875 0.78125 8046
0.846875 0.78125 8046
0.846875 0.78125 8046
0.846875 0.778125 8046
0.846875 0.778125 8046
0.846875 0.778125 8052
0.846875 0.778125 8054
0.846875 0.778125 8054
0.846875 0.778125 8054
0.846875 0.778125 8056
0.846875 0.778125 8056
0.846875 0.778125 8056
0.846875 0.778125 8056
0.846875 0.778125 8056
0.846875 0.778125 8062
0.846875 0.775 8062
0.846875 0.775 8062
0.846875 0.78125 8074
0.846875 0.78125 8076
0.846875 0.78125 8076
0.846875 0.78125 8076
0.846875 0.78125 8076
0.846875 0.78125 8076
0.846875 0.78125 8076
0.846875 0.78125 8076
0.846875 0.78125 8076
0.846875 0.778125 8076
0.846875 0.778125 8078
0.84375 0.7875 8150
0.84375 0.7875 8150
0.84375 0.7875 8150
0.84375 0.7875 8150
0.84375 0.7875 8150
0.84375 0.7875 8150
0.84375 0.7875 8150
0.84375 0.7875 8150
0.84375 0.7875 8150
0.84375 0.7875 8152
0.840625 0.7875 8172
0.840625 0.7875 8172
0.840625 0.7875 8172
0.840625 0.7875 8178
0.840625 0.7875 8178
0.840625 0.7875 8190
0.840625 0.7875 8190
0.840625 0.7875 8190
0.840625 0.7875 8190
0.840625 0.7875 8190
0.840625 0.7875 8190
0.840625 0.7875 8190
0.840625 0.7875 8192
0.840625 0.7875 8192
0.840625 0.7875 8194
0.840625 0.7875 8194
0.840625 0.7875 8194
0.840625 0.7875 8194
0.840625 0.7875 8206
0.840625 0.7875 8206
0.840625 0.7875 8206
0.840625 0.7875 8206
0.840625 0.7875 8208
0.840625 0.7875 8208
0.840625 0.7875 8208
0.840625 0.7875 8208
0.840625 0.7875 8228
0.840625 0.7875 8230
0.840625 0.7875 8230
0.840625 0.7875 8236
0.840625 0.7875 8236
0.840625 0.7875 8236
0.840625 0.7875 8236
0.840625 0.7875 8238
0.840625 0.7875 8238
0.840625 0.7875 8244
0.840625 0.7875 8246
0.846875 0.7875 8288
0.846875 0.7875 8288
0.846875 0.7875 8300
0.846875 0.7875 8300
0.846875 0.7875 8300
0.846875 0.7875 8300
0.846875 0.7875 8300
0.846875 0.7875 8300
0.846875 0.7875 8300
0.846875 0.7875 8300
0.846875 0.7875 8302
0.846875 0.7875 8332
0.846875 0.7875 8334
0.846875 0.7875 8334
0.846875 0.7875 8346
0.846875 0.7875 8346
0.846875 0.79375 8348
0.846875 0.79375 8348
0.846875 0.79375 8350
0.846875 0.796875 8356
0.846875 0.796875 8356
0.846875 0.796875 8356
0.846875 0.796875 8356
0.846875 0.796875 8356
0.846875 0.796875 8358
0.846875 0.796875 8358
0.846875 0.796875 8358
0.846875 0.796875 8360
0.846875 0.796875 8360
0.846875 0.796875 8372
0.846875 0.796875 8428
0.846875 0.796875 8428
0.846875 0.796875 8428
0.846875 0.796875 8428
0.846875 0.796875 8428
0.846875 0.796875 8428
0.846875 0.796875 8428
0.846875 0.796875 8434
0.846875 0.796875 8434
0.846875 0.796875 8434
0.846875 0.796875 8454
0.846875 0.796875 8454
0.846875 0.796875 8454
0.846875 0.796875 8454
0.846875 0.79375 8456
0.846875 0.79375 8458
0.846875 0.79375 8458
0.846875 0.79375 8458
0.846875 0.79375 8464
0.846875 0.79375 8464
0.846875 0.79375 8464
0.846875 0.79375 8464
0.846875 0.79375 8464
0.846875 0.79375 8476
0.846875 0.79375 8488
0.846875 0.79375 8488
0.846875 0.8 8544
0.846875 0.8 8544
0.846875 0.79375 8546
0.846875 0.79375 8552
0.846875 0.79375 8552
0.846875 0.79375 8552
0.846875 0.79375 8552
0.846875 0.79375 8552
0.846875 0.79375 8552
0.846875 0.79375 8552
0.846875 0.79375 8558
0.846875 0.79375 8558
0.846875 0.79375 8570
0.846875 0.79375 8570
0.846875 0.79375 8572
0.846875 0.79375 8578
0.846875 0.79375 8580
0.846875 0.79375 8580
0.846875 0.79375 8580
0.846875 0.79375 8580
0.846875 0.79375 8586
0.846875 0.79375 8586
0.846875 0.79375 8586
0.846875 0.79375 8588
0.846875 0.79375 8588
0.846875 0.79375 8588
0.846875 0.79375 8588
0.846875 0.79375 8588
0.846875 0.79375 8594
0.84375 0.79375 8606
0.84375 0.79375 8606
0.84375 0.79375 8606
0.84375 0.79375 8636
0.84375 0.79375 8636
0.84375 0.79375 8636
0.84375 0.79375 8636
0.84375 0.79375 8656
0.84375 0.79375 8656
0.84375 0.79375 8656
0.84375 0.79375 8656
0.84375 0.79375 8656
0.84375 0.79375 8656
0.84375 0.79375 8656
0.84375 0.79375 8656
0.84375 0.79375 8656
0.84375 0.79375 8656
0.84375 0.79375 8656
0.84375 0.79375 8656
0.840625 0.7875 8686
0.840625 0.7875 8686
0.840625 0.7875 8686
0.840625 0.7875 8688
0.840625 0.7875 8688
0.8375 0.7875 8690
0.8375 0.7875 8690
0.8375 0.78125 8746
0.8375 0.78125 8746
0.8375 0.78125 8746
0.8375 0.78125 8746
0.8375 0.78125 8746
0.8375 0.78125 8746
0.8375 0.78125 8746
0.8375 0.78125 8748
0.8375 0.78125 8748
0.8375 0.78125 8748
0.8375 0.78125 8748
0.8375 0.78125 8754
0.8375 0.78125 8754
0.8375 0.78125 8754
0.8375 0.78125 8754
0.8375 0.78125 8754
0.8375 0.78125 8760
0.8375 0.78125 8760
0.8375 0.78125 8760
0.8375 0.78125 8762
0.8375 0.78125 8762
0.8375 0.78125 8762
0.8375 0.78125 8762
0.8375 0.78125 8762
0.8375 0.78125 8762
0.8375 0.78125 8762
0.8375 0.78125 8762
0.8375 0.78125 8762
0.8375 0.78125 8762
0.8375 0.78125 8762
0.8375 0.78125 8762
0.8375 0.78125 8764
0.8375 0.78125 8764
0.8375 0.78125 8764
0.8375 0.78125 8764
0.8375 0.78125 8764
0.8375 0.78125 8770
0.8375 0.78125 8772
0.8375 0.78125 8778
0.8375 0.78125 8778
0.8375 0.78125 8780
0.8375 0.78125 8780
0.8375 0.78125 8780
0.8375 0.78125 8780
0.834375 0.78125 8836
0.834375 0.78125 8836
0.834375 0.775 8968
0.834375 0.775 8968
0.834375 0.775 8970
0.834375 0.775 8970
0.834375 0.775 8970
0.834375 0.775 8970
0.834375 0.775 8970
0.834375 0.775 8972
0.834375 0.775 8972
0.834375 0.775 8972
0.834375 0.775 8972
0.834375 0.778125 8972
0.834375 0.778125 8972
0.834375 0.778125 8972
0.834375 0.778125 8974
0.834375 0.778125 8974
0.834375 0.778125 8974
0.834375 0.778125 8974
0.834375 0.778125 8976
0.834375 0.778125 8976
0.834375 0.778125 8976
0.834375 0.778125 8976
0.834375 0.778125 8976
0.834375 0.778125 8976
0.834375 0.778125 8976
0.834375 0.778125 8976
0.834375 0.778125 8976
0.834375 0.778125 8976
0.834375 0.778125 8978
0.834375 0.778125 8980
0.834375 0.778125 8980
0.834375 0.778125 8980
0.834375 0.778125 8980
0.834375 0.778125 8980
0.834375 0.778125 8980
0.834375 0.778125 8980
0.834375 0.778125 8980
0.834375 0.778125 8980
0.834375 0.778125 8980
0.834375 0.778125 8980
0.834375 0.778125 8980
0.834375 0.778125 8980
0.834375 0.778125 8980
0.834375 0.778125 8982
0.834375 0.778125 8982
0.834375 0.778125 8982
0.834375 0.778125 8982
0.834375 0.778125 8984
0.834375 0.778125 8984
0.834375 0.778125 8996
0.834375 0.778125 8996
0.834375 0.778125 9038
0.834375 0.778125 9038
0.834375 0.778125 9050
0.834375 0.778125 9050
0.834375 0.778125 9056
0.834375 0.778125 9062
0.834375 0.778125 9062
0.834375 0.778125 9062
0.834375 0.778125 9062
0.834375 0.778125 9062
0.834375 0.778125 9062
0.834375 0.778125 9062
0.834375 0.778125 9074
0.834375 0.778125 9074
0.834375 0.778125 9074
0.834375 0.778125 9074
0.834375 0.778125 9074
0.834375 0.778125 9074
0.834375 0.778125 9074
0.834375 0.778125 9074
0.834375 0.778125 9074
0.834375 0.765625 9206
0.834375 0.765625 9206
0.834375 0.7625 9226
0.834375 0.7625 9226
0.834375 0.7625 9228
0.834375 0.76875 9228
0.834375 0.76875 9234
0.834375 0.76875 9234
0.834375 0.76875 9234
0.834375 0.76875 9234
0.834375 0.76875 9234
0.834375 0.76875 9234
0.834375 0.76875 9234
0.834375 0.76875 9234
0.834375 0.7625 9254
0.834375 0.7625 9254
0.834375 0.7625 9254
0.834375 0.7625 9254
0.83125 0.775 9364
0.83125 0.775 9364
0.83125 0.775 9364
0.83125 0.775 9364
0.83125 0.775 9376
0.83125 0.775 9376
0.83125 0.775 9376
0.83125 0.775 9376
0.83125 0.775 9376
0.84375 0.7875 9406
0.84375 0.7875 9406
0.84375 0.7875 9406
0.84375 0.7875 9406
0.84375 0.7875 9406
0.84375 0.7875 9408
0.84375 0.7875 9408
0.84375 0.7875 9410
0.84375 0.7875 9412
0.84375 0.7875 9412
0.84375 0.7875 9412
0.84375 0.7875 9412
0.84375 0.7875 9412
0.84375 0.7875 9414
0.84375 0.7875 9416
0.84375 0.7875 9416
0.84375 0.7875 9416
0.84375 0.7875 9416
0.84375 0.7875 9416
0.84375 0.7875 9416
0.84375 0.7875 9416
0.84375 0.7875 9416
0.84375 0.7875 9422
0.84375 0.7875 9428
0.84375 0.7875 9430
0.84375 0.7875 9432
0.84375 0.7875 9432
0.84375 0.7875 9432
0.84375 0.7875 9432
0.84375 0.7875 9432
0.84375 0.7875 9432
0.84375 0.7875 9432
0.84375 0.7875 9432
0.84375 0.7875 9444
0.84375 0.7875 9446
0.84375 0.7875 9446
0.84375 0.7875 9448
0.84375 0.7875 9448
0.84375 0.7875 9448
0.84375 0.7875 9448
0.84375 0.7875 9460
0.84375 0.7875 9480
0.84375 0.7875 9482
0.84375 0.7875 9482
0.84375 0.7875 9484
0.84375 0.7875 9484
0.84375 0.7875 9484
0.84375 0.7875 9484
0.84375 0.7875 9484
0.84375 0.7875 9484
0.84375 0.7875 9484
0.84375 0.7875 9484
0.84375 0.7875 9484
0.84375 0.7875 9484
0.84375 0.7875 9484
0.84375 0.7875 9484
0.84375 0.7875 9486
0.84375 0.78125 9488
0.84375 0.78125 9488
0.84375 0.78125 9488
0.84375 0.78125 9488
0.84375 0.78125 9488
0.84375 0.78125 9494
0.84375 0.78125 9494
0.840625 0.78125 9524
0.840625 0.78125 9524
0.840625 0.78125 9524
0.840625 0.78125 9524
0.840625 0.78125 9524
0.840625 0.78125 9524
0.840625 0.78125 9524
0.840625 0.78125 9524
0.840625 0.78125 9524
0.840625 0.78125 9524
0.840625 0.78125 9524
0.840625 0.78125 9524
0.840625 0.78125 9524
0.840625 0.78125 9524
0.840625 0.78125 9524
0.840625 0.78125 9524
0.840625 0.7875 9536
0.840625 0.7875 9538
0.840625 0.7875 9538
0.840625 0.7875 9538
0.840625 0.7875 9538
0.840625 0.7875 9538
0.840625 0.7875 9538
0.840625 0.7875 9538
0.840625 0.7875 9538
0.840625 0.7875 9538
0.840625 0.7875 9540
0.840625 0.7875 9540
0.840625 0.7875 9542
0.840625 0.7875 9542
0.840625 0.7875 9544
0.840625 0.7875 9544
0.840625 0.7875 9544
0.840625 0.7875 9544
0.84375 0.7875 9574
0.84375 0.7875 9574
0.84375 0.7875 9576
0.84375 0.7875 9576
0.84375 0.7875 9576
0.84375 0.7875 9578
0.84375 0.7875 9580
0.84375 0.7875 9580
0.84375 0.7875 9582
0.84375 0.7875 9588
0.84375 0.7875 9588
0.84375 0.7875 9600
0.84375 0.7875 9600
0.84375 0.7875 9600
0.84375 0.7875 9600
0.84375 0.7875 9602
0.84375 0.7875 9602
0.84375 0.7875 9602
0.84375 0.7875 9602
0.84375 0.7875 9602
0.84375 0.7875 9604
0.84375 0.7875 9604
0.84375 0.7875 9616
0.84375 0.7875 9616
0.84375 0.7875 9616
0.84375 0.7875 9616
0.84375 0.7875 9616
0.84375 0.7875 9616
0.84375 0.7875 9616
0.84375 0.7875 9616
0.84375 0.7875 9616
0.84375 0.7875 9616
0.84375 0.7875 9616
0.84375 0.7875 9616
0.84375 0.7875 9616
0.84375 0.7875 9616
0.84375 0.7875 9618
0.84375 0.7875 9618
0.84375 0.7875 9618
0.84375 0.7875 9618
0.84375 0.7875 9618
0.84375 0.7875 9618
0.84375 0.7875 9620
0.84375 0.7875 9620
0.84375 0.7875 9620
0.84375 0.7875 9626
0.84375 0.7875 9626
0.84375 0.7875 9626
0.84375 0.7875 9626
0.84375 0.7875 9626
0.84375 0.7875 9626
0.84375 0.7875 9626
0.84375 0.7875 9626
0.84375 0.7875 9626
0.84375 0.7875 9626
0.84375 0.7875 9626
0.84375 0.7875 9632
0.84375 0.7875 9632
0.84375 0.7875 9632
0.84375 0.7875 9634
0.84375 0.7875 9634
0.84375 0.7875 9634
0.84375 0.7875 9646
0.84375 0.7875 9646
0.84375 0.7875 9646
0.84375 0.7875 9648
0.84375 0.7875 9648
0.84375 0.7875 9648
0.84375 0.7875 9648
0.84375 0.7875 9660
0.84375 0.7875 9660
0.84375 0.7875 9660
0.84375 0.7875 9660
0.84375 0.7875 9660
0.84375 0.7875 9660
0.84375 0.7875 9660
0.84375 0.7875 9662
0.84375 0.7875 9662
0.84375 0.7875 9682
0.84375 0.7875 9682
0.84375 0.7875 9688
0.84375 0.7875 9688
0.84375 0.7875 9688
0.84375 0.7875 9708
0.84375 0.7875 9708
0.84375 0.7875 9708
0.84375 0.7875 9708
0.84375 0.79375 9728
0.84375 0.79375 9728
0.84375 0.79375 9728
0.84375 0.79375 9730
0.84375 0.79375 9730
0.84375 0.79375 9730
0.84375 0.79375 9730
0.84375 0.79375 9730
0.84375 0.79375 9732
0.84375 0.79375 9732
0.84375 0.79375 9732
0.84375 0.79375 9734
0.84375 0.79375 9734
0.84375 0.79375 9734
0.84375 0.79375 9734
0.84375 0.79375 9734
0.84375 0.79375 9734
0.84375 0.79375 9734
0.84375 0.7875 9866
0.84375 0.7875 9866
0.84375 0.7875 9866
0.84375 0.7875 9878
0.84375 0.7875 9878
0.84375 0.7875 9878
0.84375 0.7875 9878
0.84375 0.7875 9878
0.84375 0.7875 9878
0.84375 0.7875 9880
0.84375 0.7875 9886
0.84375 0.7875 9886
0.846875 0.7875 9906
0.846875 0.7875 9906
0.846875 0.7875 9906
0.846875 0.7875 9912
0.846875 0.7875 9912
0.846875 0.7875 9912
0.846875 0.7875 9912
0.846875 0.7875 9912
0.846875 0.7875 9918
0.846875 0.7875 9918
0.846875 0.7875 9918
0.846875 0.7875 9920
0.846875 0.7875 9922
0.846875 0.7875 9922
0.846875 0.7875 9978
0.846875 0.7875 9978
0.846875 0.7875 9978
0.846875 0.7875 9978
0.846875 0.7875 9978
0.846875 0.7875 9978
0.846875 0.7875 9978
0.846875 0.7875 9978
0.846875 0.7875 9978
0.846875 0.7875 9978
0.846875 0.7875 9978
0.846875 0.7875 9980
0.846875 0.7875 9982
0.846875 0.7875 9982
0.846875 0.7875 9982
0.846875 0.7875 9982
0.846875 0.7875 9982
0.846875 0.7875 9984
0.846875 0.7875 9984
0.846875 0.7875 9984
0.846875 0.7875 9984
0.846875 0.7875 9984
0.846875 0.7875 9984
0.846875 0.7875 9984
0.846875 0.7875 9984
0.846875 0.7875 9984
0.84375 0.7875 10004
0.84375 0.7875 10006
0.84375 0.7875 10006
0.84375 0.7875 10006
0.84375 0.7875 10006
0.84375 0.7875 10012
0.84375 0.7875 10012
0.84375 0.7875 10024
0.84375 0.7875 10024
0.84375 0.7875 10024
0.84375 0.7875 10024
0.84375 0.7875 10024
0.84375 0.78125 10044
0.84375 0.78125 10044
0.84375 0.78125 10044
0.84375 0.78125 10044
0.84375 0.78125 10044
0.84375 0.78125 10044
0.840625 0.78125 10056
0.840625 0.78125 10056
0.840625 0.78125 10058
0.840625 0.78125 10058
0.840625 0.78125 10064
0.840625 0.78125 10094
0.840625 0.78125 10094
0.840625 0.78125 10094
0.840625 0.78125 10094
0.840625 0.78125 10094
0.840625 0.78125 10094
0.840625 0.78125 10096
0.840625 0.78125 10096
0.840625 0.78125 10096
0.840625 0.78125 10098
0.840625 0.78125 10098
0.840625 0.78125 10100
0.840625 0.78125 10100
0.840625 0.78125 10100
0.840625 0.775 10106
0.840625 0.775 10106
0.840625 0.775 10106
0.84375 0.775 10108
0.84375 0.775 10114
0.84375 0.775 10114
0.84375 0.775 10114
0.84375 0.775 10114
0.84375 0.775 10114
0.84375 0.775 10114
0.84375 0.775 10114
0.84375 0.775 10114
0.84375 0.775 10114
0.84375 0.775 10114
0.84375 0.775 10114
0.84375 0.775 10114
0.84375 0.775 10114
0.84375 0.775 10114
0.84375 0.775 10114
0.84375 0.775 10114
0.84375 0.775 10114
0.84375 0.775 10114
0.84375 0.775 10114
0.84375 0.775 10114
0.84375 0.775 10114
0.84375 0.775 10116
0.84375 0.775 10136
0.84375 0.775 10136
0.84375 0.775 10136
0.84375 0.775 10136
0.84375 0.775 10136
0.84375 0.775 10136
0.84375 0.775 10138
0.84375 0.775 10140
0.84375 0.775 10142
0.84375 0.775 10142
0.84375 0.775 10142
0.84375 0.775 10142
0.84375 0.775 10144
0.84375 0.775 10144
0.84375 0.775 10146
0.84375 0.775 10146
0.84375 0.775 10166
0.84375 0.775 10166
0.84375 0.775 10166
0.84375 0.775 10172
0.84375 0.775 10172
0.84375 0.775 10174
0.84375 0.775 10176
0.84375 0.775 10176
0.84375 0.775 10176
0.84375 0.775 10178
0.84375 0.775 10178
0.84375 0.775 10178
0.84375 0.775 10178
0.84375 0.775 10178
0.84375 0.775 10178
0.84375 0.775 10178
0.84375 0.775 10178
0.84375 0.775 10178
0.84375 0.775 10180
0.84375 0.775 10186
0.84375 0.775 10188
0.84375 0.775 10188
0.84375 0.775 10188
0.84375 0.775 10188
0.84375 0.775 10188
0.84375 0.775 10188
0.84375 0.775 10188
0.84375 0.775 10188
0.84375 0.775 10188
0.84375 0.775 10188
0.84375 0.775 10188
0.84375 0.775 10188
0.84375 0.775 10190
0.84375 0.775 10190
0.84375 0.775 10190
0.84375 0.775 10196
0.84375 0.775 10196
0.84375 0.775 10196
0.84375 0.775 10196
0.84375 0.775 10196
0.84375 0.775 10196
0.84375 0.775 10196
0.84375 0.775 10202
0.84375 0.775 10232
0.84375 0.775 10232
0.84375 0.775 10232
0.84375 0.76875 10234
0.84375 0.76875 10234
0.84375 0.76875 10234
0.84375 0.76875 10236
0.84375 0.76875 10236
0.84375 0.76875 10238
0.84375 0.76875 10238
0.84375 0.76875 10238
0.84375 0.76875 10238
0.84375 0.76875 10240
0.84375 0.76875 10240
0.84375 0.76875 10240
0.84375 0.76875 10240
0.84375 0.76875 10240
0.84375 0.76875 10240
0.84375 0.76875 10240
0.84375 0.76875 10240
0.84375 0.76875 10242
0.84375 0.76875 10242
0.84375 0.76875 10248
0.84375 0.76875 10248
0.84375 0.76875 10248
0.84375 0.775 10304
0.84375 0.775 10304
0.84375 0.775 10304
0.84375 0.775 10304
0.84375 0.775 10304
0.84375 0.775 10304
0.84375 0.775 10304
0.84375 0.775 10304
0.84375 0.775 10310
0.84375 0.775 10310
0.84375 0.775 10310
0.84375 0.775 10310
0.84375 0.775 10310
0.84375 0.775 10310
0.84375 0.775 10310
0.84375 0.775 10310
0.84375 0.775 10310
0.84375 0.775 10312
0.84375 0.775 10314
0.84375 0.775 10316
0.84375 0.78125 10336
0.84375 0.78125 10336
0.84375 0.78125 10336
0.84375 0.78125 10336
0.84375 0.78125 10336
0.84375 0.78125 10336
0.84375 0.78125 10356
0.84375 0.78125 10358
0.84375 0.78125 10358
0.84375 0.78125 10358
0.84375 0.78125 10364
0.84375 0.78125 10364
0.84375 0.78125 10384
0.84375 0.78125 10384
0.84375 0.78125 10384
0.84375 0.78125 10386
0.84375 0.78125 10386
0.84375 0.78125 10386
0.84375 0.78125 10386
0.84375 0.78125 10386
0.846875 0.78125 10406
0.846875 0.78125 10406
0.846875 0.78125 10406
0.846875 0.78125 10408
0.846875 0.78125 10408
0.846875 0.78125 10408
0.846875 0.78125 10408
0.846875 0.78125 10408
0.846875 0.78125 10408
0.846875 0.78125 10408
0.846875 0.78125 10408
0.846875 0.78125 10408
0.846875 0.78125 10420
0.859375 0.7875 10462
0.859375 0.7875 10462
0.859375 0.7875 10462
0.85625 0.7875 10464
0.85625 0.7875 10464
0.85625 0.7875 10464
0.85625 0.7875 10464
0.85625 0.7875 10470
0.85625 0.7875 10490
0.85625 0.7875 10492
0.85625 0.7875 10498
0.85625 0.7875 10498
0.85625 0.7875 10498
0.85625 0.7875 10498
0.85625 0.7875 10498
0.85625 0.7875 10498
0.85625 0.7875 10498
0.85625 0.7875 10498
0.85625 0.7875 10500
0.85625 0.7875 10500
0.85625 0.7875 10500
0.85625 0.7875 10500
0.85625 0.7875 10502
0.85625 0.7875 10502
0.85625 0.7875 10502
0.85625 0.7875 10502
0.85625 0.7875 10502
0.85625 0.7875 10502
0.85625 0.7875 10502
0.85625 0.7875 10502
0.85625 0.7875 10502
0.85625 0.7875 10502
0.85625 0.7875 10502
0.85625 0.7875 10502
0.85625 0.7875 10502
0.85625 0.7875 10504
0.85625 0.7875 10504
0.85625 0.7875 10504
0.85625 0.7875 10506
0.85625 0.7875 10508
0.85625 0.7875 10508
0.85625 0.7875 10510
0.85625 0.7875 10510
0.85625 0.7875 10510
0.85625 0.7875 10510
0.85625 0.7875 10510
0.85625 0.7875 10540
0.85625 0.7875 10540
0.85625 0.7875 10542
0.85625 0.7875 10542
0.85625 0.7875 10544
0.85625 0.7875 10556
0.85625 0.7875 10556
0.85625 0.7875 10562
0.85625 0.7875 10562
0.853125 0.7875 10574
0.853125 0.7875 10576
0.853125 0.7875 10576
0.853125 0.7875 10578
0.853125 0.7875 10584
0.853125 0.7875 10584
0.853125 0.7875 10584
0.853125 0.7875 10584
0.853125 0.7875 10584
0.853125 0.7875 10584
0.853125 0.7875 10584
0.853125 0.7875 10584
0.853125 0.7875 10586
0.853125 0.7875 10606
0.853125 0.7875 10606
0.853125 0.7875 10606
0.853125 0.7875 10608
0.853125 0.7875 10614
0.853125 0.7875 10614
0.853125 0.7875 10614
0.853125 0.7875 10614
0.853125 0.7875 10614
0.853125 0.8 10634
0.853125 0.8 10634
0.853125 0.8 10634
0.853125 0.8 10634
0.853125 0.8 10634
0.853125 0.8 10634
0.853125 0.8 10634
0.853125 0.8 10636
0.853125 0.8 10636
0.853125 0.8 10636
0.853125 0.8 10636
0.853125 0.8 10648
0.853125 0.8 10648
0.853125 0.8 10648
0.853125 0.8 10650
0.853125 0.8 10650
0.853125 0.8 10652
0.853125 0.8 10652
0.853125 0.8 10652
0.853125 0.8 10652
0.853125 0.8 10652
0.853125 0.8 10652
0.853125 0.8 10652
0.85 0.79375 10682
0.85 0.79375 10682
0.85 0.79375 10684
0.85 0.79375 10684
0.85 0.79375 10684
0.85 0.79375 10684
0.85 0.79375 10684
0.85 0.79375 10684
0.85 0.79375 10684
0.85 0.79375 10684
0.85 0.79375 10684
0.85 0.79375 10684
0.85 0.79375 10684
0.85 0.79375 10684
0.85 0.79375 10684
0.85 0.79375 10684
0.85 0.79375 10684
0.85 0.79375 10684
0.85 0.79375 10684
0.85 0.79375 10686
0.85 0.79375 10692
0.85 0.79375 10692
0.85 0.79375 10694
0.85 0.79375 10700
0.85 0.79375 10700
0.85 0.79375 10700
0.85 0.79375 10700
0.85 0.79375 10700
0.85 0.79375 10706
0.85 0.79375 10706
0.85 0.79375 10706
0.85 0.79375 10706
0.85 0.79375 10706
0.85 0.79375 10708
0.85 0.79375 10708
0.85 0.79375 10708
0.85 0.79375 10708
0.85 0.79375 10708
0.85 0.79375 10708
0.85 0.79375 10708
0.85 0.79375 10708
0.85 0.79375 10708
0.85 0.79375 10708
0.85 0.79375 10720
0.85 0.79375 10720
0.85 0.79375 10720
0.85 0.79375 10720
0.85 0.79375 10720
0.85 0.79375 10720
0.85 0.79375 10732
0.85 0.79375 10732
0.85 0.79375 10732
0.85 0.79375 10732
0.85 0.79375 10732
0.85 0.79375 10732
0.85 0.79375 10732
0.85 0.79375 10732
0.85 0.79375 10732
0.85 0.79375 10732
0.85 0.79375 10732
0.85 0.79375 10732
0.85 0.79375 10744
0.85 0.79375 10744
0.85 0.79375 10744
0.85 0.79375 10756
0.85 0.79375 10756
0.85 0.79375 10756
0.85 0.79375 10756
0.85 0.79375 10756
0.85 0.79375 10758
0.85 0.79375 10758
0.85 0.79375 10764
0.85 0.79375 10764
0.85 0.79375 10764
0.85 0.79375 10764
0.85 0.79375 10770
0.85 0.79375 10770
0.85 0.79375 10770
0.85 0.79375 10770
0.85 0.79375 10770
0.85 0.79375 10770
0.85 0.79375 10770
0.85 0.79375 10776
0.85 0.79375 10788
0.85 0.79375 10788
0.85 0.79375 10788
0.85 0.79375 10788
0.85 0.79375 10790
0.85 0.79375 10790
0.85 0.79375 10790
0.85 0.79375 10790
0.85 0.79375 10832
0.85 0.79375 10832
0.85 0.79375 10832
0.85 0.79375 10832
0.85 0.79375 10832
0.85 0.79375 10832
0.85 0.79375 10832
0.85 0.79375 10832
0.85 0.79375 10844
0.85 0.79375 10850
0.85 0.79375 10850
0.85 0.79375 10852
0.85 0.79375 10852
0.853125 0.79375 10882
0.853125 0.79375 10882
0.853125 0.79375 10882
0.853125 0.79375 10882
0.853125 0.79375 10882
0.853125 0.79375 10884
0.853125 0.79375 10884
0.85 0.79375 11040
0.85 0.79375 11040
0.85 0.79375 11042
0.85 0.79375 11044
0.85 0.79375 11044
0.85 0.79375 11044
0.853125 0.79375 11056
0.853125 0.79375 11056
0.853125 0.79375 11058
0.853125 0.79375 11058
0.853125 0.79375 11060
0.853125 0.79375 11060
0.853125 0.79375 11060
0.853125 0.79375 11060
0.853125 0.79375 11060
0.853125 0.79375 11062
0.853125 0.79375 11062
0.853125 0.79375 11062
0.853125 0.79375 11062
0.853125 0.79375 11062
0.853125 0.79375 11068
0.853125 0.79375 11068
0.853125 0.79375 11068
0.853125 0.79375 11068
0.853125 0.79375 11070
0.853125 0.79375 11070
0.853125 0.79375 11070
0.853125 0.79375 11070
0.853125 0.79375 11072
0.853125 0.79375 11072
0.853125 0.79375 11074
0.853125 0.79375 11074
0.853125 0.79375 11086
0.853125 0.79375 11092
0.853125 0.79375 11098
0.853125 0.79375 11098
0.853125 0.79375 11098
0.853125 0.79375 11104
0.853125 0.79375 11104
0.853125 0.79375 11104
0.853125 0.79375 11104
0.853125 0.79375 11104
0.853125 0.79375 11104
0.853125 0.79375 11104
0.85 0.7875 11176
0.85 0.7875 11178
0.85 0.7875 11178
0.85 0.7875 11178
0.85 0.7875 11178
0.85 0.7875 11178
0.85 0.7875 11178
0.85 0.7875 11178
0.85 0.7875 11178
0.85 0.7875 11180
0.85 0.7875 11180
0.85 0.7875 11180
0.85 0.7875 11180
0.85 0.7875 11180
0.85 0.7875 11186
0.85 0.7875 11188
0.85 0.7875 11188
0.85 0.7875 11200
0.85 0.7875 11200
0.85 0.7875 11200
0.85 0.7875 11200
0.85 0.7875 11200
0.85 0.7875 11202
0.85 0.7875 11204
0.85 0.7875 11204
0.85 0.7875 11204
0.85 0.7875 11216
0.85 0.7875 11222
0.85 0.7875 11222
0.85 0.7875 11278
0.85 0.7875 11278
0.85 0.7875 11278
0.85 0.7875 11278
0.85 0.7875 11278
0.85 0.7875 11278
0.85 0.7875 11278
0.85 0.7875 11284
0.85 0.7875 11284
0.85 0.7875 11290
0.85 0.7875 11290
0.85 0.7875 11290
0.85 0.7875 11290
0.85 0.7875 11290
0.85 0.7875 11290
0.85 0.7875 11290
0.85 0.7875 11290
0.85 0.7875 11290
0.85 0.7875 11290
0.85 0.7875 11290
0.85 0.7875 11290
0.85 0.7875 11292
0.85 0.7875 11292
0.85 0.7875 11304
0.85 0.7875 11304
0.85 0.7875 11306
0.85 0.7875 11306
0.85 0.7875 11306
0.85 0.7875 11306
0.85 0.7875 11336
0.85 0.7875 11336
0.85 0.7875 11336
0.85 0.7875 11336
0.85 0.7875 11336
0.85 0.7875 11342
0.85 0.7875 11342
0.85 0.7875 11344
0.85 0.7875 11344
0.85 0.7875 11344
0.85 0.7875 11344
0.85 0.7875 11344
0.85 0.7875 11344
0.85 0.7875 11344
0.85 0.7875 11350
0.85 0.7875 11350
0.85 0.7875 11350
0.85 0.7875 11350
0.85 0.7875 11350
0.85 0.7875 11350
0.85 0.7875 11350
0.85 0.7875 11350
0.85 0.7875 11352
0.85 0.7875 11352
0.85 0.7875 11354
0.85 0.7875 11354
0.85 0.7875 11356
0.85 0.7875 11356
0.85 0.7875 11358
0.85 0.7875 11358
0.85 0.7875 11358
0.85 0.7875 11360
0.85 0.7875 11360
0.85 0.7875 11362
0.85 0.7875 11362
0.85 0.7875 11362
0.85 0.7875 11374
0.85 0.7875 11374
0.85 0.7875 11374
0.85 0.7875 11374
0.85 0.7875 11374
0.85 0.7875 11374
0.85 0.7875 11404
0.85 0.7875 11404
0.85 0.7875 11406
0.85 0.7875 11412
0.85 0.7875 11412
0.85 0.7875 11412
0.85 0.7875 11412
0.85 0.7875 11414
0.85 0.7875 11414
0.85 0.7875 11416
0.85 0.7875 11428
0.85 0.7875 11430
0.85 0.7875 11430
0.85 0.7875 11430
0.85 0.7875 11430
0.85 0.7875 11430
0.85 0.7875 11430
0.85 0.7875 11430
0.85 0.7875 11436
0.85 0.7875 11448
0.85 0.7875 11448
0.85 0.7875 11448
0.85 0.7875 11448
0.85 0.7875 11448
0.85 0.7875 11448
0.853125 0.79375 11468
0.853125 0.79375 11468
0.853125 0.79375 11470
0.853125 0.79375 11470
0.853125 0.79375 11470
0.853125 0.79375 11490
0.853125 0.79375 11490
0.853125 0.79375 11490
0.853125 0.7875 11492
0.853125 0.7875 11492
0.853125 0.7875 11492
0.853125 0.7875 11492
0.853125 0.7875 11492
0.853125 0.7875 11492
0.853125 0.7875 11492
0.853125 0.7875 11492
0.853125 0.7875 11498
0.853125 0.7875 11498
0.853125 0.7875 11498
0.853125 0.7875 11498
0.853125 0.7875 11498
0.853125 0.7875 11498
0.853125 0.7875 11498
0.853125 0.7875 11498
0.853125 0.7875 11498
0.853125 0.7875 11498
0.853125 0.7875 11498
0.853125 0.7875 11500
0.853125 0.7875 11520
0.853125 0.7875 11532
0.853125 0.7875 11532
0.853125 0.7875 11532
0.853125 0.7875 11532
0.853125 0.7875 11532
0.853125 0.7875 11532
0.853125 0.7875 11532
0.853125 0.7875 11534
0.853125 0.7875 11536
0.853125 0.7875 11566
0.853125 0.7875 11566
0.853125 0.7875 11566
0.853125 0.7875 11568
0.853125 0.7875 11568
0.853125 0.7875 11568
0.853125 0.7875 11568
0.853125 0.7875 11568
0.853125 0.7875 11568
0.853125 0.7875 11568
0.853125 0.7875 11568
0.853125 0.7875 11574
0.853125 0.7875 11574
0.853125 0.7875 11574
0.853125 0.7875 11574
0.853125 0.7875 11580
0.853125 0.7875 11586
0.853125 0.7875 11586
0.853125 0.7875 11588
0.853125 0.7875 11588
0.853125 0.7875 11588
0.853125 0.7875 11594
0.853125 0.7875 11594
0.853125 0.7875 11596
0.853125 0.7875 11596
0.853125 0.7875 11598
0.85 0.775 11708
0.85 0.775 11728
0.85 0.775 11728
0.85 0.775 11728
0.85 0.775 11734
0.85 0.775 11734
0.85 0.775 11746
0.85 0.775 11748
0.85 0.775 11748
0.85 0.775 11748
0.85 0.775 11748
0.85 0.775 11748
0.85 0.775 11748
0.85 0.775 11748
0.85 0.775 11748
0.85 0.775 11748
0.85 0.775 11748
0.85 0.775 11748
0.85 0.775 11748
0.85 0.775 11750
0.846875 0.775 11762
0.846875 0.775 11762
0.846875 0.775 11762
0.846875 0.775 11762
0.846875 0.775 11764
0.846875 0.775 11784
0.846875 0.775 11784
0.846875 0.775 11784
0.846875 0.775 11790
0.846875 0.775 11790
0.846875 0.775 11790
0.846875 0.775 11790
0.846875 0.775 11790
0.846875 0.775 11790
0.846875 0.775 11792
0.846875 0.775 11792
0.846875 0.775 11792
0.846875 0.775 11792
0.846875 0.775 11792
0.846875 0.775 11794
0.846875 0.775 11794
0.846875 0.775 11796
0.846875 0.775 11796
0.846875 0.775 11796
0.846875 0.775 11808
0.846875 0.775 11808
0.846875 0.775 11808
0.846875 0.775 11808
0.846875 0.775 11814
0.846875 0.775 11814
0.846875 0.775 11816
0.846875 0.775 11816
0.846875 0.775 11818
0.846875 0.775 11820
0.846875 0.775 11820
0.846875 0.775 11820
0.846875 0.775 11820
0.846875 0.775 11820
0.846875 0.775 11820
0.846875 0.775 11826
0.846875 0.775 11826
0.846875 0.775 11826
0.846875 0.775 11832
0.846875 0.775 11832
0.846875 0.775 11832
0.846875 0.775 11832
0.846875 0.775 11832
0.846875 0.775 11832
0.846875 0.775 11844
0.846875 0.775 11844
0.846875 0.775 11844
0.846875 0.775 11846
0.846875 0.775 11846
0.846875 0.775 11902
0.846875 0.775 11902
0.846875 0.775 11902
0.846875 0.775 11902
0.846875 0.775 11902
0.846875 0.775 11902
0.846875 0.775 11902
0.846875 0.775 11914
0.846875 0.775 11914
0.846875 0.775 11914
0.846875 0.775 11914
0.846875 0.775 11914
0.846875 0.775 11914
0.846875 0.775 11914
0.846875 0.775 11914
0.846875 0.775 11914
0.846875 0.775 11916
0.846875 0.775 11916
0.846875 0.775 11916
0.846875 0.775 11916
0.846875 0.775 11916
0.846875 0.775 11916
0.846875 0.775 11916
0.846875 0.775 11918
0.846875 0.775 11948
0.846875 0.775 11948
0.846875 0.775 11948
0.846875 0.775 11948
0.846875 0.775 11948
0.846875 0.775 11948
0.846875 0.775 11948
0.846875 0.775 11950
0.846875 0.775 11950
0.846875 0.775 11950
0.846875 0.775 11950
0.846875 0.775 11950
0.846875 0.775 11950
0.846875 0.775 11952
0.846875 0.775 11952
0.846875 0.775 11952
0.846875 0.775 11952
0.846875 0.775 11952
0.846875 0.775 11954
0.846875 0.775 11954
0.846875 0.775 11954
0.846875 0.775 11954
0.846875 0.775 11954
0.846875 0.775 11954
0.846875 0.775 11954
0.846875 0.775 11954
0.846875 0.775 11954
0.846875 0.775 11966
0.846875 0.775 11966
0.846875 0.775 11972
0.846875 0.775 11972
0.846875 0.775 11974
0.846875 0.775 11974
0.846875 0.775 11980
0.846875 0.775 12000
0.846875 0.775 12002
0.846875 0.775 12002
0.846875 0.775 12004
0.846875 0.775 12006
0.846875 0.775 12006
0.846875 0.775 12008
0.846875 0.775 12014
0.846875 0.775 12016
0.846875 0.775 12016
0.846875 0.775 12016
0.846875 0.775 12018
0.846875 0.775 12018
0.846875 0.775 12018
0.846875 0.775 12020
0.846875 0.775 12020
0.846875 0.775 12020
0.846875 0.775 12020
0.846875 0.775 12020
0.846875 0.775 12020
0.846875 0.775 12020
0.846875 0.775 12020
0.846875 0.775 12020
0.846875 0.775 12020
0.846875 0.775 12020
0.846875 0.775 12020
0.846875 0.775 12032
0.846875 0.775 12052
0.846875 0.775 12052
0.846875 0.775 12052
0.846875 0.775 12052
0.846875 0.775 12052
0.846875 0.775 12052
0.846875 0.775 12052
0.846875 0.775 12052
0.846875 0.775 12052
0.846875 0.775 12054
0.846875 0.775 12054
0.846875 0.775 12056
0.846875 0.775 12058
0.846875 0.775 12070
0.846875 0.775 12072
0.846875 0.775 12074
0.846875 0.775 12074
0.846875 0.775 12076
0.846875 0.775 12076
0.846875 0.775 12078
0.846875 0.775 12078
0.846875 0.775 12078
0.846875 0.775 12078
0.846875 0.775 12078
0.846875 0.775 12080
0.846875 0.775 12080
0.846875 0.775 12080
0.846875 0.775 12080
0.846875 0.775 12080
0.846875 0.775 12092
0.846875 0.775 12092
0.846875 0.775 12092
0.846875 0.775 12094
0.846875 0.775 12096
0.846875 0.775 12096
0.846875 0.775 12096
0.846875 0.775 12096
0.846875 0.775 12096
0.846875 0.775 12096
0.846875 0.775 12098
0.846875 0.775 12104
0.846875 0.775 12104
0.846875 0.775 12104
0.846875 0.775 12104
0.846875 0.775 12104
0.846875 0.775 12104
0.846875 0.775 12104
0.846875 0.775 12104
0.846875 0.775 12106
0.846875 0.775 12106
0.846875 0.775 12106
0.846875 0.775 12106
0.846875 0.775 12106
0.846875 0.775 12112
0.846875 0.775 12112
0.846875 0.775 12112
0.846875 0.775 12114
0.846875 0.775 12114
0.846875 0.775 12126
0.846875 0.775 12126
0.846875 0.775 12132
0.846875 0.775 12132
0.846875 0.775 12132
0.846875 0.775 12132
0.846875 0.775 12132
0.846875 0.775 12152
0.846875 0.775 12152
0.846875 0.775 12152
0.846875 0.775 12152
0.846875 0.775 12158
0.846875 0.775 12158
0.846875 0.775 12170
0.846875 0.775 12170
0.846875 0.775 12176
0.846875 0.775 12176
0.846875 0.775 12182
0.846875 0.775 12182
0.846875 0.775 12182
0.846875 0.775 12182
0.846875 0.775 12182
0.846875 0.775 12182
0.846875 0.775 12182
0.846875 0.775 12184
0.846875 0.775 12184
0.846875 0.775 12186
0.846875 0.775 12186
0.846875 0.775 12186
0.846875 0.775 12186
0.846875 0.775 12186
0.846875 0.775 12186
0.846875 0.775 12186
0.84375 0.775 12296
0.840625 0.775 12338
0.840625 0.775 12338
0.840625 0.775 12338
0.840625 0.775 12338
0.840625 0.775 12340
0.840625 0.775 12340
0.840625 0.775 12340
0.840625 0.775 12340
0.840625 0.775 12340
0.840625 0.775 12342
0.840625 0.775 12342
0.840625 0.775 12342
0.840625 0.775 12344
0.840625 0.775 12344
0.840625 0.775 12344
0.840625 0.775 12344
0.840625 0.775 12344
0.840625 0.775 12344
0.840625 0.775 12344
0.840625 0.775 12344
0.840625 0.775 12344
0.840625 0.775 12356
0.840625 0.775 12356
0.840625 0.775 12356
0.840625 0.775 12358
0.840625 0.775 12358
0.840625 0.775 12358
0.840625 0.775 12358
0.840625 0.775 12358
0.840625 0.775 12358
0.840625 0.775 12358
0.840625 0.775 12364
0.840625 0.775 12366
0.840625 0.775 12366
0.8375 0.775 12378
0.8375 0.775 12384
0.8375 0.775 12384
0.8375 0.775 12384
0.8375 0.775 12384
0.8375 0.775 12384
0.8375 0.775 12396
0.8375 0.775 12396
0.8375 0.775 12398
0.8375 0.775 12398
0.8375 0.775 12398
0.8375 0.775 12398
0.8375 0.775 12398
0.8375 0.775 12400
0.8375 0.775 12400
0.8375 0.775 12400
0.8375 0.775 12400
0.8375 0.775 12400
0.8375 0.775 12400
0.8375 0.775 12402
0.8375 0.775 12402
0.8375 0.775 12402
0.8375 0.775 12402
0.8375 0.775 12402
0.8375 0.775 12402
0.8375 0.775 12402
0.8375 0.775 12402
0.8375 0.775 12402
0.8375 0.775 12402
0.8375 0.775 12402
0.8375 0.775 12404
0.8375 0.775 12404
0.834375 0.775 12460
0.834375 0.775 12460
0.834375 0.775 12460
0.834375 0.775 12472
0.834375 0.775 12472
0.834375 0.775 12472
0.834375 0.775 12472
0.834375 0.775 12478
0.834375 0.775 12478
0.834375 0.775 12478
0.834375 0.775 12478
0.834375 0.775 12478
0.834375 0.775 12478
0.834375 0.775 12478
0.834375 0.775 12478
0.834375 0.775 12480
0.834375 0.775 12480
0.834375 0.775 12480
0.834375 0.775 12480
0.834375 0.775 12480
0.834375 0.775 12480
0.834375 0.775 12480
0.834375 0.775 12522
0.834375 0.775 12524
0.834375 0.775 12524
0.834375 0.775 12524
0.834375 0.775 12524
0.834375 0.775 12524
0.834375 0.775 12524
0.834375 0.775 12536
0.834375 0.775 12542
0.834375 0.775 12548
0.834375 0.775 12548
0.834375 0.775 12550
0.834375 0.775 12550
0.834375 0.775 12550
0.834375 0.775 12550
0.834375 0.775 12562
0.834375 0.775 12564
0.834375 0.775 12564
0.834375 0.775 12564
0.834375 0.775 12564
0.834375 0.775 12564
0.834375 0.76875 12564
0.834375 0.76875 12564
0.834375 0.76875 12564
0.834375 0.76875 12564
0.834375 0.76875 12564
0.834375 0.76875 12566
0.834375 0.76875 12578
0.834375 0.76875 12578
0.834375 0.76875 12578
0.834375 0.76875 12578
0.834375 0.76875 12578
0.834375 0.76875 12578
0.834375 0.76875 12598
0.834375 0.76875 12610
0.834375 0.76875 12610
0.834375 0.76875 12610
0.834375 0.76875 12616
0.834375 0.76875 12616
0.834375 0.76875 12616
0.834375 0.76875 12616
0.834375 0.76875 12616
0.834375 0.76875 12618
0.834375 0.76875 12620
0.834375 0.76875 12620
0.834375 0.76875 12620
0.834375 0.76875 12620
0.834375 0.76875 12620
0.834375 0.76875 12620
0.834375 0.76875 12620
0.834375 0.76875 12620
0.834375 0.76875 12620
0.834375 0.76875 12622
0.834375 0.76875 12622
0.834375 0.76875 12622
0.834375 0.76875 12622
0.834375 0.76875 12622
0.834375 0.76875 12622
0.834375 0.76875 12622
0.834375 0.76875 12622
0.834375 0.76875 12634
0.834375 0.76875 12634
0.834375 0.76875 12634
0.834375 0.76875 12634
0.834375 0.76875 12634
0.834375 0.76875 12634
0.834375 0.76875 12634
0.834375 0.76875 12634
0.834375 0.76875 12634
0.834375 0.76875 12634
0.834375 0.76875 12634
0.834375 0.76875 12634
0.8375 0.76875 12724
0.8375 0.76875 12724
0.8375 0.76875 12724
0.8375 0.76875 12724
0.8375 0.76875 12724
0.8375 0.76875 12724
0.8375 0.76875 12724
0.8375 0.76875 12724
0.8375 0.76875 12726
0.8375 0.76875 12726
0.8375 0.76875 12726
0.84375 0.775 12728
0.84375 0.775 12728
0.84375 0.775 12728
0.84375 0.775 12748
0.84375 0.775 12760
0.84375 0.775 12762
0.84375 0.775 12762
0.84375 0.775 12764
0.84375 0.775 12766
0.84375 0.775 12766
0.84375 0.775 12766
0.84375 0.775 12766
0.84375 0.775 12766
0.84375 0.775 12778
0.84375 0.775 12778
0.84375 0.775 12778
0.84375 0.775 12778
0.84375 0.775 12784
0.84375 0.775 12784
0.84375 0.775 12784
0.84375 0.775 12784
0.84375 0.775 12784
0.84375 0.775 12784
0.84375 0.775 12784
0.84375 0.775 12784
0.84375 0.78125 12786
0.84375 0.78125 12786
0.84375 0.78125 12786
0.84375 0.78125 12788
0.84375 0.775 12790
0.84375 0.775 12790
0.84375 0.775 12790
0.84375 0.775 12792
0.84375 0.775 12792
0.84375 0.775 12792
0.84375 0.775 12792
0.84375 0.775 12792
0.84375 0.775 12798
0.84375 0.775 12804
0.84375 0.775 12804
0.84375 0.775 12804
0.84375 0.775 12804
0.84375 0.775 12804
0.84375 0.775 12804
0.84375 0.775 12804
0.84375 0.775 12804
0.84375 0.775 12804
0.84375 0.775 12804
0.84375 0.775 12804
0.84375 0.775 12810
0.846875 0.79375 12942
0.846875 0.79375 12942
0.846875 0.79375 12942
0.846875 0.79375 12942
0.846875 0.79375 12942
0.846875 0.79375 12942
0.846875 0.79375 12944
0.846875 0.79375 12944
0.846875 0.79375 12974
0.846875 0.79375 12974
0.846875 0.79375 12974
0.846875 0.79375 12974
0.846875 0.79375 12976
0.846875 0.79375 12976
0.846875 0.79375 12976
0.846875 0.79375 12976
0.846875 0.79375 12976
0.846875 0.79375 12976
0.846875 0.79375 12982
0.846875 0.79375 12984
0.846875 0.79375 12984
0.846875 0.79375 12984
0.846875 0.79375 12984
0.846875 0.79375 12984
0.846875 0.79375 12986
0.846875 0.79375 12986
0.846875 0.79375 12986
0.846875 0.79375 12988
0.846875 0.79375 12988
0.846875 0.79375 12990
0.846875 0.79375 12990
0.846875 0.79375 12990
0.846875 0.79375 12990
0.846875 0.79375 12990
0.846875 0.79375 12990
0.846875 0.79375 12990
0.846875 0.79375 12992
0.846875 0.79375 12992
0.846875 0.790625 12992
0.846875 0.79375 12992
0.846875 0.79375 12992
0.846875 0.79375 12994
0.846875 0.79375 12994
0.846875 0.7875 12994
0.846875 0.7875 12994
0.846875 0.7875 12994
0.846875 0.7875 13000
0.846875 0.7875 13000
0.846875 0.7875 13000
0.846875 0.7875 13000
0.846875 0.7875 13002
0.846875 0.7875 13002
0.846875 0.7875 13002
0.846875 0.7875 13002
0.846875 0.7875 13008
0.846875 0.7875 13010
0.846875 0.7875 13010
0.846875 0.7875 13010
0.846875 0.7875 13010
0.846875 0.7875 13010
0.846875 0.7875 13010
0.846875 0.7875 13010
0.846875 0.7875 13010
0.846875 0.7875 13010
0.846875 0.7875 13010
0.846875 0.7875 13010
0.846875 0.7875 13010
0.846875 0.7875 13016
0.846875 0.7875 13016
0.846875 0.79375 13016
0.846875 0.79375 13018
0.846875 0.79375 13018
0.846875 0.79375 13018
0.846875 0.79375 13018
0.846875 0.79375 13018
0.846875 0.79375 13018
0.846875 0.79375 13018
0.846875 0.79375 13018
0.846875 0.7875 13018
0.846875 0.7875 13018
0.846875 0.7875 13018
0.846875 0.79375 13018
0.846875 0.7875 13018
0.846875 0.7875 13018
0.846875 0.7875 13018
0.846875 0.7875 13018
0.846875 0.7875 13030
0.846875 0.79375 13032
0.846875 0.7875 13032
0.846875 0.7875 13032
0.846875 0.7875 13032
0.846875 0.7875 13032
0.846875 0.7875 13052
0.846875 0.7875 13058
0.846875 0.7875 13058
0.846875 0.7875 13058
0.846875 0.7875 13058
0.846875 0.7875 13064
0.846875 0.7875 13064
0.846875 0.7875 13064
0.846875 0.7875 13070
0.846875 0.7875 13070
0.846875 0.7875 13070
0.846875 0.7875 13070
0.846875 0.7875 13076
0.846875 0.7875 13078
0.846875 0.7875 13090
0.846875 0.7875 13090
0.846875 0.7875 13090
0.846875 0.7875 13090
0.846875 0.7875 13096
0.846875 0.7875 13096
0.846875 0.7875 13108
0.846875 0.7875 13108
0.846875 0.7875 13108
0.846875 0.7875 13108
0.846875 0.7875 13108
0.846875 0.7875 13108
0.846875 0.7875 13108
0.846875 0.7875 13110
0.846875 0.7875 13110
0.846875 0.7875 13110
0.846875 0.7875 13112
0.846875 0.7875 13112
0.846875 0.7875 13114
0.846875 0.7875 13120
0.846875 0.7875 13120
0.846875 0.7875 13126
0.846875 0.79375 13146
0.846875 0.79375 13148
0.846875 0.7875 13148
0.846875 0.7875 13148
0.846875 0.7875 13148
0.846875 0.7875 13148
0.846875 0.7875 13148
0.846875 0.7875 13148
0.846875 0.7875 13154
0.846875 0.7875 13154
0.846875 0.7875 13154
0.846875 0.7875 13184
0.846875 0.7875 13184
0.846875 0.79375 13186
0.846875 0.79375 13186
0.846875 0.79375 13186
0.846875 0.7875 13186
0.846875 0.7875 13186
0.846875 0.7875 13186
0.846875 0.7875 13186
0.846875 0.7875 13186
0.846875 0.7875 13186
0.846875 0.7875 13192
0.846875 0.7875 13192
0.846875 0.7875 13194
0.846875 0.7875 13194
0.846875 0.7875 13194
0.846875 0.7875 13194
0.846875 0.7875 13194
0.846875 0.7875 13194
0.846875 0.7875 13194
0.846875 0.7875 13194
0.846875 0.7875 13194
0.846875 0.7875 13200
0.846875 0.7875 13200
0.846875 0.7875 13200
0.846875 0.7875 13200
0.846875 0.7875 13200
0.846875 0.7875 13200
0.846875 0.7875 13200
0.846875 0.7875 13200
0.846875 0.7875 13200
0.846875 0.7875 13200
0.846875 0.7875 13242
0.846875 0.7875 13242
0.846875 0.7875 13242
0.846875 0.7875 13242
0.846875 0.7875 13242
0.846875 0.7875 13242
0.846875 0.7875 13248
0.846875 0.7875 13248
0.846875 0.7875 13248
0.846875 0.7875 13248
0.846875 0.7875 13254
0.846875 0.7875 13256
0.846875 0.7875 13256
0.846875 0.7875 13256
0.846875 0.7875 13258
0.846875 0.7875 13258
0.846875 0.7875 13260
0.846875 0.7875 13260
0.846875 0.7875 13262
0.846875 0.7875 13292
0.846875 0.7875 13298
0.846875 0.7875 13298
0.846875 0.7875 13298
0.846875 0.7875 13298
0.846875 0.7875 13298
0.84375 0.78125 13328
0.84375 0.78125 13328
0.84375 0.78125 13328
0.84375 0.78125 13328
0.84375 0.78125 13328
0.84375 0.78125 13328
0.84375 0.78125 13328
0.84375 0.78125 13328
0.84375 0.775 13330
0.84375 0.775 13330
0.84375 0.775 13336
0.84375 0.775 13336
0.84375 0.775 13336
0.84375 0.775 13336
0.84375 0.775 13336
0.84375 0.775 13336
0.84375 0.775 13338
0.84375 0.775 13338
0.84375 0.775 13338
0.84375 0.775 13338
0.84375 0.775 13338
0.84375 0.775 13338
0.84375 0.775 13340
0.84375 0.775 13340
0.84375 0.775 13340
0.84375 0.775 13340
0.84375 0.775 13340
0.84375 0.775 13340
0.84375 0.775 13342
0.84375 0.775 13342
0.84375 0.775 13342
0.84375 0.775 13342
0.84375 0.775 13342
0.84375 0.775 13362
0.84375 0.775 13362
0.84375 0.775 13362
0.84375 0.775 13362
0.84375 0.775 13364
0.84375 0.775 13370
0.84375 0.775 13370
0.84375 0.775 13370
0.84375 0.775 13370
0.84375 0.775 13370
0.84375 0.775 13370
0.84375 0.775 13376
0.84375 0.775 13376
0.84375 0.775 13378
0.84375 0.775 13378
0.85 0.775 13390
0.85 0.775 13390
0.85 0.775 13390
0.85 0.775 13390
0.85 0.775 13390
0.85 0.775 13390
0.85 0.775 13390
0.85 0.775 13392
