0.81875 0.80625 596
0.815625 0.815625 602
0.815625 0.815625 602
0.815625 0.815625 602
0.815625 0.815625 608
0.815625 0.8125 608
0.815625 0.80625 608
0.815625 0.80625 608
0.815625 0.803125 608
0.815625 0.796875 608
0.815625 0.796875 608
0.815625 0.796875 608
0.815625 0.796875 608
0.815625 0.796875 608
0.815625 0.79375 610
0.815625 0.79375 612
0.815625 0.79375 612
0.815625 0.796875 612
0.815625 0.796875 612
0.815625 0.803125 612
0.815625 0.803125 612
0.815625 0.8 612
0.815625 0.8 612
0.815625 0.79375 612
0.815625 0.79375 612
0.815625 0.79375 612
0.815625 0.7875 624
0.815625 0.7875 624
0.815625 0.784375 626
0.828125 0.790625 638
0.828125 0.7875 638
0.828125 0.7875 638
0.825 0.784375 650
0.825 0.784375 650
0.825 0.784375 650
0.825 0.784375 650
0.825 0.78125 650
0.825 0.7875 650
0.825 0.7875 652
0.825 0.775 694
0.825 0.775 694
0.825 0.775 694
0.825 0.775 694
0.825 0.775 694
0.825 0.771875 694
0.825 0.771875 700
0.825 0.771875 700
0.825 0.771875 700
0.825 0.771875 700
0.825 0.771875 700
0.825 0.78125 720
0.825 0.78125 722
0.825 0.78125 722
0.825 0.78125 722
0.825 0.78125 722
0.825 0.78125 724
0.825 0.78125 724
0.825 0.778125 726
0.825 0.771875 728
0.825 0.775 740
0.825 0.775 740
0.825 0.775 740
0.825 0.775 740
0.825 0.775 740
0.825 0.778125 740
0.825 0.778125 740
0.825 0.775 740
0.825 0.775 740
0.821875 0.771875 752
0.821875 0.771875 752
0.821875 0.771875 752
0.821875 0.771875 754
0.821875 0.771875 754
0.821875 0.771875 754
0.821875 0.76875 760
0.821875 0.765625 760
0.821875 0.765625 760
0.821875 0.76875 762
0.821875 0.775 762
0.821875 0.775 762
0.821875 0.775 762
0.821875 0.771875 762
0.821875 0.775 762
0.821875 0.771875 762
0.821875 0.771875 764
0.825 0.778125 784
0.825 0.778125 784
0.825 0.778125 784
0.825 0.778125 784
0.825 0.778125 784
0.825 0.778125 786
0.825 0.778125 786
0.825 0.778125 786
0.825 0.778125 786
0.825 0.778125 786
0.825 0.778125 786
0.825 0.778125 786
0.825 0.778125 786
0.825 0.778125 786
0.825 0.778125 788
0.825 0.778125 788
0.825 0.778125 788
0.825 0.778125 788
0.825 0.775 794
0.825 0.771875 796
0.825 0.771875 796
0.825 0.771875 796
0.825 0.771875 802
0.825 0.771875 802
0.825 0.76875 802
0.825 0.76875 802
0.825 0.765625 802
0.825 0.765625 802
0.825 0.765625 802
0.825 0.765625 802
0.825 0.765625 802
0.825 0.771875 802
0.825 0.771875 804
0.825 0.771875 804
0.825 0.771875 804
0.825 0.76875 804
0.825 0.765625 810
0.825 0.765625 812
0.825 0.765625 814
0.825 0.759375 826
0.825 0.759375 826
0.825 0.759375 826
0.825 0.759375 826
0.825 0.75625 826
0.825 0.75625 826
0.825 0.75625 826
0.825 0.7625 826
0.825 0.7625 826
0.825 0.7625 826
0.825 0.7625 826
0.825 0.7625 826
0.825 0.7625 826
0.825 0.7625 826
0.825 0.759375 826
0.825 0.759375 826
0.825 0.759375 826
0.825 0.759375 826
0.825 0.759375 826
0.825 0.759375 826
0.825 0.759375 826
0.821875 0.76875 936
0.821875 0.76875 936
0.821875 0.76875 936
0.821875 0.7625 936
0.821875 0.7625 938
0.821875 0.76875 940
0.821875 0.76875 940
0.821875 0.76875 940
0.821875 0.76875 940
0.821875 0.76875 940
0.821875 0.765625 940
0.821875 0.765625 940
0.821875 0.765625 940
0.821875 0.765625 940
0.821875 0.765625 940
0.821875 0.771875 940
0.821875 0.778125 970
0.821875 0.775 982
0.821875 0.771875 982
0.821875 0.771875 982
0.821875 0.775 982
0.821875 0.775 982
0.821875 0.775 988
0.821875 0.775 988
0.821875 0.775 988
0.821875 0.775 990
0.821875 0.775 990
0.821875 0.775 990
0.821875 0.775 990
0.821875 0.775 990
0.821875 0.775 990
0.81875 0.775 1122
0.81875 0.775 1122
0.81875 0.775 1122
0.81875 0.775 1124
0.81875 0.775 1124
0.81875 0.775 1124
0.81875 0.775 1124
0.81875 0.775 1124
0.81875 0.778125 1124
0.81875 0.775 1126
0.81875 0.775 1126
0.81875 0.775 1132
0.81875 0.775 1144
0.81875 0.775 1144
0.81875 0.778125 1144
0.81875 0.775 1174
0.81875 0.775 1174
0.81875 0.775 1174
0.81875 0.775 1174
0.81875 0.771875 1174
0.81875 0.771875 1174
0.81875 0.771875 1174
0.81875 0.771875 1174
0.815625 0.775 1246
0.815625 0.775 1248
0.81875 0.771875 1254
0.81875 0.778125 1254
0.81875 0.778125 1266
0.81875 0.778125 1266
0.81875 0.778125 1266
0.815625 0.75 1308
0.815625 0.75 1308
0.815625 0.75 1308
0.815625 0.75 1308
0.815625 0.75 1308
0.815625 0.75 1308
0.815625 0.75 1308
0.815625 0.75625 1338
0.815625 0.75625 1338
0.815625 0.75625 1338
0.815625 0.75625 1338
0.8125 0.7625 1350
0.8125 0.7625 1350
0.8125 0.7625 1350
0.8125 0.7625 1352
0.8125 0.7625 1352
0.8125 0.7625 1352
0.8125 0.7625 1352
0.8125 0.7625 1358
0.809375 0.7625 1360
0.809375 0.7625 1360
0.809375 0.7625 1360
0.809375 0.7625 1360
0.809375 0.7625 1360
0.809375 0.7625 1360
0.809375 0.7625 1360
0.809375 0.7625 1360
0.809375 0.7625 1360
0.809375 0.7625 1360
0.809375 0.7625 1360
0.809375 0.7625 1362
0.809375 0.765625 1362
0.809375 0.765625 1362
0.809375 0.765625 1364
0.809375 0.7625 1366
0.809375 0.7625 1366
0.809375 0.7625 1366
0.809375 0.7625 1366
0.809375 0.7625 1366
0.809375 0.7625 1366
0.809375 0.7625 1368
0.809375 0.76875 1368
0.809375 0.76875 1368
0.809375 0.76875 1368
0.809375 0.76875 1368
0.809375 0.76875 1368
0.809375 0.76875 1368
0.809375 0.76875 1368
0.809375 0.76875 1368
0.809375 0.76875 1368
0.809375 0.76875 1368
0.809375 0.76875 1374
0.809375 0.76875 1374
0.809375 0.76875 1374
0.809375 0.76875 1374
0.809375 0.76875 1374
0.809375 0.76875 1376
0.809375 0.76875 1382
0.809375 0.76875 1382
0.809375 0.76875 1382
0.809375 0.76875 1382
0.809375 0.76875 1382
0.809375 0.76875 1382
0.809375 0.76875 1382
0.809375 0.76875 1388
0.809375 0.76875 1388
0.809375 0.76875 1400
0.809375 0.765625 1400
0.809375 0.765625 1402
0.809375 0.765625 1402
0.809375 0.765625 1408
0.809375 0.765625 1410
0.809375 0.765625 1410
0.809375 0.7625 1410
0.809375 0.7625 1410
0.809375 0.7625 1410
0.809375 0.7625 1410
0.809375 0.7625 1410
0.809375 0.7625 1410
0.809375 0.765625 1410
0.8 0.7625 1482
0.8 0.7625 1482
0.8 0.775 1488
0.8 0.775 1488
0.8 0.775 1488
0.8 0.775 1488
0.8 0.775 1500
0.8 0.775 1500
0.8 0.775 1500
0.8 0.775 1500
0.8 0.775 1500
0.8 0.775 1500
0.8 0.771875 1500
0.8 0.771875 1500
0.8 0.771875 1500
0.8 0.775 1512
0.8 0.771875 1512
0.8 0.771875 1512
0.8 0.771875 1512
0.8 0.771875 1512
0.8 0.771875 1512
0.8 0.771875 1512
0.8 0.771875 1512
0.8 0.775 1512
0.8 0.775 1512
0.8 0.778125 1514
0.8 0.778125 1514
0.8 0.778125 1514
0.8 0.778125 1514
0.8 0.778125 1514
0.8 0.778125 1514
0.8 0.778125 1514
0.8 0.778125 1514
0.81875 0.796875 1516
0.81875 0.796875 1516
0.81875 0.796875 1516
0.81875 0.8 1516
0.81875 0.8 1516
0.81875 0.8 1516
0.81875 0.8 1518
0.81875 0.8 1518
0.81875 0.8 1518
0.81875 0.8 1518
0.81875 0.8 1518
0.815625 0.8 1524
0.815625 0.8 1524
0.815625 0.8 1524
0.815625 0.8 1524
0.815625 0.8 1536
0.815625 0.796875 1542
0.815625 0.796875 1542
0.815625 0.796875 1542
0.815625 0.796875 1542
0.815625 0.79375 1544
0.815625 0.790625 1544
0.815625 0.79375 1544
0.815625 0.790625 1544
0.815625 0.790625 1544
0.815625 0.790625 1544
0.815625 0.79375 1544
0.815625 0.79375 1544
0.815625 0.79375 1544
0.815625 0.8 1574
0.815625 0.796875 1580
0.815625 0.8 1582
0.815625 0.8 1582
0.815625 0.8 1602
0.815625 0.8 1602
0.815625 0.8 1602
0.815625 0.8 1602
0.815625 0.8 1622
0.815625 0.8 1622
0.815625 0.8 1628
0.815625 0.8 1628
0.815625 0.8 1628
0.815625 0.8 1628
0.815625 0.8 1628
0.815625 0.8 1628
0.815625 0.8 1628
0.815625 0.8 1630
0.815625 0.8 1632
0.815625 0.8 1632
0.815625 0.8 1632
0.815625 0.8 1634
0.815625 0.8 1634
0.815625 0.8 1690
0.815625 0.8 1690
0.815625 0.8 1690
0.815625 0.8 1692
0.815625 0.8 1692
0.815625 0.8 1692
0.815625 0.8 1694
0.815625 0.8 1694
0.815625 0.8 1694
0.815625 0.8 1696
0.815625 0.8 1696
0.815625 0.8 1708
0.815625 0.8 1708
0.815625 0.8 1708
0.815625 0.8 1708
0.815625 0.8 1708
0.815625 0.8 1708
0.815625 0.8 1708
0.815625 0.8 1728
0.815625 0.8 1730
0.815625 0.8 1730
0.815625 0.8 1730
0.815625 0.8 1730
0.815625 0.8 1732
0.815625 0.796875 1744
0.815625 0.79375 1746
0.815625 0.79375 1766
0.815625 0.79375 1772
0.815625 0.79375 1792
0.815625 0.79375 1792
0.81875 0.79375 1848
0.81875 0.79375 1848
0.81875 0.79375 1850
0.81875 0.79375 1850
0.81875 0.79375 1850
0.81875 0.79375 1850
0.81875 0.79375 1850
0.81875 0.79375 1850
0.81875 0.79375 1852
0.81875 0.79375 1852
0.81875 0.79375 1852
0.81875 0.79375 1852
0.81875 0.79375 1852
0.81875 0.79375 1852
0.815625 0.790625 1882
0.815625 0.790625 1882
0.815625 0.790625 1882
0.815625 0.790625 1888
0.815625 0.790625 1888
0.815625 0.790625 1888
0.815625 0.790625 1890
0.815625 0.790625 1890
0.815625 0.790625 1890
0.815625 0.790625 1890
0.815625 0.790625 1890
0.815625 0.790625 1892
0.815625 0.790625 1892
0.815625 0.79375 1892
0.815625 0.79375 1892
0.815625 0.790625 1898
0.815625 0.790625 1898
0.815625 0.790625 1898
0.815625 0.790625 1898
0.81875 0.790625 1900
0.81875 0.790625 1900
0.81875 0.790625 1900
0.81875 0.790625 1900
0.81875 0.790625 1900
0.81875 0.790625 1902
0.81875 0.790625 1902
0.815625 0.790625 1914
0.815625 0.790625 1914
0.815625 0.790625 1916
0.815625 0.790625 1916
0.815625 0.790625 1916
0.815625 0.790625 1916
0.815625 0.790625 1936
0.815625 0.790625 1938
0.815625 0.790625 1938
0.815625 0.790625 1938
0.815625 0.790625 1940
0.815625 0.790625 1940
0.815625 0.790625 1940
0.815625 0.790625 1940
0.815625 0.790625 1940
0.815625 0.790625 1940
0.815625 0.790625 1942
0.815625 0.790625 1944
0.815625 0.790625 1944
0.815625 0.790625 1944
0.815625 0.790625 1950
0.815625 0.790625 1950
0.815625 0.790625 1950
0.815625 0.790625 1950
0.815625 0.790625 1962
0.815625 0.790625 1962
0.815625 0.790625 1962
0.815625 0.790625 1968
0.815625 0.790625 1968
0.815625 0.790625 1968
0.815625 0.790625 1970
0.815625 0.790625 1972
0.815625 0.790625 1972
0.815625 0.790625 1972
0.815625 0.790625 1972
0.815625 0.790625 1972
0.815625 0.790625 1992
0.815625 0.790625 1992
0.815625 0.790625 1992
0.815625 0.790625 1992
0.815625 0.790625 1994
0.815625 0.790625 1994
0.815625 0.790625 1994
0.815625 0.790625 1994
0.815625 0.790625 1996
0.815625 0.790625 1996
0.815625 0.790625 1996
0.815625 0.790625 1996
0.815625 0.790625 1996
0.815625 0.790625 1996
0.815625 0.790625 1996
0.815625 0.796875 2016
0.815625 0.796875 2016
0.815625 0.796875 2016
0.809375 0.8 2036
0.809375 0.790625 2048
0.8125 0.790625 2068
0.8125 0.790625 2068
0.8125 0.790625 2068
0.8125 0.790625 2068
0.8125 0.790625 2068
0.8125 0.790625 2068
0.8125 0.790625 2070
0.8125 0.790625 2070
0.8125 0.790625 2070
0.8125 0.790625 2070
0.8125 0.790625 2070
0.8125 0.79375 2070
0.8125 0.79375 2070
0.8125 0.79375 2070
0.8125 0.79375 2070
0.821875 0.80625 2082
0.821875 0.80625 2082
0.821875 0.80625 2082
0.81875 0.796875 2192
0.81875 0.796875 2192
0.81875 0.796875 2192
0.81875 0.796875 2194
0.81875 0.796875 2194
0.81875 0.803125 2194
0.81875 0.803125 2194
0.81875 0.803125 2194
0.81875 0.803125 2194
0.81875 0.796875 2196
0.81875 0.796875 2196
0.81875 0.796875 2196
0.81875 0.796875 2196
0.81875 0.796875 2196
0.81875 0.796875 2196
0.81875 0.796875 2196
0.81875 0.796875 2196
0.81875 0.796875 2196
0.81875 0.796875 2198
0.81875 0.796875 2198
0.81875 0.796875 2198
0.81875 0.8 2200
0.81875 0.8 2212
0.81875 0.8 2212
0.81875 0.803125 2224
0.81875 0.803125 2244
0.81875 0.803125 2244
0.81875 0.803125 2244
0.81875 0.803125 2244
0.81875 0.803125 2246
0.81875 0.803125 2246
0.81875 0.803125 2246
0.81875 0.803125 2246
0.81875 0.803125 2246
0.81875 0.803125 2246
0.81875 0.803125 2246
0.81875 0.803125 2248
0.81875 0.803125 2248
0.81875 0.803125 2248
0.81875 0.803125 2248
0.81875 0.803125 2254
0.81875 0.803125 2254
0.81875 0.803125 2266
0.81875 0.803125 2266
0.815625 0.803125 2268
0.815625 0.803125 2268
0.815625 0.803125 2268
0.815625 0.803125 2268
0.815625 0.796875 2268
0.815625 0.796875 2274
0.815625 0.796875 2274
0.815625 0.796875 2274
0.815625 0.796875 2294
0.815625 0.796875 2294
0.815625 0.796875 2294
0.815625 0.796875 2294
0.815625 0.796875 2294
0.815625 0.796875 2296
0.815625 0.796875 2308
0.815625 0.796875 2308
0.815625 0.796875 2314
0.815625 0.796875 2334
0.815625 0.796875 2334
0.815625 0.796875 2334
0.815625 0.796875 2334
0.815625 0.796875 2334
0.815625 0.796875 2334
0.815625 0.8 2334
0.815625 0.8 2334
0.815625 0.8 2334
0.815625 0.8 2334
0.815625 0.8 2334
0.815625 0.8 2334
0.815625 0.803125 2334
0.815625 0.803125 2334
0.815625 0.803125 2334
0.815625 0.8 2340
0.815625 0.803125 2342
0.815625 0.803125 2342
0.815625 0.803125 2342
0.815625 0.803125 2342
0.815625 0.803125 2342
0.815625 0.803125 2342
0.815625 0.803125 2344
0.815625 0.796875 2344
0.815625 0.796875 2344
0.815625 0.796875 2344
0.815625 0.79375 2346
0.815625 0.79375 2346
0.815625 0.79375 2346
0.8125 0.79375 2456
0.8125 0.79375 2456
0.8125 0.79375 2456
0.8125 0.79375 2456
0.8125 0.79375 2456
0.8125 0.79375 2456
0.8125 0.79375 2456
0.8125 0.79375 2456
0.8125 0.79375 2456
0.8125 0.7875 2456
0.8125 0.7875 2456
0.8125 0.7875 2456
0.8125 0.7875 2456
0.8125 0.79375 2456
0.8125 0.796875 2456
0.8125 0.796875 2456
0.8125 0.796875 2462
0.8125 0.8 2462
0.8125 0.8 2462
0.8125 0.8 2468
0.8125 0.8 2470
0.8125 0.8 2470
0.8125 0.8 2472
0.8125 0.8 2472
0.8125 0.8 2472
0.8125 0.8 2472
0.8125 0.80625 2472
0.8125 0.80625 2472
0.8125 0.80625 2472
0.8125 0.80625 2478
0.8125 0.80625 2478
0.8125 0.80625 2478
0.8125 0.80625 2478
0.8125 0.80625 2478
0.8125 0.80625 2480
0.8125 0.80625 2480
0.8125 0.80625 2480
0.8125 0.80625 2480
0.8125 0.80625 2482
0.8125 0.80625 2482
0.8125 0.80625 2488
0.8125 0.80625 2488
0.8125 0.80625 2488
0.8125 0.80625 2488
0.8125 0.80625 2488
0.8125 0.80625 2488
0.8125 0.80625 2488
0.8125 0.80625 2494
0.8125 0.80625 2494
0.8125 0.80625 2494
0.8125 0.80625 2494
0.8125 0.80625 2496
0.8125 0.80625 2498
0.8125 0.80625 2498
0.8125 0.80625 2500
0.8125 0.80625 2500
0.8125 0.80625 2506
0.8125 0.80625 2506
0.8125 0.80625 2506
0.8125 0.80625 2506
0.8125 0.80625 2506
0.8125 0.80625 2506
0.8125 0.80625 2506
0.8125 0.80625 2506
0.8125 0.80625 2506
0.8125 0.80625 2506
0.8125 0.80625 2506
0.8125 0.80625 2508
0.8125 0.80625 2508
0.80625 0.803125 2538
0.80625 0.803125 2538
0.80625 0.803125 2538
0.80625 0.803125 2544
0.80625 0.803125 2544
0.80625 0.803125 2544
0.80625 0.803125 2544
0.80625 0.803125 2544
0.80625 0.803125 2544
0.803125 0.79375 2616
0.803125 0.79375 2616
0.803125 0.79375 2616
0.803125 0.79375 2618
0.803125 0.79375 2618
0.803125 0.79375 2618
0.8 0.790625 2624
0.8 0.790625 2624
0.8 0.790625 2624
0.8 0.790625 2624
0.8 0.790625 2624
0.8 0.790625 2624
0.8 0.790625 2624
0.8 0.7875 2636
0.8 0.7875 2636
0.8 0.7875 2642
0.8 0.7875 2642
0.8 0.784375 2642
0.8 0.784375 2642
0.8 0.784375 2654
0.8 0.784375 2656
0.8 0.784375 2656
0.8 0.7875 2676
0.8 0.7875 2676
0.8 0.7875 2682
0.796875 0.78125 2724
0.796875 0.778125 2724
0.796875 0.778125 2724
0.796875 0.784375 2726
0.796875 0.784375 2726
0.796875 0.784375 2726
0.796875 0.784375 2726
0.796875 0.778125 2726
0.796875 0.778125 2726
0.796875 0.778125 2726
0.796875 0.784375 2728
0.796875 0.784375 2728
0.796875 0.784375 2728
0.796875 0.778125 2728
0.796875 0.778125 2728
0.796875 0.778125 2728
0.796875 0.784375 2728
0.796875 0.784375 2728
0.796875 0.784375 2740
0.796875 0.784375 2740
0.796875 0.784375 2742
0.796875 0.784375 2742
0.796875 0.784375 2742
0.796875 0.784375 2742
0.796875 0.784375 2744
0.796875 0.78125 2744
0.796875 0.78125 2744
0.796875 0.78125 2744
0.796875 0.78125 2750
0.796875 0.775 2792
0.796875 0.775 2792
0.796875 0.775 2792
0.796875 0.778125 2804
0.796875 0.778125 2804
0.796875 0.778125 2816
0.796875 0.778125 2816
0.796875 0.778125 2816
0.796875 0.778125 2818
0.796875 0.775 2818
0.796875 0.775 2818
0.796875 0.775 2818
0.796875 0.775 2818
0.796875 0.775 2818
0.796875 0.775 2818
0.796875 0.775 2818
0.796875 0.775 2818
0.796875 0.775 2818
0.796875 0.775 2818
0.796875 0.78125 2860
0.796875 0.78125 2860
0.796875 0.78125 2860
0.796875 0.78125 2860
0.796875 0.78125 2866
0.796875 0.78125 2866
0.796875 0.78125 2866
0.796875 0.78125 2866
0.796875 0.78125 2868
0.796875 0.78125 2868
0.796875 0.78125 2868
0.796875 0.78125 2868
0.796875 0.775 2870
0.796875 0.775 2870
0.796875 0.775 2870
0.796875 0.775 2870
0.796875 0.775 2870
0.796875 0.775 2870
0.796875 0.775 2870
0.796875 0.775 2870
0.796875 0.775 2870
0.796875 0.775 2870
0.796875 0.775 2872
0.796875 0.775 2892
0.796875 0.775 2898
0.796875 0.775 2898
0.796875 0.775 2898
0.796875 0.775 2904
0.796875 0.775 2904
0.796875 0.775 2904
0.796875 0.775 2904
0.796875 0.775 2904
0.796875 0.775 2904
0.796875 0.775 2904
0.796875 0.775 2904
0.796875 0.775 2904
0.796875 0.775 2904
0.796875 0.775 2904
0.796875 0.775 2904
0.796875 0.775 2904
0.796875 0.775 2904
0.796875 0.778125 2904
0.796875 0.778125 2904
0.796875 0.778125 2904
0.796875 0.778125 2904
0.796875 0.778125 2904
0.796875 0.778125 2906
0.796875 0.78125 2906
0.796875 0.78125 2906
0.796875 0.78125 2906
0.796875 0.775 2908
0.796875 0.775 2908
0.796875 0.778125 2910
0.809375 0.790625 2922
0.8125 0.790625 2934
0.8125 0.790625 2934
0.8125 0.7875 2946
0.8125 0.7875 2948
0.8125 0.7875 2950
0.8125 0.790625 2952
0.8125 0.79375 2954
0.8125 0.78125 2954
0.8125 0.78125 2954
0.8125 0.784375 2954
0.8125 0.7875 2954
0.8125 0.790625 2954
0.8125 0.790625 2954
0.8125 0.790625 2954
0.815625 0.79375 2974
0.815625 0.79375 2974
0.815625 0.8 2974
0.815625 0.8 2974
0.815625 0.796875 2974
0.815625 0.79375 2974
0.809375 0.796875 2994
0.809375 0.79375 2994
0.809375 0.79375 2994
0.809375 0.79375 2994
0.809375 0.79375 3006
0.809375 0.79375 3006
0.809375 0.79375 3012
0.809375 0.79375 3012
0.809375 0.790625 3014
0.809375 0.79375 3020
0.809375 0.790625 3076
0.809375 0.790625 3076
0.809375 0.790625 3078
0.809375 0.79375 3078
0.809375 0.79375 3080
0.809375 0.79375 3080
0.809375 0.79375 3086
0.809375 0.79375 3086
0.809375 0.79375 3086
0.809375 0.79375 3086
0.809375 0.79375 3086
0.809375 0.79375 3086
0.809375 0.79375 3116
0.809375 0.79375 3116
0.809375 0.79375 3116
0.809375 0.79375 3118
0.809375 0.79375 3120
0.809375 0.790625 3120
0.809375 0.790625 3120
0.809375 0.784375 3120
0.809375 0.79375 3120
0.809375 0.79375 3126
0.809375 0.79375 3128
0.809375 0.79375 3128
0.809375 0.79375 3128
0.809375 0.79375 3128
0.809375 0.7875 3128
0.809375 0.7875 3128
0.809375 0.7875 3128
0.803125 0.790625 3148
0.803125 0.790625 3154
0.803125 0.790625 3154
0.803125 0.790625 3154
0.803125 0.790625 3154
0.803125 0.790625 3154
0.803125 0.790625 3154
0.803125 0.790625 3154
0.803125 0.790625 3154
0.803125 0.790625 3154
0.803125 0.790625 3154
0.803125 0.790625 3154
0.803125 0.784375 3154
0.803125 0.784375 3160
0.803125 0.784375 3160
0.803125 0.784375 3162
0.803125 0.784375 3162
0.803125 0.784375 3162
0.803125 0.784375 3162
0.803125 0.784375 3162
0.803125 0.784375 3164
0.803125 0.784375 3164
0.803125 0.784375 3164
0.803125 0.784375 3166
0.803125 0.784375 3166
0.803125 0.784375 3166
0.803125 0.784375 3166
0.803125 0.784375 3166
0.803125 0.784375 3166
0.803125 0.790625 3168
0.803125 0.790625 3168
0.803125 0.790625 3168
0.803125 0.790625 3168
0.803125 0.790625 3168
0.803125 0.790625 3168
0.803125 0.790625 3168
0.803125 0.790625 3168
0.803125 0.790625 3168
0.803125 0.79375 3168
0.803125 0.79375 3168
0.803125 0.79375 3168
0.803125 0.79375 3168
0.803125 0.79375 3168
0.803125 0.79375 3168
0.803125 0.79375 3170
0.803125 0.79375 3170
0.803125 0.79375 3170
0.803125 0.79375 3170
0.803125 0.79375 3176
0.803125 0.79375 3176
0.803125 0.7875 3176
0.803125 0.7875 3176
0.803125 0.784375 3178
0.803125 0.784375 3178
0.803125 0.784375 3180
0.803125 0.784375 3180
0.803125 0.784375 3180
0.803125 0.784375 3180
0.803125 0.784375 3180
0.803125 0.784375 3180
0.803125 0.78125 3182
0.803125 0.78125 3182
0.803125 0.78125 3182
0.803125 0.78125 3182
0.803125 0.78125 3182
0.803125 0.78125 3182
0.803125 0.78125 3182
0.803125 0.78125 3182
0.803125 0.78125 3182
0.803125 0.778125 3184
0.803125 0.778125 3184
0.803125 0.784375 3184
0.803125 0.784375 3184
0.803125 0.784375 3184
0.803125 0.784375 3186
0.803125 0.784375 3186
0.803125 0.784375 3186
0.803125 0.78125 3206
0.803125 0.78125 3206
0.803125 0.78125 3212
0.803125 0.78125 3212
0.803125 0.78125 3212
0.803125 0.78125 3212
0.803125 0.78125 3212
0.803125 0.78125 3212
0.803125 0.78125 3212
0.803125 0.78125 3212
0.803125 0.78125 3212
0.803125 0.78125 3212
0.803125 0.78125 3214
0.803125 0.78125 3214
0.803125 0.78125 3214
0.803125 0.78125 3214
0.803125 0.78125 3214
0.803125 0.78125 3214
0.803125 0.78125 3214
0.803125 0.78125 3214
0.803125 0.78125 3214
0.803125 0.78125 3214
0.803125 0.78125 3214
0.803125 0.78125 3214
0.803125 0.78125 3214
0.803125 0.78125 3214
0.803125 0.78125 3214
0.803125 0.78125 3214
0.803125 0.78125 3214
0.803125 0.78125 3214
0.803125 0.78125 3214
0.803125 0.78125 3214
0.803125 0.78125 3214
0.803125 0.78125 3214
0.803125 0.78125 3214
0.803125 0.78125 3216
0.803125 0.7875 3222
0.803125 0.7875 3224
0.803125 0.7875 3226
0.796875 0.7875 3282
0.796875 0.7875 3282
0.796875 0.7875 3282
0.79375 0.78125 3288
0.79375 0.78125 3294
0.79375 0.78125 3294
0.79375 0.78125 3294
0.79375 0.78125 3294
0.79375 0.78125 3296
0.79375 0.78125 3296
0.79375 0.78125 3302
0.79375 0.78125 3302
0.79375 0.78125 3304
0.79375 0.78125 3304
0.79375 0.78125 3304
0.79375 0.78125 3304
0.79375 0.78125 3304
0.79375 0.78125 3304
0.79375 0.78125 3304
0.79375 0.78125 3306
0.79375 0.78125 3306
0.79375 0.78125 3306
0.79375 0.78125 3306
0.79375 0.78125 3306
0.79375 0.78125 3306
0.79375 0.78125 3306
0.79375 0.78125 3306
0.79375 0.78125 3306
0.79375 0.78125 3306
0.79375 0.78125 3306
0.79375 0.78125 3308
0.79375 0.78125 3308
0.79375 0.78125 3328
0.79375 0.78125 3328
0.79375 0.78125 3328
0.79375 0.78125 3328
0.79375 0.78125 3328
0.79375 0.78125 3328
0.79375 0.78125 3328
0.79375 0.78125 3334
0.790625 0.78125 3390
0.790625 0.78125 3402
0.790625 0.78125 3402
0.790625 0.78125 3404
0.790625 0.78125 3404
0.790625 0.78125 3406
0.790625 0.78125 3412
0.790625 0.78125 3412
0.790625 0.78125 3412
0.790625 0.78125 3412
0.790625 0.78125 3412
0.790625 0.78125 3414
0.790625 0.78125 3414
0.790625 0.78125 3414
0.790625 0.78125 3414
0.790625 0.78125 3414
0.790625 0.78125 3414
0.790625 0.78125 3414
0.790625 0.78125 3414
0.7875 0.775 3486
0.7875 0.775 3486
0.7875 0.775 3486
0.7875 0.775 3486
0.7875 0.775 3486
0.7875 0.775 3486
0.7875 0.775 3486
0.7875 0.775 3486
0.7875 0.775 3486
0.7875 0.775 3486
0.7875 0.775 3488
0.7875 0.775 3488
0.7875 0.775 3488
0.7875 0.775 3488
0.7875 0.775 3488
0.7875 0.775 3488
0.7875 0.775 3488
0.7875 0.775 3488
0.7875 0.775 3488
0.7875 0.775 3490
0.7875 0.775 3490
0.7875 0.775 3490
0.7875 0.775 3502
0.7875 0.775 3502
0.7875 0.775 3502
0.7875 0.775 3502
0.7875 0.775 3502
0.7875 0.775 3502
0.7875 0.775 3522
0.7875 0.775 3522
0.7875 0.775 3522
0.7875 0.775 3522
0.7875 0.775 3522
0.7875 0.775 3522
0.7875 0.775 3522
0.7875 0.775 3522
0.7875 0.775 3522
0.7875 0.775 3542
0.7875 0.775 3542
0.7875 0.775 3542
0.7875 0.775 3562
0.7875 0.775 3562
0.7875 0.775 3562
0.7875 0.775 3562
0.7875 0.775 3562
0.7875 0.775 3562
0.7875 0.775 3562
0.784375 0.76875 3564
0.784375 0.76875 3564
0.784375 0.76875 3564
0.784375 0.765625 3566
0.784375 0.765625 3566
0.784375 0.765625 3568
0.784375 0.765625 3568
0.784375 0.765625 3568
0.784375 0.765625 3568
0.784375 0.765625 3568
0.784375 0.76875 3568
0.784375 0.76875 3568
0.784375 0.76875 3568
0.784375 0.76875 3568
0.784375 0.76875 3568
0.784375 0.76875 3568
0.784375 0.76875 3568
0.784375 0.76875 3568
0.784375 0.76875 3568
0.784375 0.76875 3568
0.784375 0.76875 3568
0.784375 0.76875 3568
0.784375 0.76875 3568
0.784375 0.76875 3568
0.784375 0.76875 3568
0.784375 0.76875 3568
0.784375 0.76875 3568
0.784375 0.76875 3568
0.784375 0.76875 3570
0.784375 0.76875 3570
0.784375 0.76875 3570
0.784375 0.76875 3570
0.784375 0.76875 3572
0.784375 0.76875 3572
0.784375 0.76875 3572
0.784375 0.76875 3572
0.784375 0.76875 3572
0.784375 0.76875 3572
0.784375 0.76875 3572
0.784375 0.76875 3572
0.784375 0.76875 3572
0.784375 0.76875 3572
0.784375 0.76875 3572
0.784375 0.76875 3572
0.784375 0.76875 3572
0.784375 0.76875 3572
0.784375 0.76875 3572
0.784375 0.76875 3572
0.784375 0.76875 3572
0.784375 0.76875 3572
0.784375 0.76875 3584
0.784375 0.76875 3586
0.784375 0.76875 3586
0.784375 0.76875 3586
0.784375 0.76875 3616
0.784375 0.76875 3616
0.784375 0.76875 3616
0.784375 0.76875 3628
0.784375 0.76875 3628
0.784375 0.76875 3628
0.784375 0.76875 3628
0.784375 0.76875 3628
0.784375 0.76875 3628
0.784375 0.76875 3630
0.784375 0.76875 3636
0.784375 0.76875 3636
0.784375 0.76875 3656
0.784375 0.76875 3658
0.784375 0.76875 3664
0.784375 0.76875 3664
0.784375 0.76875 3664
0.784375 0.76875 3664
0.784375 0.76875 3664
0.784375 0.76875 3664
0.784375 0.76875 3664
0.784375 0.76875 3664
0.784375 0.76875 3664
0.784375 0.76875 3664
0.784375 0.76875 3664
0.784375 0.76875 3670
0.784375 0.76875 3670
0.784375 0.76875 3670
0.784375 0.76875 3670
0.784375 0.76875 3670
0.784375 0.76875 3670
0.784375 0.76875 3670
0.784375 0.76875 3672
0.784375 0.76875 3672
0.784375 0.76875 3672
0.784375 0.76875 3672
0.784375 0.76875 3684
0.784375 0.76875 3684
0.784375 0.76875 3684
0.784375 0.76875 3684
0.784375 0.76875 3684
0.784375 0.76875 3684
0.784375 0.76875 3684
0.784375 0.76875 3684
0.784375 0.76875 3684
0.784375 0.76875 3684
0.784375 0.76875 3714
0.784375 0.76875 3714
0.784375 0.76875 3714
0.784375 0.76875 3714
0.784375 0.76875 3714
0.784375 0.76875 3714
0.784375 0.76875 3714
0.784375 0.76875 3734
0.784375 0.76875 3746
0.78125 0.759375 3758
0.78125 0.759375 3758
0.78125 0.759375 3758
0.78125 0.759375 3764
0.78125 0.759375 3776
0.78125 0.759375 3776
0.78125 0.759375 3776
0.78125 0.759375 3776
0.78125 0.759375 3776
0.78125 0.759375 3776
0.78125 0.759375 3782
0.78125 0.759375 3784
0.78125 0.759375 3784
0.78125 0.759375 3784
0.78125 0.759375 3784
0.784375 0.765625 3874
0.784375 0.765625 3874
0.784375 0.765625 3874
0.784375 0.765625 3874
0.784375 0.765625 3876
0.784375 0.765625 3876
0.784375 0.765625 3876
0.784375 0.765625 3878
0.784375 0.765625 3898
0.784375 0.765625 3898
0.784375 0.765625 3898
0.784375 0.765625 3900
0.784375 0.765625 3900
0.784375 0.765625 3900
0.784375 0.765625 3900
0.784375 0.765625 3900
0.784375 0.765625 3900
0.784375 0.765625 3900
0.784375 0.765625 3902
0.784375 0.765625 3914
0.78125 0.765625 3926
0.78125 0.765625 3926
0.78125 0.765625 3928
0.78125 0.765625 3928
0.78125 0.765625 3928
0.78125 0.765625 3928
0.78125 0.765625 3928
0.78125 0.765625 3928
0.78125 0.765625 3934
0.78125 0.765625 3934
0.78125 0.765625 3934
0.78125 0.765625 3936
0.78125 0.765625 3938
0.78125 0.765625 3944
0.78125 0.765625 3950
0.78125 0.765625 3950
0.78125 0.765625 3950
0.78125 0.765625 3950
0.78125 0.765625 3950
0.78125 0.765625 3956
0.78125 0.765625 3958
0.78125 0.765625 3958
0.78125 0.765625 3958
0.78125 0.765625 3958
0.78125 0.765625 3958
0.78125 0.765625 3958
0.78125 0.765625 3958
0.78125 0.765625 3958
0.78125 0.765625 3958
0.78125 0.765625 3960
0.78125 0.765625 3962
0.78125 0.765625 3962
0.78125 0.765625 3962
0.78125 0.765625 3962
0.78125 0.765625 3962
0.78125 0.765625 3962
0.78125 0.765625 3964
0.78125 0.765625 3964
0.78125 0.765625 3966
0.78125 0.765625 3966
0.78125 0.765625 3966
0.78125 0.765625 3968
0.78125 0.765625 3968
0.78125 0.765625 4010
0.78125 0.765625 4010
0.78125 0.765625 4010
0.78125 0.765625 4022
0.784375 0.765625 4042
0.784375 0.765625 4042
0.784375 0.765625 4042
0.784375 0.765625 4044
0.784375 0.765625 4044
0.7875 0.765625 4074
0.7875 0.765625 4074
0.7875 0.765625 4074
0.7875 0.765625 4074
0.7875 0.765625 4076
0.7875 0.765625 4076
0.7875 0.765625 4076
0.7875 0.765625 4078
0.7875 0.765625 4080
0.7875 0.765625 4080
0.7875 0.765625 4080
0.7875 0.765625 4082
0.7875 0.765625 4082
0.7875 0.765625 4082
0.7875 0.765625 4082
0.7875 0.765625 4082
0.7875 0.765625 4082
0.7875 0.765625 4102
0.7875 0.765625 4102
0.7875 0.765625 4102
0.7875 0.765625 4108
0.7875 0.765625 4110
0.7875 0.765625 4110
0.7875 0.765625 4112
0.7875 0.765625 4112
0.7875 0.765625 4112
0.7875 0.765625 4112
0.7875 0.765625 4114
0.7875 0.765625 4114
0.7875 0.765625 4114
0.7875 0.765625 4114
0.7875 0.765625 4114
0.7875 0.765625 4126
0.7875 0.765625 4128
0.7875 0.765625 4140
0.796875 0.771875 4152
0.796875 0.771875 4158
0.796875 0.771875 4160
0.796875 0.771875 4160
0.796875 0.771875 4160
0.796875 0.771875 4162
0.796875 0.771875 4162
0.796875 0.771875 4162
0.796875 0.771875 4162
0.796875 0.771875 4162
0.796875 0.771875 4162
0.796875 0.771875 4162
0.796875 0.771875 4168
0.796875 0.771875 4168
0.796875 0.771875 4168
0.796875 0.771875 4168
0.796875 0.771875 4168
0.796875 0.771875 4168
0.796875 0.771875 4168
0.796875 0.771875 4168
0.796875 0.771875 4168
0.796875 0.771875 4168
0.8 0.771875 4174
0.8 0.771875 4174
0.8 0.771875 4186
0.8 0.771875 4186
0.8 0.778125 4242
0.8 0.778125 4254
0.8 0.778125 4254
0.8 0.778125 4254
0.8 0.778125 4254
0.8 0.778125 4266
0.79375 0.771875 4296
0.79375 0.771875 4302
0.79375 0.771875 4314
0.79375 0.771875 4326
0.79375 0.771875 4328
0.79375 0.771875 4328
0.79375 0.771875 4328
0.79375 0.771875 4328
0.79375 0.771875 4328
0.79375 0.771875 4328
0.79375 0.771875 4328
0.79375 0.771875 4328
0.79375 0.771875 4328
0.79375 0.771875 4328
0.79375 0.771875 4328
0.79375 0.771875 4328
0.79375 0.771875 4328
0.79375 0.771875 4328
0.79375 0.771875 4328
0.79375 0.771875 4328
0.79375 0.771875 4328
0.79375 0.771875 4334
0.79375 0.771875 4334
0.79375 0.771875 4336
0.79375 0.771875 4336
0.79375 0.771875 4336
0.79375 0.771875 4336
0.79375 0.771875 4336
0.79375 0.771875 4366
0.79375 0.771875 4366
0.79375 0.771875 4366
0.79375 0.771875 4372
0.79375 0.771875 4378
0.79375 0.771875 4434
0.79375 0.771875 4440
0.79375 0.771875 4440
0.79375 0.771875 4440
0.79375 0.771875 4440
0.79375 0.771875 4440
0.79375 0.771875 4440
0.79375 0.771875 4440
0.79375 0.771875 4442
0.79375 0.771875 4442
0.79375 0.771875 4442
0.79375 0.771875 4442
0.79375 0.771875 4442
0.79375 0.771875 4442
0.79375 0.771875 4442
0.79375 0.771875 4448
0.79375 0.771875 4448
0.79375 0.771875 4448
0.79375 0.771875 4454
0.79375 0.771875 4454
0.79375 0.771875 4454
0.79375 0.778125 4466
0.79375 0.778125 4466
0.79375 0.778125 4466
0.79375 0.778125 4466
0.79375 0.778125 4466
0.79375 0.778125 4466
0.79375 0.778125 4466
0.79375 0.778125 4466
0.79375 0.778125 4468
0.79375 0.778125 4470
0.79375 0.778125 4472
0.79375 0.778125 4472
0.79375 0.778125 4474
0.79375 0.778125 4474
0.79375 0.778125 4474
0.79375 0.778125 4474
0.79375 0.778125 4474
0.79375 0.778125 4480
0.79375 0.778125 4480
0.79375 0.778125 4480
0.79375 0.778125 4480
0.79375 0.778125 4480
0.79375 0.778125 4486
0.79375 0.778125 4498
0.79375 0.778125 4498
0.79375 0.778125 4498
0.79375 0.778125 4500
0.79375 0.778125 4500
0.79375 0.778125 4500
0.79375 0.778125 4500
0.79375 0.778125 4500
0.79375 0.778125 4500
0.79375 0.778125 4500
0.79375 0.778125 4500
0.79375 0.778125 4502
0.79375 0.778125 4502
0.79375 0.778125 4502
0.79375 0.778125 4504
0.79375 0.778125 4504
0.79375 0.778125 4504
0.79375 0.778125 4504
0.79375 0.778125 4504
0.796875 0.784375 4594
0.796875 0.784375 4596
0.796875 0.784375 4596
0.796875 0.784375 4596
0.796875 0.784375 4596
0.796875 0.784375 4602
0.796875 0.784375 4602
0.796875 0.784375 4602
0.796875 0.784375 4602
0.796875 0.784375 4602
0.796875 0.784375 4602
0.796875 0.784375 4602
0.796875 0.784375 4602
0.796875 0.784375 4604
0.796875 0.784375 4604
0.796875 0.784375 4604
0.796875 0.784375 4604
0.796875 0.784375 4606
0.796875 0.784375 4606
0.796875 0.784375 4606
0.796875 0.784375 4606
0.796875 0.784375 4606
0.796875 0.784375 4606
0.796875 0.784375 4606
0.796875 0.784375 4606
0.796875 0.784375 4608
0.796875 0.784375 4608
0.796875 0.784375 4608
0.796875 0.784375 4608
0.796875 0.784375 4608
0.796875 0.784375 4608
0.796875 0.784375 4608
0.796875 0.784375 4608
0.796875 0.784375 4608
0.796875 0.784375 4610
0.796875 0.784375 4612
0.796875 0.784375 4618
0.796875 0.784375 4618
0.796875 0.784375 4618
0.796875 0.784375 4618
0.796875 0.784375 4618
0.796875 0.784375 4618
0.796875 0.784375 4618
0.796875 0.784375 4624
0.796875 0.784375 4624
0.796875 0.784375 4624
0.796875 0.784375 4636
0.796875 0.784375 4636
0.796875 0.784375 4636
0.796875 0.784375 4636
0.796875 0.784375 4642
0.796875 0.784375 4644
0.796875 0.784375 4644
0.796875 0.784375 4644
0.796875 0.784375 4644
0.796875 0.784375 4644
0.796875 0.784375 4644
0.796875 0.784375 4644
0.796875 0.784375 4646
0.796875 0.784375 4646
0.79375 0.778125 4666
0.79375 0.778125 4672
0.79375 0.778125 4672
0.79375 0.778125 4674
0.79375 0.778125 4674
0.78125 0.759375 5180
0.78125 0.759375 5180
0.78125 0.759375 5200
0.78125 0.759375 5200
0.78125 0.759375 5200
0.78125 0.759375 5200
0.78125 0.759375 5202
0.78125 0.759375 5204
0.78125 0.759375 5206
0.78125 0.759375 5206
0.78125 0.759375 5206
0.78125 0.759375 5206
0.78125 0.759375 5206
0.78125 0.759375 5218
0.78125 0.759375 5220
0.78125 0.759375 5220
0.78125 0.759375 5220
0.78125 0.759375 5220
0.78125 0.759375 5226
0.78125 0.759375 5226
0.78125 0.759375 5226
0.78125 0.759375 5226
0.78125 0.759375 5226
0.78125 0.759375 5226
0.78125 0.759375 5226
0.78125 0.759375 5226
0.78125 0.759375 5228
0.7875 0.765625 5284
0.7875 0.765625 5286
0.7875 0.765625 5286
0.7875 0.765625 5286
0.7875 0.765625 5288
0.7875 0.765625 5288
0.7875 0.765625 5290
0.7875 0.765625 5292
0.7875 0.765625 5292
0.7875 0.765625 5292
0.7875 0.765625 5294
0.7875 0.765625 5294
0.7875 0.765625 5300
0.7875 0.765625 5300
0.7875 0.765625 5300
0.7875 0.765625 5300
0.7875 0.765625 5300
0.7875 0.765625 5300
0.7875 0.765625 5300
0.7875 0.765625 5300
0.7875 0.765625 5300
0.7875 0.765625 5300
0.7875 0.765625 5302
0.7875 0.765625 5304
0.7875 0.765625 5304
0.7875 0.765625 5304
0.7875 0.765625 5306
0.7875 0.765625 5306
0.7875 0.765625 5306
0.7875 0.765625 5312
0.7875 0.765625 5312
0.7875 0.765625 5314
0.7875 0.765625 5316
0.7875 0.765625 5316
0.7875 0.765625 5316
0.79375 0.771875 5318
0.79375 0.771875 5318
0.79375 0.771875 5318
0.79375 0.771875 5330
0.79375 0.771875 5336
0.79375 0.771875 5338
0.79375 0.771875 5344
0.79375 0.771875 5346
0.79375 0.771875 5346
0.79375 0.771875 5346
0.79375 0.771875 5346
0.79375 0.771875 5348
0.79375 0.771875 5350
0.79375 0.771875 5350
0.79375 0.771875 5350
0.79375 0.771875 5350
0.79375 0.771875 5350
0.79375 0.771875 5350
0.79375 0.771875 5362
0.79375 0.771875 5362
0.79375 0.771875 5362
0.79375 0.771875 5362
0.79375 0.771875 5362
0.79375 0.771875 5362
0.79375 0.771875 5368
0.79375 0.775 5368
0.79375 0.775 5368
0.790625 0.7625 5500
0.7875 0.7625 5530
0.7875 0.7625 5530
0.7875 0.7625 5530
0.7875 0.7625 5530
0.7875 0.7625 5530
0.7875 0.7625 5530
0.7875 0.7625 5530
0.7875 0.7625 5530
0.7875 0.7625 5530
0.7875 0.7625 5536
0.7875 0.7625 5536
0.7875 0.7625 5536
0.7875 0.7625 5536
0.7875 0.7625 5536
0.7875 0.7625 5536
0.7875 0.7625 5536
0.7875 0.7625 5548
0.7875 0.7625 5548
0.7875 0.7625 5548
0.7875 0.7625 5578
0.7875 0.7625 5578
0.7875 0.7625 5578
0.7875 0.7625 5580
0.7875 0.7625 5580
0.7875 0.7625 5580
0.7875 0.7625 5582
0.7875 0.7625 5582
0.7875 0.7625 5584
0.7875 0.7625 5584
0.7875 0.7625 5586
0.7875 0.7625 5586
0.7875 0.7625 5592
0.7875 0.7625 5592
0.7875 0.7625 5592
0.7875 0.7625 5592
0.7875 0.7625 5592
0.7875 0.7625 5592
0.7875 0.7625 5594
0.7875 0.7625 5594
0.7875 0.7625 5594
0.7875 0.7625 5594
0.7875 0.7625 5594
0.7875 0.7625 5594
0.7875 0.7625 5594
0.7875 0.7625 5596
0.7875 0.7625 5596
0.7875 0.7625 5596
0.7875 0.7625 5596
0.7875 0.7625 5602
0.7875 0.7625 5604
0.7875 0.7625 5604
0.7875 0.7625 5604
0.7875 0.7625 5604
0.7875 0.7625 5606
0.7875 0.7625 5606
0.7875 0.7625 5606
0.7875 0.7625 5636
0.7875 0.7625 5678
0.7875 0.7625 5678
0.7875 0.7625 5678
0.7875 0.7625 5678
0.7875 0.7625 5678
0.7875 0.7625 5678
0.7875 0.7625 5678
0.7875 0.7625 5678
0.7875 0.7625 5678
0.7875 0.7625 5678
0.7875 0.7625 5734
0.7875 0.7625 5734
0.7875 0.7625 5734
0.7875 0.7625 5734
0.80625 0.80625 5740
0.80625 0.80625 5740
0.80625 0.80625 5742
0.80625 0.80625 5744
0.80625 0.80625 5746
0.80625 0.80625 5758
0.80625 0.80625 5758
0.80625 0.80625 5758
0.80625 0.80625 5760
0.80625 0.80625 5760
0.80625 0.80625 5760
0.80625 0.80625 5760
0.80625 0.80625 5772
0.80625 0.80625 5772
0.80625 0.80625 5772
0.80625 0.80625 5772
0.80625 0.80625 5772
0.80625 0.80625 5772
0.80625 0.80625 5772
0.80625 0.80625 5772
0.80625 0.8 5778
0.80625 0.8 5778
0.80625 0.8 5778
0.80625 0.8 5778
0.80625 0.8 5778
0.803125 0.8 5790
0.803125 0.8 5792
0.803125 0.8 5792
0.803125 0.8 5798
0.803125 0.8 5798
0.803125 0.8 5798
0.803125 0.8 5798
0.803125 0.8 5798
0.803125 0.8 5798
0.803125 0.8 5798
0.803125 0.8 5798
0.803125 0.8 5800
0.803125 0.8 5800
0.803125 0.8 5806
0.803125 0.8 5806
0.803125 0.8 5806
0.803125 0.8 5806
0.803125 0.8 5806
0.803125 0.8 5812
0.803125 0.8 5812
0.803125 0.8 5812
0.803125 0.8 5812
0.803125 0.8 5812
0.803125 0.8 5812
0.803125 0.8 5812
0.803125 0.8 5812
0.803125 0.8 5812
0.803125 0.8 5812
0.803125 0.8 5812
0.803125 0.8 5812
0.803125 0.8 5814
0.803125 0.8 5814
0.803125 0.8 5814
0.803125 0.8 5814
0.803125 0.8 5814
0.803125 0.8 5844
0.803125 0.8 5844
0.803125 0.8 5844
0.803125 0.8 5846
0.803125 0.8 5846
0.803125 0.8 5848
0.803125 0.8 5848
0.803125 0.8 5848
0.803125 0.8 5848
0.803125 0.8 5850
0.803125 0.8 5850
0.803125 0.8 5850
0.803125 0.8 5850
0.803125 0.8 5852
0.803125 0.80625 5864
0.803125 0.80625 5866
0.803125 0.80625 5866
0.803125 0.80625 5866
0.803125 0.80625 5896
0.803125 0.80625 5896
0.803125 0.80625 5896
0.803125 0.80625 5896
0.803125 0.80625 5902
0.803125 0.80625 5902
0.803125 0.80625 5932
0.803125 0.80625 5932
0.803125 0.80625 5932
0.803125 0.80625 5932
0.803125 0.80625 5932
0.803125 0.80625 5934
0.803125 0.80625 5934
0.803125 0.80625 5934
0.803125 0.80625 5936
0.803125 0.80625 5936
0.803125 0.80625 5936
0.803125 0.80625 5936
0.803125 0.80625 5936
0.803125 0.80625 5936
0.803125 0.80625 5936
0.803125 0.80625 5936
0.803125 0.80625 5936
0.803125 0.80625 5936
0.803125 0.80625 5936
0.803125 0.80625 5936
0.803125 0.80625 5936
0.803125 0.80625 5936
0.803125 0.80625 5936
0.803125 0.80625 5936
0.803125 0.80625 5936
0.803125 0.80625 5936
0.803125 0.80625 5936
0.803125 0.80625 5936
0.803125 0.80625 5936
0.803125 0.80625 5942
0.803125 0.80625 5942
0.803125 0.8 5942
0.803125 0.8 5942
0.803125 0.8 5972
0.803125 0.8 5972
0.803125 0.8 5972
0.803125 0.8 5974
0.803125 0.8 5976
0.803125 0.8 5976
0.803125 0.8 5976
0.803125 0.8 5982
0.803125 0.8 5982
0.803125 0.8 5982
0.803125 0.8 5982
0.803125 0.8 5982
0.803125 0.8 5982
0.803125 0.8 5982
0.803125 0.8 5982
0.803125 0.8 5982
0.803125 0.8 5984
0.803125 0.8 5984
0.803125 0.8 5984
0.803125 0.8 5984
0.803125 0.8 5984
0.803125 0.8 5984
0.803125 0.8 5984
0.803125 0.8 5984
0.803125 0.8 5984
0.803125 0.8 5984
0.803125 0.8 5984
0.803125 0.8 5986
0.803125 0.8 5988
0.803125 0.8 5988
0.803125 0.8 5988
0.803125 0.8 5988
0.803125 0.8 5988
0.803125 0.8 5994
0.803125 0.8 5994
0.803125 0.8 6006
0.803125 0.8 6008
0.803125 0.8 6008
0.803125 0.8 6008
0.803125 0.8 6008
0.803125 0.8 6008
0.803125 0.8 6008
0.803125 0.8 6010
0.803125 0.8 6010
0.803125 0.8 6010
0.803125 0.8 6010
0.803125 0.8 6010
0.803125 0.8 6010
0.8 0.79375 6016
0.8 0.79375 6028
0.8 0.79375 6028
0.8 0.79375 6028
0.8 0.79375 6028
0.8 0.79375 6034
0.8 0.79375 6034
0.8 0.79375 6036
0.8 0.79375 6036
0.8 0.79375 6036
0.8 0.79375 6036
0.8 0.79375 6036
0.8 0.79375 6036
0.8 0.79375 6036
0.8 0.79375 6036
0.8 0.79375 6036
0.8 0.79375 6036
0.8 0.79375 6036
0.8 0.79375 6038
0.8 0.79375 6040
0.8 0.79375 6040
0.8 0.79375 6060
0.8 0.79375 6060
0.8 0.79375 6060
0.8 0.79375 6060
0.8 0.79375 6066
0.8 0.79375 6066
0.8 0.79375 6068
0.8 0.79375 6068
0.8 0.7875 6068
0.8 0.7875 6068
0.8 0.7875 6070
0.8 0.7875 6070
0.8 0.7875 6070
0.8 0.7875 6070
0.8 0.7875 6070
0.8 0.7875 6070
0.8 0.7875 6070
0.8 0.7875 6070
0.8 0.7875 6070
0.8 0.7875 6070
0.8 0.7875 6070
0.8 0.7875 6070
0.8 0.7875 6070
0.8 0.7875 6070
0.8 0.7875 6070
0.8 0.7875 6070
0.8 0.7875 6090
0.8 0.7875 6090
0.8 0.7875 6092
0.8 0.7875 6092
0.8 0.7875 6092
0.8 0.7875 6092
0.8 0.7875 6092
0.8 0.7875 6092
0.8 0.7875 6092
0.8 0.7875 6092
0.8 0.7875 6092
0.8 0.7875 6094
0.8 0.7875 6094
0.8 0.7875 6094
0.8 0.7875 6096
0.8 0.7875 6096
0.8 0.7875 6096
0.8 0.7875 6108
0.8 0.7875 6110
0.8 0.79375 6110
0.8 0.79375 6112
0.8 0.79375 6118
0.8 0.79375 6118
0.8 0.79375 6118
0.8 0.79375 6120
0.8 0.8 6140
0.8 0.8 6142
0.815625 0.83125 6162
0.815625 0.83125 6168
0.815625 0.83125 6168
0.815625 0.83125 6170
0.815625 0.83125 6170
0.815625 0.83125 6170
0.821875 0.8375 6190
0.821875 0.8375 6190
0.821875 0.8375 6190
0.821875 0.8375 6190
0.821875 0.8375 6190
0.821875 0.8375 6192
0.821875 0.8375 6192
0.821875 0.8375 6192
0.821875 0.8375 6192
0.821875 0.8375 6192
0.821875 0.8375 6192
0.821875 0.8375 6192
0.821875 0.8375 6192
0.821875 0.8375 6192
0.821875 0.8375 6194
0.821875 0.8375 6194
0.821875 0.8375 6194
0.821875 0.8375 6194
0.821875 0.8375 6194
0.821875 0.8375 6194
0.821875 0.8375 6194
0.821875 0.8375 6196
0.821875 0.8375 6196
0.81875 0.8375 6208
0.81875 0.8375 6208
0.81875 0.8375 6208
0.81875 0.8375 6210
0.81875 0.8375 6210
0.81875 0.8375 6210
0.81875 0.8375 6210
0.81875 0.8375 6210
0.81875 0.8375 6212
0.81875 0.8375 6212
0.81875 0.8375 6212
0.81875 0.8375 6212
0.81875 0.8375 6212
0.81875 0.8375 6212
0.81875 0.8375 6212
0.81875 0.8375 6212
0.8375 0.84375 6368
0.8375 0.84375 6368
0.8375 0.84375 6370
0.8375 0.84375 6382
0.8375 0.84375 6382
0.834375 0.84375 6384
0.834375 0.84375 6384
0.834375 0.84375 6404
0.834375 0.84375 6404
0.834375 0.84375 6404
0.834375 0.84375 6404
0.834375 0.84375 6404
0.834375 0.84375 6404
0.834375 0.84375 6404
0.834375 0.84375 6404
0.834375 0.84375 6406
0.834375 0.84375 6406
0.84375 0.84375 6408
0.84375 0.84375 6408
0.84375 0.8375 6410
0.84375 0.8375 6410
0.84375 0.8375 6410
0.84375 0.84375 6416
0.84375 0.84375 6422
0.84375 0.84375 6422
0.84375 0.84375 6422
0.84375 0.84375 6422
0.84375 0.84375 6422
0.84375 0.84375 6422
0.84375 0.84375 6422
0.84375 0.84375 6422
0.84375 0.84375 6422
0.84375 0.84375 6424
0.84375 0.84375 6424
0.84375 0.84375 6424
0.84375 0.846875 6426
0.84375 0.846875 6426
0.84375 0.846875 6426
0.84375 0.846875 6428
0.84375 0.85 6428
0.84375 0.85 6430
0.84375 0.85 6430
0.84375 0.85 6442
0.84375 0.85 6442
0.84375 0.85 6442
0.84375 0.85 6442
0.846875 0.85 6454
0.85 0.85 6496
0.85 0.85 6496
0.85 0.85 6496
0.846875 0.85625 6568
0.846875 0.85625 6570
0.846875 0.85625 6576
0.846875 0.85625 6576
0.846875 0.85625 6576
0.846875 0.85625 6576
0.846875 0.85625 6576
0.846875 0.85625 6576
0.846875 0.85625 6576
0.846875 0.85625 6576
0.846875 0.85625 6576
0.846875 0.85625 6578
0.846875 0.85625 6584
0.846875 0.85625 6586
0.846875 0.85625 6586
0.846875 0.85625 6586
0.86875 0.8625 6628
0.86875 0.8625 6628
0.86875 0.8625 6628
0.86875 0.8625 6628
0.86875 0.8625 6630
0.86875 0.8625 6630
0.86875 0.8625 6630
0.86875 0.8625 6630
0.86875 0.8625 6632
0.86875 0.8625 6632
0.86875 0.8625 6632
0.86875 0.8625 6632
0.86875 0.8625 6634
0.86875 0.8625 6634
0.86875 0.8625 6634
0.86875 0.8625 6634
0.86875 0.8625 6636
0.86875 0.8625 6636
0.86875 0.8625 6638
0.86875 0.8625 6638
0.86875 0.8625 6638
0.86875 0.8625 6638
0.86875 0.8625 6638
0.86875 0.8625 6644
0.86875 0.8625 6644
0.86875 0.8625 6644
0.86875 0.8625 6644
0.86875 0.8625 6644
0.86875 0.8625 6644
0.86875 0.8625 6644
0.86875 0.8625 6644
0.86875 0.8625 6644
0.86875 0.8625 6644
0.86875 0.8625 6644
0.86875 0.8625 6644
0.86875 0.8625 6644
0.86875 0.8625 6650
0.86875 0.8625 6650
0.86875 0.8625 6650
0.86875 0.8625 6652
0.86875 0.8625 6652
0.871875 0.8625 6654
0.871875 0.8625 6654
0.8625 0.8625 6786
0.8625 0.8625 6788
0.8625 0.8625 6788
0.8625 0.8625 6788
0.8625 0.8625 6794
0.8625 0.8625 6796
0.8625 0.8625 6796
0.8625 0.8625 6796
0.8625 0.8625 6796
0.8625 0.8625 6802
0.8625 0.8625 6802
0.8625 0.8625 6802
0.8625 0.8625 6802
0.8625 0.8625 6802
0.8625 0.8625 6808
0.8625 0.8625 6810
0.865625 0.875 6812
0.865625 0.875 6812
0.865625 0.875 6854
0.865625 0.875 6856
0.865625 0.875 6856
0.865625 0.875 6858
0.865625 0.875 6858
0.865625 0.875 6870
0.865625 0.875 6870
0.865625 0.875 6870
0.865625 0.875 6870
0.865625 0.875 6870
0.865625 0.875 6870
0.865625 0.875 6876
0.865625 0.875 6876
0.865625 0.875 6876
0.865625 0.875 6888
0.8625 0.875 6900
0.8625 0.875 6900
0.8625 0.875 6900
0.8625 0.875 6900
0.8625 0.875 6900
0.8625 0.875 6902
0.8625 0.875 6902
0.8625 0.875 6902
0.8625 0.875 6902
0.8625 0.875 6902
0.8625 0.875 6914
0.8625 0.875 6914
0.8625 0.86875 6914
0.8625 0.86875 6920
0.8625 0.86875 6920
0.8625 0.86875 6920
0.8625 0.86875 6920
0.8625 0.86875 6920
0.8625 0.86875 6920
0.8625 0.86875 6920
0.8625 0.86875 6920
0.8625 0.86875 6920
0.8625 0.86875 6920
0.8625 0.86875 6920
0.8625 0.86875 6920
0.8625 0.86875 6932
0.8625 0.86875 6938
0.8625 0.86875 6938
0.8625 0.86875 6938
0.8625 0.86875 6938
0.8625 0.86875 6938
0.8625 0.86875 6938
0.8625 0.86875 6938
0.8625 0.86875 6958
0.8625 0.86875 6958
0.8625 0.86875 6960
0.8625 0.86875 6960
0.8625 0.86875 6960
0.8625 0.86875 6960
0.8625 0.86875 6960
0.8625 0.86875 6960
0.8625 0.86875 6966
0.8625 0.86875 6966
0.8625 0.86875 6972
0.8625 0.86875 6972
0.8625 0.86875 6972
0.8625 0.86875 6974
0.8625 0.86875 6974
0.8625 0.86875 6974
0.8625 0.86875 6974
0.8625 0.86875 6974
0.8625 0.86875 6974
0.8625 0.86875 6974
0.8625 0.86875 6974
0.8625 0.86875 6974
0.8625 0.86875 6974
0.8625 0.86875 6974
0.8625 0.86875 6974
0.8625 0.86875 6994
0.8625 0.86875 6994
0.8625 0.86875 6994
0.8625 0.86875 6994
0.8625 0.86875 6994
0.8625 0.86875 6994
0.8625 0.86875 6994
0.8625 0.86875 6994
0.8625 0.86875 6996
0.8625 0.86875 6996
0.8625 0.86875 6996
0.8625 0.86875 6996
0.8625 0.86875 6996
0.8625 0.86875 6996
0.8625 0.86875 6998
0.8625 0.86875 6998
0.8625 0.86875 6998
0.8625 0.86875 6998
0.8625 0.86875 7000
0.8625 0.86875 7000
0.8625 0.86875 7000
0.8625 0.86875 7002
0.8625 0.86875 7002
0.8625 0.86875 7002
0.8625 0.86875 7002
0.8625 0.86875 7002
0.8625 0.86875 7002
0.8625 0.86875 7002
0.8625 0.86875 7004
0.8625 0.86875 7004
0.8625 0.86875 7004
0.8625 0.86875 7004
0.8625 0.86875 7004
0.8625 0.86875 7004
0.8625 0.86875 7004
0.8625 0.86875 7004
0.8625 0.86875 7004
0.8625 0.86875 7010
0.8625 0.86875 7010
0.8625 0.86875 7010
0.8625 0.86875 7012
0.8625 0.86875 7012
0.8625 0.86875 7012
0.8625 0.86875 7012
0.8625 0.86875 7018
0.8625 0.86875 7018
0.8625 0.86875 7018
0.8625 0.86875 7018
0.8625 0.86875 7018
0.8625 0.86875 7024
0.8625 0.86875 7030
0.8625 0.86875 7030
0.8625 0.86875 7030
0.8625 0.86875 7030
0.8625 0.86875 7030
0.8625 0.86875 7030
0.8625 0.86875 7030
0.8625 0.86875 7030
0.8625 0.86875 7030
0.8625 0.86875 7030
0.8625 0.86875 7030
0.8625 0.86875 7030
0.8625 0.86875 7032
0.8625 0.86875 7032
0.8625 0.86875 7032
0.8625 0.86875 7032
0.8625 0.86875 7032
0.8625 0.86875 7034
0.8625 0.86875 7034
0.8625 0.86875 7034
0.8625 0.86875 7036
0.8625 0.86875 7056
0.8625 0.86875 7068
0.8625 0.86875 7068
0.8625 0.86875 7068
0.8625 0.86875 7080
0.8625 0.86875 7080
0.8625 0.86875 7080
0.8625 0.86875 7080
0.8625 0.86875 7080
0.8625 0.86875 7080
0.8625 0.86875 7080
0.8625 0.86875 7080
0.8625 0.86875 7080
0.8625 0.86875 7080
0.8625 0.86875 7080
0.8625 0.86875 7080
0.8625 0.86875 7080
0.8625 0.86875 7080
0.8625 0.86875 7080
0.8625 0.86875 7080
0.8625 0.86875 7082
0.8625 0.86875 7088
0.8625 0.86875 7090
0.8625 0.86875 7092
0.8625 0.86875 7092
0.8625 0.86875 7092
0.8625 0.86875 7092
0.8625 0.86875 7092
0.8625 0.86875 7092
0.8625 0.86875 7092
0.8625 0.86875 7098
0.8625 0.86875 7098
0.8625 0.86875 7098
0.865625 0.875 7100
0.865625 0.875 7100
0.865625 0.875 7100
0.865625 0.875 7100
0.865625 0.875 7100
0.865625 0.875 7100
0.865625 0.875 7100
0.865625 0.871875 7100
0.865625 0.871875 7100
0.865625 0.871875 7100
0.865625 0.871875 7100
0.865625 0.871875 7100
0.865625 0.871875 7102
0.865625 0.86875 7102
0.8625 0.86875 7158
0.8625 0.86875 7158
0.8625 0.86875 7158
0.8625 0.86875 7158
0.8625 0.86875 7158
0.8625 0.86875 7158
0.8625 0.86875 7178
0.8625 0.86875 7178
0.8625 0.86875 7178
0.8625 0.86875 7178
0.8625 0.86875 7178
0.8625 0.86875 7184
0.8625 0.86875 7184
0.8625 0.86875 7184
0.8625 0.86875 7184
0.8625 0.86875 7190
0.8625 0.86875 7190
0.8625 0.86875 7190
0.8625 0.86875 7192
0.8625 0.86875 7194
0.8625 0.86875 7194
0.8625 0.86875 7196
0.8625 0.86875 7196
0.8625 0.86875 7196
0.8625 0.86875 7196
0.8625 0.86875 7196
0.8625 0.86875 7196
0.8625 0.86875 7202
0.8625 0.86875 7202
0.8625 0.86875 7202
0.8625 0.86875 7202
0.8625 0.86875 7204
0.8625 0.86875 7204
0.8625 0.86875 7204
0.8625 0.86875 7204
0.8625 0.86875 7204
0.8625 0.86875 7204
0.8625 0.86875 7204
0.8625 0.86875 7204
0.8625 0.86875 7204
0.8625 0.86875 7204
0.8625 0.86875 7204
0.8625 0.86875 7204
0.8625 0.86875 7204
0.8625 0.86875 7206
0.8625 0.86875 7206
0.8625 0.86875 7206
0.8625 0.86875 7206
0.865625 0.86875 7226
0.865625 0.86875 7228
0.865625 0.86875 7228
0.865625 0.86875 7228
0.865625 0.86875 7228
0.865625 0.86875 7228
0.865625 0.86875 7228
0.865625 0.86875 7228
0.865625 0.86875 7228
0.865625 0.86875 7230
0.865625 0.86875 7230
0.865625 0.86875 7230
0.865625 0.86875 7242
0.865625 0.86875 7242
0.865625 0.86875 7242
0.865625 0.86875 7242
0.865625 0.86875 7242
0.865625 0.86875 7254
0.865625 0.86875 7254
0.865625 0.86875 7254
0.865625 0.86875 7254
0.865625 0.86875 7254
0.865625 0.86875 7254
0.865625 0.86875 7254
0.865625 0.86875 7254
0.865625 0.86875 7254
0.865625 0.86875 7254
0.865625 0.86875 7254
0.865625 0.86875 7254
0.865625 0.86875 7254
0.865625 0.86875 7254
0.865625 0.86875 7266
0.865625 0.86875 7266
0.865625 0.86875 7266
0.865625 0.86875 7266
0.865625 0.86875 7266
0.865625 0.86875 7266
0.865625 0.86875 7266
0.865625 0.86875 7266
0.865625 0.86875 7272
0.865625 0.86875 7272
0.865625 0.86875 7272
0.865625 0.86875 7274
0.865625 0.86875 7276
0.865625 0.88125 7366
0.865625 0.88125 7368
0.865625 0.88125 7374
0.865625 0.88125 7376
0.865625 0.88125 7376
0.865625 0.88125 7376
0.865625 0.88125 7376
0.865625 0.88125 7376
0.865625 0.88125 7376
0.865625 0.88125 7376
0.865625 0.88125 7376
0.865625 0.88125 7376
0.865625 0.88125 7376
0.865625 0.88125 7376
0.865625 0.88125 7376
0.865625 0.88125 7376
0.865625 0.88125 7378
0.865625 0.88125 7378
0.865625 0.88125 7378
0.865625 0.88125 7398
0.865625 0.88125 7398
0.865625 0.88125 7398
0.865625 0.88125 7398
0.865625 0.88125 7398
0.865625 0.878125 7398
0.8625 0.875 7400
0.8625 0.875 7402
0.8625 0.875 7402
0.8625 0.875 7404
0.8625 0.86875 7460
0.8625 0.86875 7460
0.8625 0.86875 7460
0.8625 0.86875 7460
0.8625 0.86875 7460
0.8625 0.86875 7462
0.8625 0.86875 7462
0.8625 0.86875 7462
0.8625 0.86875 7464
0.8625 0.871875 7464
0.8625 0.86875 7464
0.8625 0.86875 7464
0.8625 0.86875 7464
0.8625 0.86875 7466
0.8625 0.86875 7472
0.8625 0.86875 7474
0.8625 0.86875 7476
0.8625 0.86875 7476
0.8625 0.86875 7476
0.8625 0.86875 7478
0.8625 0.86875 7478
0.8625 0.86875 7490
0.8625 0.86875 7490
0.8625 0.86875 7490
0.8625 0.86875 7490
0.8625 0.86875 7490
0.8625 0.86875 7490
0.8625 0.86875 7490
0.8625 0.86875 7490
0.8625 0.86875 7490
0.8625 0.86875 7490
0.8625 0.86875 7490
0.8625 0.86875 7496
0.8625 0.871875 7496
0.8625 0.871875 7498
0.8625 0.871875 7498
0.8625 0.871875 7510
0.8625 0.871875 7510
0.8625 0.871875 7510
0.8625 0.875 7516
0.8625 0.875 7516
0.8625 0.875 7516
0.8625 0.875 7516
0.8625 0.875 7516
0.8625 0.86875 7516
0.8625 0.86875 7536
0.8625 0.86875 7538
0.8625 0.86875 7538
0.8625 0.86875 7538
0.8625 0.86875 7550
0.8625 0.86875 7552
0.8625 0.86875 7552
0.8625 0.871875 7552
0.8625 0.871875 7552
0.8625 0.86875 7552
0.8625 0.86875 7552
0.8625 0.86875 7552
0.8625 0.86875 7554
0.8625 0.86875 7584
0.8625 0.86875 7584
0.8625 0.86875 7584
0.8625 0.86875 7586
0.8625 0.86875 7598
0.8625 0.86875 7598
0.8625 0.86875 7598
0.8625 0.86875 7598
0.8625 0.86875 7598
0.8625 0.86875 7598
0.8625 0.86875 7598
0.8625 0.86875 7598
0.8625 0.86875 7598
0.8625 0.86875 7598
0.8625 0.86875 7598
0.8625 0.8625 7628
0.8625 0.8625 7628
0.8625 0.8625 7628
0.8625 0.865625 7628
0.8625 0.86875 7630
0.8625 0.86875 7630
0.8625 0.86875 7636
0.8625 0.86875 7636
0.8625 0.86875 7636
0.8625 0.86875 7636
0.8625 0.86875 7656
0.8625 0.86875 7658
0.8625 0.86875 7660
0.8625 0.86875 7660
0.8625 0.86875 7662
0.8625 0.86875 7668
0.8625 0.86875 7724
0.8625 0.86875 7724
0.8625 0.86875 7724
0.8625 0.86875 7724
0.8625 0.86875 7726
0.8625 0.86875 7726
0.8625 0.86875 7726
0.859375 0.86875 7728
0.859375 0.86875 7728
0.8625 0.86875 7734
0.8625 0.86875 7734
0.8625 0.86875 7734
0.8625 0.86875 7734
0.8625 0.8625 7734
0.8625 0.8625 7734
0.8625 0.8625 7734
0.8625 0.86875 7734
0.8625 0.865625 7734
0.85625 0.865625 7754
0.85625 0.865625 7756
0.85625 0.865625 7762
0.85625 0.865625 7764
0.85625 0.865625 7764
0.85625 0.8625 7776
0.85625 0.8625 7776
0.85625 0.8625 7776
0.85625 0.8625 7776
0.85625 0.8625 7776
0.85625 0.85625 7776
0.85625 0.85625 7776
0.85625 0.85625 7778
0.85625 0.85625 7778
0.85625 0.85625 7778
0.85625 0.85625 7778
0.85625 0.85625 7778
0.85625 0.85625 7778
0.85625 0.85625 7778
0.85625 0.85625 7778
0.853125 0.85625 7784
0.853125 0.85625 7784
0.853125 0.85625 7784
0.853125 0.85625 7784
0.853125 0.85625 7784
0.853125 0.85625 7804
0.853125 0.85625 7804
0.853125 0.8625 7804
0.853125 0.8625 7804
0.853125 0.8625 7804
0.853125 0.8625 7806
0.853125 0.8625 7806
0.853125 0.8625 7806
0.853125 0.8625 7806
0.853125 0.8625 7818
0.853125 0.8625 7830
0.853125 0.8625 7830
0.853125 0.8625 7830
0.853125 0.8625 7830
0.853125 0.8625 7836
0.853125 0.8625 7836
0.853125 0.8625 7836
0.853125 0.8625 7836
0.853125 0.8625 7838
0.853125 0.8625 7838
0.853125 0.8625 7838
0.853125 0.8625 7838
0.853125 0.8625 7838
0.853125 0.8625 7838
0.853125 0.8625 7840
0.853125 0.8625 7840
0.853125 0.8625 7840
0.853125 0.8625 7846
0.865625 0.88125 7858
0.865625 0.88125 7858
0.865625 0.88125 7858
0.865625 0.88125 7858
0.865625 0.88125 7860
0.865625 0.88125 7862
0.86875 0.88125 7874
0.86875 0.88125 7874
0.86875 0.88125 7874
0.86875 0.88125 7874
0.86875 0.88125 7874
0.871875 0.88125 7886
0.871875 0.88125 7886
0.871875 0.88125 7886
0.871875 0.88125 7886
0.871875 0.88125 7888
0.871875 0.88125 7888
0.871875 0.88125 7888
0.871875 0.88125 7888
0.871875 0.88125 7890
0.871875 0.88125 7890
0.871875 0.88125 7890
0.871875 0.88125 7890
0.871875 0.88125 7890
0.871875 0.88125 7890
0.871875 0.88125 7890
0.871875 0.88125 7892
0.871875 0.88125 7892
0.871875 0.88125 7892
0.871875 0.88125 7892
0.871875 0.88125 7892
0.871875 0.88125 7894
0.871875 0.88125 7894
0.871875 0.88125 7894
0.871875 0.88125 7894
0.871875 0.88125 7894
0.871875 0.88125 7894
0.871875 0.88125 7894
0.871875 0.88125 7894
0.871875 0.88125 7894
0.871875 0.88125 7894
0.871875 0.88125 7914
0.871875 0.88125 7914
0.871875 0.88125 7914
0.871875 0.88125 7914
0.871875 0.88125 7914
0.871875 0.88125 7914
0.871875 0.88125 7914
0.871875 0.88125 7914
0.871875 0.88125 7914
0.871875 0.88125 7920
0.871875 0.88125 7940
0.871875 0.88125 7940
0.871875 0.88125 7942
0.871875 0.88125 7942
0.871875 0.88125 7954
0.871875 0.88125 7954
0.871875 0.88125 7954
0.871875 0.88125 7954
0.871875 0.88125 7954
0.871875 0.88125 7954
0.871875 0.88125 7956
0.871875 0.88125 7956
0.871875 0.88125 7962
0.871875 0.88125 7962
0.871875 0.88125 7964
0.871875 0.88125 7964
0.871875 0.88125 7964
0.871875 0.88125 7964
0.871875 0.88125 7964
0.871875 0.88125 7964
0.871875 0.86875 8096
0.871875 0.86875 8096
0.871875 0.86875 8096
0.871875 0.86875 8096
0.871875 0.86875 8116
0.871875 0.86875 8118
0.871875 0.86875 8130
0.871875 0.86875 8132
0.871875 0.86875 8134
0.871875 0.8625 8154
0.871875 0.8625 8154
0.871875 0.8625 8154
0.871875 0.8625 8154
0.871875 0.8625 8154
0.871875 0.8625 8154
0.871875 0.8625 8156
0.871875 0.8625 8156
0.871875 0.8625 8156
0.871875 0.8625 8156
0.871875 0.8625 8176
0.871875 0.8625 8176
0.871875 0.8625 8176
0.871875 0.8625 8176
0.871875 0.8625 8176
0.871875 0.8625 8196
0.871875 0.8625 8196
0.871875 0.8625 8208
0.871875 0.8625 8208
0.871875 0.8625 8208
0.871875 0.8625 8208
0.871875 0.8625 8208
0.871875 0.8625 8208
0.871875 0.8625 8208
0.871875 0.8625 8210
0.871875 0.8625 8210
0.871875 0.8625 8210
0.871875 0.8625 8216
0.871875 0.8625 8218
0.871875 0.8625 8218
0.871875 0.8625 8218
0.871875 0.8625 8218
0.871875 0.8625 8218
0.871875 0.8625 8218
0.871875 0.8625 8218
0.871875 0.8625 8218
0.871875 0.8625 8220
0.86875 0.8625 8240
0.86875 0.8625 8242
0.86875 0.8625 8248
0.86875 0.8625 8248
0.86875 0.8625 8248
0.86875 0.8625 8248
0.86875 0.8625 8248
0.86875 0.8625 8248
0.86875 0.8625 8248
0.86875 0.8625 8248
0.86875 0.8625 8250
0.86875 0.8625 8250
0.86875 0.8625 8250
0.86875 0.8625 8250
0.86875 0.8625 8250
0.86875 0.85625 8280
0.86875 0.85625 8292
0.86875 0.85625 8294
0.86875 0.85625 8294
0.86875 0.85625 8294
0.86875 0.85625 8294
0.86875 0.85625 8294
0.86875 0.85625 8296
0.86875 0.85625 8298
0.86875 0.85625 8300
0.86875 0.85625 8300
0.86875 0.85625 8300
0.86875 0.85625 8312
0.86875 0.85625 8318
0.86875 0.85625 8320
0.86875 0.85625 8320
0.86875 0.85625 8332
0.86875 0.8625 8334
0.86875 0.8625 8334
0.86875 0.8625 8334
0.86875 0.8625 8334
0.86875 0.8625 8334
0.865625 0.8625 8346
0.865625 0.8625 8346
0.865625 0.8625 8346
0.865625 0.8625 8348
0.865625 0.8625 8348
0.865625 0.8625 8348
0.865625 0.8625 8350
0.865625 0.8625 8350
0.8625 0.8625 8356
0.8625 0.8625 8356
0.8625 0.8625 8356
0.875 0.8625 8428
0.875 0.8625 8428
0.875 0.8625 8428
0.875 0.8625 8434
0.875 0.8625 8434
0.875 0.8625 8434
0.875 0.8625 8436
0.875 0.8625 8436
0.875 0.8625 8436
0.875 0.8625 8436
0.878125 0.8625 8448
0.878125 0.8625 8448
0.878125 0.8625 8448
0.878125 0.8625 8448
0.878125 0.8625 8448
0.878125 0.8625 8448
0.878125 0.8625 8450
0.878125 0.8625 8450
0.878125 0.8625 8452
0.878125 0.8625 8452
0.878125 0.8625 8452
0.878125 0.8625 8458
0.878125 0.8625 8458
0.878125 0.8625 8458
0.878125 0.8625 8464
0.878125 0.8625 8464
0.878125 0.8625 8464
0.878125 0.8625 8464
0.878125 0.8625 8464
0.878125 0.8625 8464
0.878125 0.8625 8464
0.878125 0.8625 8464
0.878125 0.8625 8484
0.878125 0.8625 8484
0.878125 0.8625 8484
0.878125 0.8625 8486
0.878125 0.8625 8486
0.878125 0.8625 8486
0.878125 0.8625 8488
0.878125 0.8625 8488
0.878125 0.8625 8494
0.878125 0.8625 8500
0.878125 0.8625 8500
0.878125 0.8625 8502
0.878125 0.8625 8502
0.878125 0.8625 8502
0.878125 0.8625 8508
0.878125 0.8625 8508
0.878125 0.8625 8514
0.878125 0.8625 8514
0.878125 0.8625 8514
0.878125 0.8625 8514
0.871875 0.85625 8544
0.871875 0.85625 8544
0.86875 0.85625 8550
0.86875 0.85625 8550
0.86875 0.85625 8550
0.86875 0.85625 8550
0.86875 0.85625 8550
0.86875 0.85625 8550
0.86875 0.85625 8550
0.86875 0.85625 8552
0.86875 0.85625 8552
0.86875 0.85625 8552
0.86875 0.85625 8552
0.86875 0.85625 8558
0.86875 0.85625 8558
0.86875 0.85625 8558
0.86875 0.85625 8560
0.86875 0.85625 8560
0.86875 0.85625 8560
0.86875 0.85625 8560
0.86875 0.85625 8560
0.86875 0.85625 8560
0.86875 0.85625 8562
0.86875 0.85625 8562
0.86875 0.85625 8562
0.86875 0.85625 8562
0.86875 0.85625 8564
0.86875 0.85625 8564
0.86875 0.85625 8570
0.86875 0.85625 8570
0.86875 0.85625 8572
0.86875 0.85625 8572
0.875 0.85625 8614
0.875 0.85625 8626
0.875 0.85625 8626
0.875 0.85625 8626
0.875 0.85625 8626
0.875 0.85625 8626
0.875 0.85625 8626
0.875 0.85625 8626
0.875 0.85625 8628
0.875 0.8625 8630
0.875 0.8625 8630
0.875 0.8625 8630
0.875 0.8625 8630
0.875 0.8625 8630
0.875 0.8625 8630
0.86875 0.8625 8672
0.86875 0.8625 8674
0.86875 0.8625 8674
0.865625 0.8625 8686
0.865625 0.859375 8686
0.865625 0.859375 8686
0.865625 0.859375 8686
0.865625 0.85625 8686
0.865625 0.85625 8686
0.865625 0.85625 8686
0.865625 0.85625 8686
0.865625 0.85625 8686
0.865625 0.85625 8688
0.865625 0.85625 8688
0.865625 0.85625 8688
0.865625 0.85625 8688
0.865625 0.85625 8688
0.865625 0.85625 8688
0.865625 0.85625 8688
0.865625 0.85625 8688
0.865625 0.85625 8690
0.865625 0.85625 8692
0.865625 0.85625 8692
0.865625 0.85625 8692
0.865625 0.85625 8692
0.865625 0.85625 8694
0.865625 0.85625 8694
0.865625 0.85625 8694
0.865625 0.85625 8694
0.865625 0.85625 8694
0.865625 0.85625 8706
0.865625 0.85625 8706
0.865625 0.85625 8706
0.865625 0.85625 8706
0.865625 0.85625 8706
0.865625 0.85625 8706
0.865625 0.85625 8706
0.865625 0.85625 8706
0.865625 0.85625 8708
0.865625 0.85625 8708
0.865625 0.85625 8708
0.865625 0.85625 8710
0.865625 0.85625 8710
0.865625 0.85625 8710
0.865625 0.85625 8710
0.865625 0.85625 8710
0.865625 0.85625 8710
0.865625 0.85625 8710
0.865625 0.85625 8710
0.865625 0.85625 8710
0.865625 0.85625 8710
0.865625 0.85625 8842
0.865625 0.85625 8842
0.865625 0.85625 8842
0.865625 0.85625 8842
0.865625 0.85625 8842
0.865625 0.85625 8842
0.865625 0.85625 8844
0.865625 0.85625 8846
0.865625 0.85625 8846
0.865625 0.85625 8846
0.865625 0.85625 8846
0.865625 0.85625 8852
0.865625 0.85625 8854
0.865625 0.85625 8860
0.865625 0.85625 8860
0.865625 0.85625 8860
0.865625 0.85625 8862
0.865625 0.85625 8862
0.865625 0.85625 8862
0.865625 0.85625 8862
0.865625 0.85625 8862
0.865625 0.85625 8862
0.865625 0.85625 8862
0.865625 0.85625 8864
0.865625 0.85625 8864
0.865625 0.85625 8864
0.865625 0.85625 8864
0.865625 0.8625 8876
0.865625 0.8625 8882
0.865625 0.8625 8902
0.865625 0.8625 8902
0.865625 0.8625 8902
0.865625 0.8625 8902
0.865625 0.8625 8914
0.865625 0.8625 8914
0.86875 0.8625 8934
0.86875 0.8625 8934
0.86875 0.8625 8934
0.86875 0.8625 8934
0.86875 0.8625 8934
0.86875 0.8625 8934
0.86875 0.8625 8934
0.86875 0.8625 8934
0.86875 0.8625 8940
0.86875 0.8625 8940
0.86875 0.8625 8942
0.86875 0.8625 8942
0.86875 0.8625 8942
0.86875 0.8625 8942
0.86875 0.8625 8942
0.86875 0.8625 8942
0.86875 0.8625 8942
0.86875 0.8625 8942
0.86875 0.8625 8942
0.86875 0.8625 8942
0.86875 0.8625 8944
0.86875 0.8625 8944
0.86875 0.8625 8944
0.86875 0.8625 8944
0.86875 0.8625 8944
0.86875 0.8625 8944
0.86875 0.8625 8944
0.86875 0.8625 8944
0.86875 0.8625 8944
0.86875 0.8625 8944
0.86875 0.8625 8944
0.86875 0.8625 8950
0.86875 0.8625 8952
0.86875 0.8625 8952
0.86875 0.85625 8994
0.86875 0.85625 8994
0.86875 0.85625 9000
0.86875 0.85625 9006
0.86875 0.85625 9006
0.86875 0.85625 9008
0.875 0.8625 9010
0.875 0.8625 9010
0.875 0.8625 9010
0.875 0.8625 9010
0.875 0.8625 9010
0.875 0.8625 9010
0.875 0.8625 9010
0.875 0.8625 9010
0.875 0.8625 9010
0.875 0.8625 9010
0.875 0.8625 9010
0.875 0.8625 9010
0.871875 0.85625 9052
0.871875 0.85625 9054
0.871875 0.85625 9054
0.871875 0.85625 9054
0.871875 0.85625 9054
0.871875 0.85625 9060
0.871875 0.85625 9060
0.871875 0.85625 9060
0.871875 0.85625 9060
0.871875 0.85625 9060
0.871875 0.853125 9060
0.871875 0.853125 9066
0.871875 0.853125 9068
0.871875 0.853125 9068
0.871875 0.853125 9068
0.871875 0.853125 9068
0.871875 0.853125 9068
0.871875 0.853125 9068
0.871875 0.85625 9068
0.871875 0.85625 9068
0.871875 0.85625 9098
0.871875 0.85625 9098
0.871875 0.85625 9098
0.871875 0.85625 9098
0.871875 0.85625 9110
0.871875 0.85625 9140
0.871875 0.85625 9142
0.871875 0.85625 9142
0.871875 0.85625 9142
0.871875 0.85625 9142
0.871875 0.85625 9148
0.871875 0.85625 9148
0.871875 0.85625 9148
0.871875 0.85625 9148
0.871875 0.85625 9148
0.871875 0.85625 9148
0.871875 0.85625 9148
0.871875 0.853125 9150
0.871875 0.853125 9150
0.871875 0.85 9152
0.871875 0.85 9152
0.871875 0.85 9152
0.871875 0.85 9164
0.871875 0.85 9164
0.871875 0.85 9166
0.871875 0.85 9166
0.871875 0.85 9166
0.871875 0.85 9166
0.871875 0.85 9166
0.871875 0.85 9166
0.871875 0.85 9166
0.871875 0.85 9168
0.871875 0.85 9174
0.871875 0.85 9174
0.871875 0.85 9174
0.871875 0.85 9174
0.871875 0.85 9176
0.871875 0.85 9178
0.871875 0.85 9190
0.871875 0.85 9190
0.871875 0.85 9190
0.871875 0.85 9190
0.871875 0.85 9192
0.871875 0.85 9192
0.871875 0.85 9198
0.871875 0.85 9200
0.871875 0.85 9200
0.86875 0.84375 9202
0.865625 0.84375 9222
0.865625 0.84375 9222
0.865625 0.84375 9222
0.865625 0.84375 9222
0.865625 0.84375 9224
0.865625 0.84375 9226
0.865625 0.84375 9226
0.865625 0.84375 9228
0.865625 0.84375 9228
0.865625 0.84375 9230
0.865625 0.84375 9230
0.865625 0.84375 9236
0.865625 0.84375 9236
0.865625 0.84375 9236
0.865625 0.84375 9236
0.865625 0.84375 9236
0.865625 0.84375 9236
0.865625 0.84375 9238
0.865625 0.84375 9238
0.865625 0.84375 9238
0.865625 0.84375 9240
0.865625 0.84375 9240
0.865625 0.84375 9242
0.865625 0.84375 9242
0.865625 0.84375 9248
0.865625 0.84375 9248
0.865625 0.84375 9278
0.865625 0.84375 9284
0.865625 0.84375 9284
0.865625 0.84375 9284
0.865625 0.84375 9284
0.865625 0.84375 9284
0.865625 0.84375 9296
0.865625 0.84375 9296
0.865625 0.84375 9296
0.865625 0.84375 9298
0.865625 0.84375 9300
0.865625 0.84375 9300
0.865625 0.84375 9300
0.865625 0.84375 9300
0.865625 0.84375 9300
0.865625 0.84375 9300
0.865625 0.84375 9300
0.865625 0.84375 9306
0.865625 0.84375 9306
0.865625 0.84375 9308
0.865625 0.84375 9308
0.865625 0.84375 9308
0.865625 0.84375 9308
0.865625 0.84375 9308
0.865625 0.84375 9308
0.865625 0.84375 9308
0.871875 0.84375 9320
0.871875 0.84375 9320
0.871875 0.84375 9322
0.871875 0.84375 9322
0.871875 0.84375 9322
0.871875 0.84375 9322
0.871875 0.84375 9322
0.871875 0.84375 9322
0.871875 0.84375 9324
0.871875 0.84375 9324
0.871875 0.84375 9324
0.871875 0.84375 9324
0.871875 0.84375 9324
0.871875 0.84375 9324
0.871875 0.84375 9344
0.871875 0.84375 9344
0.871875 0.84375 9344
0.871875 0.84375 9344
0.871875 0.84375 9344
0.875 0.84375 9364
0.875 0.84375 9364
0.875 0.84375 9364
0.875 0.84375 9366
0.875 0.84375 9366
0.875 0.84375 9368
0.875 0.84375 9368
0.875 0.84375 9370
0.875 0.84375 9370
0.875 0.84375 9370
0.875 0.84375 9370
0.875 0.84375 9370
0.875 0.84375 9372
0.875 0.846875 9378
0.875 0.846875 9378
0.875 0.846875 9378
0.875 0.846875 9378
0.875 0.846875 9378
0.875 0.846875 9378
0.875 0.846875 9378
0.875 0.846875 9378
0.875 0.846875 9378
0.875 0.846875 9380
0.875 0.846875 9380
0.875 0.846875 9380
0.875 0.846875 9380
0.875 0.846875 9380
0.875 0.846875 9382
0.875 0.846875 9382
0.875 0.846875 9382
0.875 0.846875 9382
0.875 0.846875 9382
0.875 0.846875 9382
0.875 0.846875 9388
0.875 0.846875 9388
0.875 0.846875 9390
0.875 0.846875 9390
0.875 0.846875 9390
0.875 0.846875 9390
0.875 0.846875 9392
0.875 0.85 9398
0.875 0.85 9398
0.875 0.85 9398
0.875 0.85 9398
0.875 0.85 9398
0.875 0.846875 9440
0.875 0.846875 9440
0.875 0.853125 9440
0.875 0.853125 9440
0.875 0.853125 9440
0.875 0.853125 9440
0.875 0.853125 9440
0.875 0.853125 9440
0.875 0.853125 9440
0.875 0.853125 9446
0.875 0.853125 9448
0.875 0.853125 9448
0.875 0.853125 9460
0.875 0.853125 9460
0.875 0.853125 9462
0.875 0.853125 9462
0.875 0.853125 9462
0.875 0.853125 9464
0.875 0.853125 9464
0.875 0.853125 9464
0.875 0.853125 9464
0.875 0.85 9470
0.875 0.85 9470
0.875 0.85 9472
0.875 0.85 9474
0.875 0.85 9476
0.875 0.853125 9478
0.875 0.853125 9480
0.875 0.853125 9480
0.875 0.853125 9486
0.875 0.853125 9486
0.875 0.853125 9488
0.871875 0.853125 9518
0.871875 0.853125 9518
0.871875 0.85625 9518
0.871875 0.85625 9518
0.871875 0.85625 9518
0.871875 0.85625 9524
0.871875 0.85625 9524
0.871875 0.85625 9524
0.86875 0.85625 9526
0.86875 0.85625 9526
0.86875 0.85625 9526
0.86875 0.85625 9526
0.86875 0.85625 9526
0.86875 0.85625 9532
0.86875 0.85625 9538
0.86875 0.85625 9538
0.86875 0.85625 9538
0.86875 0.85625 9538
0.86875 0.85625 9550
0.86875 0.85625 9550
0.86875 0.85625 9550
0.86875 0.85625 9550
0.86875 0.85625 9550
0.86875 0.85625 9550
0.86875 0.85625 9550
0.86875 0.85625 9550
0.86875 0.85625 9550
0.86875 0.85625 9550
0.86875 0.85625 9550
0.86875 0.85625 9550
0.86875 0.85625 9550
0.86875 0.85625 9550
0.86875 0.85625 9550
0.86875 0.85625 9550
0.86875 0.85625 9550
0.86875 0.85625 9552
0.86875 0.85625 9552
0.871875 0.85625 9582
0.871875 0.85625 9584
0.871875 0.85625 9584
0.871875 0.85625 9584
0.871875 0.85625 9584
0.871875 0.85625 9584
0.871875 0.85625 9584
0.871875 0.85625 9584
0.871875 0.85625 9584
0.871875 0.85625 9584
0.871875 0.85625 9584
0.871875 0.85625 9584
0.871875 0.85625 9584
0.871875 0.85625 9584
0.878125 0.85625 9586
0.878125 0.85625 9588
0.878125 0.85625 9588
0.878125 0.85625 9588
0.878125 0.85625 9590
0.878125 0.85625 9590
0.878125 0.85625 9590
0.878125 0.85625 9590
0.878125 0.85625 9590
0.878125 0.85625 9590
0.878125 0.85625 9590
0.878125 0.85625 9590
0.878125 0.85625 9592
0.878125 0.85625 9592
0.878125 0.85625 9592
0.878125 0.85625 9592
0.878125 0.85625 9592
0.878125 0.85625 9592
0.878125 0.85625 9594
0.878125 0.85625 9594
0.878125 0.85625 9594
0.878125 0.85625 9594
0.878125 0.85625 9594
0.878125 0.85625 9594
0.878125 0.85625 9594
0.878125 0.85625 9594
0.878125 0.85625 9594
0.878125 0.85625 9614
0.878125 0.85625 9614
0.878125 0.85625 9614
0.878125 0.85625 9614
0.878125 0.85625 9614
0.878125 0.85625 9614
0.878125 0.85625 9614
0.878125 0.85625 9616
0.878125 0.8625 9658
0.878125 0.8625 9658
0.878125 0.8625 9658
0.878125 0.8625 9658
0.878125 0.8625 9658
0.878125 0.8625 9658
0.875 0.8625 9700
0.875 0.8625 9700
0.875 0.8625 9700
0.875 0.8625 9700
0.875 0.8625 9702
0.875 0.8625 9702
0.875 0.8625 9702
0.875 0.8625 9702
0.875 0.8625 9702
0.875 0.8625 9702
0.875 0.8625 9702
0.875 0.8625 9702
0.875 0.8625 9702
0.875 0.8625 9704
0.875 0.8625 9706
0.875 0.8625 9712
0.875 0.8625 9712
0.875 0.8625 9712
0.875 0.8625 9712
0.875 0.8625 9712
0.875 0.8625 9712
0.875 0.8625 9712
0.875 0.8625 9712
0.875 0.8625 9712
0.875 0.8625 9712
0.875 0.8625 9724
0.875 0.8625 9726
0.875 0.8625 9726
0.875 0.8625 9726
0.875 0.8625 9726
0.875 0.8625 9726
0.875 0.8625 9726
0.875 0.8625 9726
0.875 0.8625 9726
0.875 0.8625 9728
0.875 0.8625 9728
0.875 0.8625 9728
0.871875 0.8625 9748
0.871875 0.8625 9754
0.871875 0.8625 9754
0.871875 0.8625 9754
0.871875 0.8625 9754
0.871875 0.8625 9754
0.871875 0.8625 9754
0.871875 0.8625 9754
0.871875 0.8625 9754
0.871875 0.8625 9754
0.871875 0.8625 9754
0.871875 0.8625 9756
0.871875 0.8625 9756
0.871875 0.8625 9756
0.871875 0.8625 9756
0.871875 0.8625 9756
0.871875 0.8625 9756
0.871875 0.8625 9758
0.871875 0.8625 9760
0.871875 0.8625 9760
0.86875 0.8625 9802
0.86875 0.8625 9802
0.86875 0.8625 9802
0.86875 0.8625 9802
0.86875 0.8625 9802
0.871875 0.8625 9832
0.871875 0.8625 9832
0.871875 0.8625 9832
0.871875 0.8625 9832
0.871875 0.8625 9832
0.871875 0.8625 9832
0.871875 0.8625 9832
0.871875 0.8625 9832
0.871875 0.8625 9838
0.871875 0.8625 9840
0.871875 0.8625 9840
0.871875 0.85625 9896
0.871875 0.85625 9896
0.871875 0.85625 9896
0.871875 0.85625 9896
0.871875 0.85625 9896
0.871875 0.85625 9898
0.871875 0.85625 9898
0.871875 0.85625 9898
0.871875 0.85625 9910
0.875 0.8625 9930
0.875 0.8625 9930
0.875 0.8625 9932
0.875 0.8625 9932
0.871875 0.85625 9944
0.871875 0.85625 9944
0.871875 0.85625 9944
0.871875 0.85625 9944
0.871875 0.85625 9944
0.871875 0.85625 9944
0.871875 0.85625 9944
0.871875 0.85625 9944
0.871875 0.85625 9946
0.871875 0.85625 9946
0.871875 0.85625 9958
0.871875 0.85625 9958
0.871875 0.85625 9958
0.871875 0.85625 9970
0.871875 0.85625 9970
0.871875 0.85625 9970
0.871875 0.85625 9970
0.871875 0.85625 9970
0.871875 0.85625 9972
0.871875 0.85625 9972
0.871875 0.85625 9972
0.871875 0.85625 9972
0.871875 0.85625 9972
0.871875 0.85625 9972
0.871875 0.85625 9972
0.871875 0.85625 9972
0.871875 0.85 9974
0.871875 0.85 9974
0.871875 0.85 9976
0.871875 0.85 9976
0.871875 0.85 9976
0.871875 0.85 9976
0.871875 0.85 9976
0.871875 0.85 9976
0.871875 0.85 9978
0.871875 0.85 9980
0.871875 0.85 9980
0.871875 0.85 9980
0.871875 0.85 9980
0.871875 0.85 9980
0.871875 0.85 9980
0.871875 0.85 9980
0.871875 0.85 9980
0.871875 0.85 9980
0.871875 0.85 9980
0.871875 0.85 9980
0.871875 0.85 9980
0.871875 0.85 9980
0.86875 0.85 10010
0.86875 0.85 10010
0.86875 0.85 10010
0.86875 0.85 10010
0.86875 0.85 10010
0.86875 0.85 10010
0.86875 0.85 10010
0.86875 0.85 10052
0.86875 0.85 10052
0.86875 0.85 10052
0.86875 0.85 10052
0.86875 0.85 10052
0.86875 0.85 10052
0.86875 0.85 10052
0.86875 0.85 10052
0.86875 0.85 10052
0.86875 0.85 10052
0.86875 0.85 10052
0.86875 0.85 10052
0.86875 0.85 10052
0.86875 0.85 10052
0.86875 0.85 10052
0.86875 0.85 10054
0.86875 0.85 10054
0.86875 0.85 10054
0.86875 0.85 10054
0.86875 0.85 10074
0.86875 0.85 10076
0.86875 0.85 10076
0.86875 0.85 10076
0.86875 0.85 10076
0.86875 0.85 10076
0.86875 0.85 10076
0.86875 0.85625 10076
0.86875 0.85625 10078
0.86875 0.85625 10078
0.86875 0.85625 10078
0.8625 0.85 10108
0.8625 0.85 10108
0.8625 0.85 10110
0.8625 0.85 10110
0.8625 0.853125 10130
0.8625 0.853125 10130
0.8625 0.853125 10130
0.8625 0.853125 10130
0.8625 0.85 10130
0.8625 0.85625 10132
0.8625 0.85 10132
0.8625 0.85 10132
0.8625 0.85625 10134
0.8625 0.85625 10134
0.8625 0.85625 10134
0.8625 0.85625 10136
0.8625 0.85625 10136
0.8625 0.85 10142
0.8625 0.85625 10154
0.8625 0.85625 10156
0.8625 0.85625 10156
0.8625 0.85625 10212
0.8625 0.85625 10212
0.8625 0.85625 10212
0.8625 0.85625 10212
0.8625 0.85625 10212
0.865625 0.8625 10254
0.865625 0.8625 10254
0.865625 0.8625 10256
0.865625 0.8625 10256
0.865625 0.85625 10256
0.865625 0.85625 10256
0.865625 0.85625 10268
0.865625 0.85625 10270
0.865625 0.85625 10270
0.865625 0.85625 10270
0.865625 0.8625 10272
0.865625 0.8625 10272
0.865625 0.8625 10272
0.865625 0.8625 10274
0.865625 0.8625 10274
0.865625 0.8625 10274
0.865625 0.8625 10274
0.865625 0.85625 10274
0.865625 0.85625 10276
0.865625 0.85625 10276
0.865625 0.85625 10276
0.865625 0.85625 10276
0.8625 0.8625 10408
0.8625 0.8625 10408
0.8625 0.8625 10408
0.8625 0.8625 10408
0.8625 0.8625 10408
0.8625 0.8625 10408
0.8625 0.8625 10408
0.8625 0.8625 10410
0.8625 0.8625 10410
0.8625 0.8625 10410
0.8625 0.8625 10416
0.8625 0.8625 10416
0.8625 0.8625 10416
0.8625 0.8625 10416
0.8625 0.8625 10416
0.8625 0.8625 10422
0.8625 0.8625 10422
0.8625 0.8625 10422
0.8625 0.8625 10422
0.8625 0.8625 10422
0.8625 0.8625 10422
0.8625 0.8625 10422
0.8625 0.8625 10422
0.8625 0.8625 10422
0.8625 0.8625 10422
0.8625 0.8625 10422
0.8625 0.85625 10424
0.8625 0.85625 10424
0.8625 0.85625 10426
0.8625 0.85625 10426
0.8625 0.85625 10438
0.8625 0.85625 10438
0.8625 0.85625 10438
0.8625 0.859375 10444
0.8625 0.859375 10444
0.8625 0.859375 10444
0.8625 0.859375 10444
0.8625 0.859375 10444
0.8625 0.859375 10444
0.8625 0.859375 10444
0.8625 0.859375 10444
0.8625 0.859375 10444
0.8625 0.859375 10444
0.8625 0.859375 10444
0.8625 0.859375 10446
0.8625 0.859375 10446
0.8625 0.859375 10446
0.8625 0.859375 10446
0.8625 0.859375 10446
0.8625 0.859375 10452
0.8625 0.859375 10452
0.8625 0.859375 10452
0.8625 0.859375 10452
0.8625 0.859375 10452
0.85625 0.859375 10464
0.85625 0.859375 10464
0.85625 0.859375 10464
0.85625 0.859375 10464
0.85625 0.859375 10494
0.85625 0.859375 10494
0.85625 0.859375 10494
0.85625 0.859375 10494
0.85625 0.859375 10494
0.85625 0.859375 10500
0.85625 0.86875 10520
0.85625 0.86875 10520
0.85625 0.86875 10526
0.85625 0.86875 10526
0.85625 0.86875 10526
0.85625 0.86875 10532
0.85625 0.86875 10538
0.85625 0.86875 10538
0.853125 0.86875 10544
0.853125 0.86875 10544
0.853125 0.86875 10544
0.853125 0.86875 10544
0.853125 0.86875 10556
0.853125 0.86875 10558
0.853125 0.86875 10558
0.853125 0.86875 10558
0.853125 0.86875 10558
0.853125 0.86875 10558
0.853125 0.86875 10558
0.853125 0.86875 10558
0.853125 0.86875 10558
0.853125 0.86875 10558
0.853125 0.86875 10560
0.853125 0.86875 10560
0.853125 0.86875 10560
0.853125 0.86875 10572
0.853125 0.86875 10572
0.853125 0.86875 10572
0.853125 0.86875 10572
0.853125 0.86875 10602
0.853125 0.86875 10674
0.853125 0.86875 10676
0.853125 0.86875 10676
0.853125 0.86875 10676
0.853125 0.86875 10676
0.853125 0.86875 10676
0.853125 0.86875 10676
0.853125 0.86875 10676
0.853125 0.86875 10676
0.853125 0.86875 10676
0.853125 0.86875 10676
0.853125 0.86875 10676
0.853125 0.8625 10682
0.853125 0.86875 10702
0.853125 0.86875 10708
0.853125 0.86875 10708
0.853125 0.86875 10710
0.853125 0.86875 10710
0.853125 0.86875 10710
0.853125 0.86875 10712
0.853125 0.86875 10712
0.853125 0.86875 10712
0.853125 0.86875 10712
0.853125 0.86875 10714
0.853125 0.86875 10714
0.853125 0.86875 10714
0.853125 0.86875 10714
0.853125 0.86875 10714
0.853125 0.86875 10714
0.853125 0.86875 10714
0.853125 0.86875 10714
0.853125 0.86875 10714
0.853125 0.865625 10714
0.853125 0.865625 10714
0.853125 0.865625 10716
0.853125 0.865625 10716
0.853125 0.859375 10716
0.853125 0.859375 10716
0.853125 0.859375 10716
0.853125 0.859375 10718
0.853125 0.859375 10724
0.853125 0.859375 10724
0.853125 0.859375 10724
0.853125 0.859375 10724
0.853125 0.865625 10724
0.853125 0.865625 10724
0.853125 0.865625 10724
0.853125 0.865625 10724
0.853125 0.865625 10724
0.853125 0.865625 10724
0.853125 0.865625 10736
0.853125 0.865625 10736
0.853125 0.865625 10736
0.853125 0.865625 10736
0.853125 0.865625 10738
0.853125 0.865625 10740
0.853125 0.865625 10740
0.853125 0.865625 10746
0.853125 0.865625 10746
0.85 0.865625 10766
0.85 0.86875 10768
0.85 0.86875 10768
0.85 0.86875 10768
0.85 0.8625 10768
0.85 0.8625 10770
0.85 0.8625 10770
0.85 0.8625 10770
0.85 0.8625 10772
0.85 0.8625 10772
0.85 0.8625 10778
0.85 0.8625 10778
0.85 0.8625 10778
0.85 0.8625 10784
0.85 0.8625 10784
0.85 0.8625 10786
0.85 0.86875 10786
0.85 0.86875 10786
0.85 0.86875 10792
0.85 0.86875 10792
0.85 0.86875 10792
0.85 0.86875 10792
0.85 0.86875 10792
0.85 0.86875 10794
0.85 0.86875 10794
0.85 0.86875 10794
0.85 0.86875 10794
0.85 0.86875 10806
0.85 0.86875 10808
0.85 0.86875 10808
0.85 0.86875 10808
0.85 0.86875 10808
0.85 0.8625 10808
0.85 0.8625 10808
0.85 0.8625 10808
0.85625 0.86875 10810
0.85625 0.86875 10810
0.85625 0.86875 10810
0.85625 0.86875 10810
0.85625 0.86875 10810
0.85625 0.86875 10816
0.85625 0.86875 10818
0.85625 0.86875 10818
0.85625 0.86875 10820
0.85625 0.86875 10820
0.85625 0.86875 10822
0.85625 0.86875 10822
0.85625 0.86875 10822
0.85625 0.86875 10834
0.85625 0.86875 10834
0.85625 0.86875 10836
0.85625 0.86875 10836
0.85625 0.86875 10848
0.85625 0.86875 10850
0.85625 0.86875 10850
0.85625 0.86875 10850
0.85625 0.86875 10850
0.85625 0.86875 10850
0.85625 0.86875 10870
0.85625 0.86875 10870
0.85625 0.86875 10872
0.85625 0.86875 10872
0.85625 0.86875 10872
0.85625 0.86875 10874
0.85625 0.86875 10874
0.85625 0.86875 10874
0.85625 0.86875 10874
0.85625 0.86875 10874
0.85625 0.86875 10874
0.85625 0.86875 10874
0.85625 0.86875 10874
0.85625 0.86875 10874
0.859375 0.86875 10894
0.859375 0.86875 10894
0.859375 0.86875 10894
0.859375 0.86875 10906
0.859375 0.86875 10906
0.859375 0.86875 10906
0.859375 0.86875 10906
0.859375 0.86875 10906
0.859375 0.86875 10906
0.859375 0.86875 10906
0.859375 0.86875 10906
0.859375 0.86875 10906
0.859375 0.86875 10906
0.859375 0.86875 10906
0.859375 0.86875 10918
0.859375 0.86875 10918
0.859375 0.86875 10918
0.859375 0.86875 10918
0.859375 0.86875 10920
0.859375 0.86875 10920
0.859375 0.86875 10920
0.859375 0.86875 10920
0.859375 0.86875 10926
0.859375 0.86875 10926
0.859375 0.86875 10926
0.859375 0.86875 10926
0.859375 0.86875 10926
0.859375 0.86875 10926
0.859375 0.86875 10932
0.859375 0.86875 10932
0.859375 0.86875 10932
0.859375 0.86875 10932
0.859375 0.86875 10932
0.865625 0.86875 10962
0.865625 0.86875 10962
0.865625 0.86875 10962
0.865625 0.86875 10962
0.865625 0.86875 10968
0.865625 0.86875 10968
0.865625 0.86875 10970
0.865625 0.86875 10970
0.865625 0.86875 10970
0.865625 0.86875 10970
0.865625 0.86875 10972
0.865625 0.86875 10972
0.865625 0.86875 10972
0.865625 0.86875 10978
0.865625 0.86875 10978
0.865625 0.86875 10978
0.865625 0.86875 10980
0.865625 0.86875 10980
0.865625 0.86875 10980
0.865625 0.86875 10980
0.865625 0.86875 10992
0.865625 0.86875 10992
0.865625 0.86875 10992
0.865625 0.86875 10994
0.865625 0.86875 10994
0.865625 0.86875 10994
0.865625 0.86875 10994
0.865625 0.86875 10994
0.865625 0.86875 11006
0.865625 0.86875 11008
0.865625 0.86875 11020
0.865625 0.86875 11020
0.865625 0.86875 11020
0.865625 0.86875 11020
0.865625 0.86875 11020
0.865625 0.86875 11020
0.865625 0.86875 11020
0.865625 0.86875 11020
0.865625 0.86875 11020
0.865625 0.86875 11022
0.865625 0.86875 11022
0.865625 0.86875 11022
0.865625 0.86875 11022
0.865625 0.86875 11022
0.859375 0.8625 11094
0.859375 0.8625 11094
0.85625 0.85625 11100
0.85625 0.85625 11100
0.85625 0.85625 11100
0.85625 0.85625 11100
0.85625 0.85625 11112
0.85625 0.85625 11112
0.85625 0.85625 11112
0.85625 0.85625 11112
0.85625 0.85625 11112
0.85625 0.85625 11112
0.85625 0.85625 11114
0.85625 0.85625 11114
0.85625 0.85625 11116
0.85625 0.85625 11116
0.85625 0.85625 11116
0.85 0.85625 11158
0.85 0.85625 11158
0.85 0.85625 11158
0.85 0.85625 11158
0.85 0.85625 11158
0.85 0.85625 11158
0.85 0.85625 11170
0.85 0.85625 11170
0.85 0.85625 11170
0.85 0.85625 11176
0.85 0.85625 11176
0.85 0.85625 11182
0.85 0.85625 11182
0.85 0.85625 11182
0.85 0.85625 11182
0.85 0.85625 11182
0.85 0.85625 11182
0.85 0.85625 11182
0.85 0.85 11194
0.85 0.85 11196
0.85 0.85 11196
0.85 0.85 11196
0.85 0.85 11198
0.85 0.85 11198
0.85 0.85 11198
0.85 0.85 11198
0.85 0.85 11210
0.85 0.85 11216
0.85 0.85 11216
0.85 0.85 11216
0.85 0.85 11216
0.85 0.85 11216
0.85 0.85 11216
0.85 0.85 11216
0.85 0.85 11216
0.85 0.85 11246
0.85 0.85 11252
0.85 0.85 11252
0.85 0.85 11258
0.85 0.85 11258
0.85 0.85 11258
0.85 0.85 11258
0.85 0.85 11258
0.85 0.85 11258
0.85 0.85 11258
0.85 0.85 11258
0.85 0.85 11258
0.85 0.85 11258
0.85 0.85 11258
0.85 0.85 11260
0.85 0.85 11260
0.85 0.85 11266
0.85 0.85 11266
0.85 0.85 11266
0.85 0.85 11268
0.85 0.85 11268
0.85 0.85 11268
0.85 0.85 11268
0.85 0.85 11268
0.85 0.85 11268
0.85 0.85 11268
0.85 0.85 11270
0.85 0.85 11272
0.85 0.85 11274
0.85 0.85 11274
0.85 0.85 11286
0.85 0.85 11286
0.85 0.85 11288
0.85 0.85 11288
0.85 0.85 11288
0.85 0.85 11288
0.85 0.85 11290
0.85 0.85 11290
0.8625 0.85625 11320
0.8625 0.85625 11320
0.8625 0.85625 11322
0.8625 0.85625 11322
0.8625 0.85625 11322
0.8625 0.85625 11322
0.859375 0.85625 11432
0.859375 0.85625 11432
0.859375 0.85625 11434
0.859375 0.85625 11436
0.859375 0.85625 11436
0.859375 0.85625 11436
0.859375 0.85625 11436
0.859375 0.85625 11436
0.859375 0.85625 11436
0.859375 0.85625 11438
0.859375 0.85625 11438
0.859375 0.85625 11438
0.859375 0.85625 11440
0.859375 0.85625 11452
0.859375 0.85625 11472
0.859375 0.85625 11474
0.859375 0.85 11504
0.859375 0.85 11504
0.859375 0.85 11504
0.859375 0.85 11504
0.859375 0.85 11504
0.859375 0.85 11504
0.859375 0.85 11504
0.859375 0.85 11504
0.859375 0.85 11504
0.859375 0.85 11504
0.859375 0.85 11504
0.859375 0.85 11504
0.859375 0.85 11504
0.859375 0.85 11504
0.859375 0.85 11504
0.859375 0.85 11534
0.859375 0.85 11534
0.859375 0.85 11534
0.859375 0.85 11534
0.859375 0.85 11534
0.859375 0.85 11536
0.859375 0.85 11536
0.859375 0.85 11536
0.859375 0.85 11536
0.859375 0.85 11536
0.859375 0.85 11536
0.859375 0.85 11536
0.859375 0.85 11542
0.859375 0.85 11542
0.859375 0.85 11542
0.859375 0.85 11542
0.859375 0.85 11542
0.859375 0.85 11542
0.859375 0.85 11544
0.859375 0.85 11544
0.859375 0.85 11544
0.859375 0.85 11544
0.859375 0.85 11546
0.859375 0.85 11546
0.859375 0.85 11546
0.859375 0.85 11546
0.85625 0.85 11566
0.85625 0.85 11566
0.85625 0.85 11566
0.85625 0.85 11566
0.85625 0.85 11566
0.85625 0.85 11566
0.85625 0.85 11572
0.85625 0.85 11572
0.85625 0.85 11572
0.85625 0.85 11572
0.85625 0.85 11572
0.85625 0.85 11572
0.853125 0.83125 12034
0.853125 0.83125 12034
0.853125 0.83125 12034
0.853125 0.83125 12040
0.853125 0.83125 12040
0.853125 0.83125 12042
0.853125 0.83125 12044
0.853125 0.83125 12044
0.853125 0.83125 12044
0.853125 0.83125 12056
0.859375 0.8375 12086
0.859375 0.8375 12088
0.859375 0.8375 12088
0.859375 0.8375 12090
0.859375 0.8375 12090
0.859375 0.8375 12090
0.859375 0.8375 12090
0.859375 0.8375 12090
0.859375 0.8375 12090
0.859375 0.8375 12090
0.859375 0.8375 12120
0.859375 0.8375 12120
0.859375 0.8375 12120
0.859375 0.8375 12120
0.865625 0.84375 12162
0.865625 0.84375 12162
0.865625 0.8375 12218
0.865625 0.8375 12218
0.865625 0.8375 12218
0.865625 0.8375 12218
0.865625 0.8375 12220
0.865625 0.8375 12226
0.865625 0.8375 12228
0.865625 0.8375 12240
0.865625 0.8375 12240
0.865625 0.8375 12240
0.865625 0.8375 12240
0.865625 0.8375 12252
0.865625 0.8375 12252
0.865625 0.8375 12252
0.865625 0.8375 12254
0.865625 0.8375 12256
0.865625 0.8375 12256
0.865625 0.8375 12256
0.865625 0.8375 12258
0.865625 0.8375 12258
0.865625 0.8375 12258
0.865625 0.8375 12258
0.865625 0.8375 12260
0.865625 0.8375 12260
0.865625 0.8375 12260
0.865625 0.8375 12262
0.865625 0.8375 12264
0.865625 0.8375 12284
0.865625 0.8375 12284
0.865625 0.8375 12284
0.865625 0.8375 12284
0.865625 0.8375 12284
0.865625 0.8375 12284
0.865625 0.8375 12286
0.865625 0.8375 12292
0.865625 0.8375 12292
0.865625 0.8375 12304
0.865625 0.8375 12304
0.865625 0.8375 12304
0.8625 0.8375 12310
0.8625 0.8375 12310
0.8625 0.8375 12310
0.8625 0.8375 12310
0.8625 0.8375 12310
0.8625 0.8375 12310
0.8625 0.8375 12312
0.8625 0.8375 12312
0.8625 0.8375 12318
0.8625 0.8375 12318
0.8625 0.8375 12330
0.8625 0.8375 12330
0.8625 0.8375 12330
0.8625 0.8375 12330
0.8625 0.8375 12330
0.8625 0.8375 12330
0.8625 0.8375 12330
0.8625 0.8375 12330
0.8625 0.8375 12330
0.8625 0.8375 12330
0.8625 0.8375 12330
0.8625 0.8375 12330
0.8625 0.8375 12330
0.8625 0.8375 12330
0.8625 0.8375 12330
0.8625 0.8375 12386
0.8625 0.8375 12386
0.8625 0.8375 12386
0.8625 0.8375 12388
0.8625 0.8375 12388
0.8625 0.8375 12388
0.8625 0.8375 12388
0.8625 0.8375 12388
0.8625 0.8375 12388
0.8625 0.8375 12388
0.8625 0.8375 12388
0.8625 0.8375 12388
0.8625 0.8375 12388
0.8625 0.8375 12388
0.8625 0.8375 12388
0.8625 0.8375 12388
0.8625 0.8375 12388
0.8625 0.8375 12388
0.8625 0.8375 12388
0.8625 0.8375 12388
0.8625 0.8375 12390
0.8625 0.8375 12390
0.8625 0.8375 12390
0.8625 0.8375 12410
0.8625 0.8375 12412
0.8625 0.8375 12414
0.8625 0.8375 12414
0.8625 0.8375 12420
0.8625 0.8375 12420
0.8625 0.8375 12420
0.8625 0.8375 12420
0.8625 0.8375 12420
0.8625 0.8375 12420
0.8625 0.8375 12420
0.8625 0.8375 12420
0.8625 0.8375 12432
0.8625 0.8375 12432
0.8625 0.8375 12432
0.8625 0.8375 12438
0.859375 0.8375 12444
0.859375 0.8375 12444
0.859375 0.8375 12444
0.859375 0.8375 12444
0.859375 0.8375 12444
0.859375 0.8375 12444
0.859375 0.8375 12450
0.859375 0.8375 12450
0.859375 0.8375 12450
0.859375 0.8375 12450
0.859375 0.8375 12450
0.859375 0.8375 12450
0.859375 0.8375 12450
0.859375 0.8375 12450
0.859375 0.8375 12450
0.859375 0.8375 12452
0.859375 0.8375 12452
0.859375 0.8375 12452
0.859375 0.8375 12472
0.859375 0.8375 12472
0.85625 0.8375 12514
0.85625 0.8375 12514
0.85625 0.8375 12514
0.85625 0.8375 12514
0.85625 0.8375 12534
0.85625 0.8375 12540
0.85625 0.8375 12540
0.85625 0.8375 12540
0.85625 0.8375 12540
0.85625 0.8375 12540
0.85625 0.8375 12540
0.85625 0.8375 12540
0.85625 0.8375 12540
0.85625 0.8375 12540
0.85625 0.8375 12540
0.85625 0.8375 12542
0.85625 0.8375 12542
0.85625 0.8375 12542
0.85625 0.8375 12542
0.85625 0.8375 12544
0.85625 0.8375 12550
0.85625 0.8375 12552
0.85625 0.8375 12554
0.85625 0.8375 12554
0.85625 0.8375 12566
0.85625 0.8375 12566
0.85625 0.8375 12568
0.85625 0.8375 12570
0.85625 0.8375 12570
0.85625 0.8375 12570
0.85625 0.8375 12570
0.85625 0.8375 12570
0.85625 0.8375 12570
0.85625 0.8375 12570
0.85625 0.8375 12570
0.85625 0.8375 12570
0.85625 0.8375 12570
0.85625 0.8375 12570
0.85625 0.8375 12570
0.85625 0.8375 12570
0.85625 0.8375 12582
0.85625 0.8375 12582
0.85625 0.8375 12594
0.85625 0.8375 12594
0.85625 0.8375 12594
0.85625 0.8375 12600
0.85625 0.8375 12600
0.85625 0.8375 12600
0.85625 0.8375 12600
0.85625 0.8375 12600
0.85625 0.8375 12600
0.85625 0.8375 12602
0.85625 0.8375 12602
0.85625 0.8375 12602
0.85625 0.8375 12602
0.85625 0.8375 12602
0.85625 0.8375 12602
0.85625 0.8375 12602
0.85625 0.8375 12602
0.85625 0.8375 12602
0.85625 0.8375 12604
0.85625 0.8375 12604
0.85625 0.8375 12604
0.85625 0.8375 12604
0.85625 0.8375 12604
0.85625 0.8375 12606
0.85625 0.8375 12606
0.85625 0.8375 12606
0.85625 0.8375 12606
0.85625 0.8375 12606
0.85625 0.8375 12606
0.85625 0.8375 12618
0.85625 0.8375 12618
0.85625 0.8375 12618
0.85625 0.8375 12618
0.85625 0.8375 12618
0.85625 0.8375 12638
0.85625 0.8375 12644
0.85625 0.8375 12644
0.85625 0.8375 12644
0.85625 0.8375 12644
0.85625 0.8375 12650
0.85625 0.8375 12650
0.85625 0.84375 12670
0.85625 0.84375 12670
0.85625 0.84375 12670
0.85625 0.84375 12670
0.85625 0.84375 12670
0.85625 0.84375 12670
0.85625 0.84375 12670
0.85625 0.84375 12670
0.85625 0.84375 12670
0.85625 0.84375 12670
0.85625 0.84375 12670
0.85625 0.84375 12670
0.85625 0.84375 12670
0.85625 0.84375 12676
0.85625 0.84375 12676
0.85625 0.84375 12676
0.85625 0.84375 12676
0.85625 0.84375 12676
0.85625 0.84375 12676
0.85625 0.84375 12676
0.85625 0.84375 12676
0.85625 0.84375 12676
0.85625 0.84375 12676
0.85625 0.84375 12718
0.85625 0.84375 12718
0.85625 0.84375 12724
0.85625 0.84375 12724
0.85625 0.84375 12726
0.85625 0.84375 12726
0.85625 0.84375 12726
0.85625 0.84375 12726
0.85625 0.84375 12726
0.85625 0.84375 12726
0.85625 0.84375 12726
0.85625 0.84375 12728
0.85625 0.84375 12730
0.85625 0.84375 12730
0.85625 0.84375 12730
0.85625 0.84375 12730
0.85625 0.84375 12730
0.85625 0.84375 12730
0.85625 0.84375 12730
0.85625 0.84375 12732
0.85625 0.84375 12732
0.85625 0.84375 12732
0.85625 0.84375 12732
0.85625 0.84375 12734
0.85625 0.84375 12734
0.85625 0.84375 12734
0.85625 0.84375 12734
0.85625 0.84375 12734
0.85625 0.84375 12734
0.85625 0.84375 12734
0.85625 0.84375 12734
0.85625 0.84375 12734
0.85625 0.84375 12734
0.85625 0.84375 12764
0.85625 0.84375 12764
0.85625 0.84375 12764
0.85625 0.84375 12764
0.85625 0.84375 12766
0.85625 0.84375 12766
0.85625 0.84375 12766
0.85625 0.84375 12772
0.85625 0.84375 12772
0.85625 0.84375 12772
0.85625 0.84375 12772
0.85625 0.84375 12772
0.85625 0.84375 12772
0.85625 0.84375 12772
0.85625 0.84375 12772
0.85625 0.84375 12774
0.85625 0.84375 12774
0.85625 0.84375 12774
0.85625 0.84375 12780
0.85625 0.84375 12780
0.85625 0.84375 12780
0.85625 0.84375 12780
0.85625 0.84375 12780
0.85625 0.84375 12792
0.85625 0.84375 12792
0.853125 0.84375 12948
0.853125 0.84375 12948
0.853125 0.84375 12948
0.853125 0.84375 12948
0.853125 0.84375 12948
0.853125 0.84375 12948
0.853125 0.84375 12948
0.853125 0.84375 12948
0.853125 0.84375 12950
0.853125 0.84375 12950
0.853125 0.84375 12950
0.853125 0.84375 12950
0.853125 0.84375 12950
0.853125 0.84375 12950
0.853125 0.84375 12950
0.853125 0.84375 12952
0.853125 0.84375 12952
0.853125 0.84375 12958
0.853125 0.84375 12958
0.853125 0.84375 12958
0.853125 0.84375 12960
0.853125 0.84375 12960
0.853125 0.84375 12960
0.853125 0.84375 12960
0.85625 0.84375 12990
0.85625 0.84375 12990
0.85625 0.84375 12990
0.85625 0.84375 12990
0.85625 0.84375 12992
0.85625 0.84375 12992
0.85625 0.84375 12992
0.85625 0.84375 12994
0.85625 0.84375 13000
0.85625 0.84375 13020
0.85625 0.84375 13020
0.85625 0.84375 13020
0.85625 0.84375 13020
0.85625 0.84375 13020
0.85625 0.84375 13020
0.85625 0.84375 13020
0.85625 0.84375 13020
0.85625 0.84375 13020
0.85625 0.84375 13020
0.85625 0.84375 13020
0.85625 0.84375 13040
0.85625 0.84375 13040
0.85625 0.84375 13040
0.85625 0.84375 13040
0.85625 0.84375 13040
0.85625 0.84375 13040
0.85625 0.84375 13040
0.85625 0.84375 13040
0.85625 0.84375 13040
0.85625 0.84375 13040
0.85625 0.84375 13040
0.85625 0.84375 13040
0.85625 0.84375 13040
0.85625 0.84375 13040
0.85625 0.84375 13040
0.85625 0.84375 13040
0.85625 0.84375 13052
0.85625 0.84375 13052
0.85625 0.84375 13052
0.85625 0.84375 13052
0.85625 0.84375 13052
0.85625 0.84375 13052
0.85625 0.84375 13054
0.85625 0.84375 13054
0.85625 0.84375 13054
0.85625 0.84375 13056
0.85625 0.84375 13056
0.85625 0.84375 13056
0.85625 0.84375 13056
0.85625 0.84375 13062
0.85625 0.84375 13064
0.85625 0.84375 13064
0.85625 0.84375 13064
0.85625 0.84375 13064
0.85625 0.84375 13066
0.85625 0.84375 13066
0.85625 0.84375 13066
0.85625 0.84375 13072
0.85625 0.84375 13072
0.85625 0.84375 13072
0.85625 0.84375 13072
0.85625 0.84375 13072
0.85625 0.84375 13072
0.85625 0.84375 13074
0.85625 0.84375 13074
0.8625 0.84375 13104
0.8625 0.84375 13104
0.8625 0.84375 13104
0.8625 0.84375 13104
0.8625 0.84375 13104
0.8625 0.84375 13104
0.8625 0.84375 13106
0.8625 0.84375 13106
0.8625 0.84375 13106
0.8625 0.84375 13112
0.8625 0.84375 13112
0.8625 0.84375 13112
0.8625 0.84375 13112
0.8625 0.84375 13114
0.8625 0.84375 13114
0.8625 0.84375 13116
0.8625 0.84375 13116
0.8625 0.84375 13128
0.8625 0.84375 13128
0.8625 0.84375 13128
0.8625 0.84375 13128
0.8625 0.84375 13128
0.8625 0.84375 13128
0.8625 0.84375 13140
0.8625 0.84375 13140
0.8625 0.84375 13140
0.8625 0.84375 13140
0.8625 0.8375 13140
0.8625 0.8375 13142
0.8625 0.84375 13142
0.8625 0.84375 13142
0.8625 0.84375 13142
0.8625 0.84375 13162
0.8625 0.84375 13162
0.8625 0.84375 13162
0.8625 0.84375 13162
0.8625 0.84375 13162
0.8625 0.84375 13168
0.8625 0.84375 13168
0.8625 0.84375 13168
0.8625 0.84375 13168
0.8625 0.84375 13180
0.8625 0.84375 13180
0.8625 0.84375 13180
0.8625 0.84375 13180
0.8625 0.84375 13180
0.865625 0.85625 13252
0.865625 0.85625 13254
0.865625 0.85625 13254
0.865625 0.85625 13256
0.865625 0.85625 13256
0.865625 0.85625 13256
0.865625 0.85625 13256
0.865625 0.85625 13258
0.865625 0.85625 13258
0.865625 0.85625 13258
0.865625 0.85625 13258
0.865625 0.85625 13258
0.865625 0.85625 13258
0.865625 0.85625 13258
0.865625 0.85625 13258
0.865625 0.85625 13258
0.865625 0.85625 13258
0.865625 0.85625 13260
0.865625 0.85625 13260
0.865625 0.85625 13266
0.865625 0.85625 13266
0.865625 0.85625 13308
0.865625 0.85625 13308
0.865625 0.85625 13308
0.865625 0.85625 13308
0.865625 0.85625 13310
0.865625 0.85625 13316
0.865625 0.85625 13316
0.865625 0.85625 13322
0.865625 0.85625 13324
0.865625 0.85625 13324
0.865625 0.85625 13324
0.865625 0.85625 13324
0.865625 0.85625 13330
0.865625 0.85625 13330
0.8625 0.85625 13336
0.8625 0.85625 13342
0.8625 0.85625 13342
0.8625 0.85625 13342
0.8625 0.85625 13348
0.8625 0.85625 13360
0.8625 0.85625 13360
0.8625 0.85625 13360
0.8625 0.85625 13360
0.8625 0.85625 13360
0.8625 0.85625 13360
0.8625 0.85625 13362
0.8625 0.85625 13362
0.8625 0.85625 13362
0.8625 0.85625 13362
0.8625 0.85625 13362
0.8625 0.85625 13362
0.865625 0.85625 13392
