0.803125 0.79375 596
0.803125 0.7875 616
0.803125 0.7875 616
0.803125 0.790625 618
0.803125 0.796875 618
0.803125 0.803125 620
0.803125 0.8 620
0.803125 0.784375 622
0.803125 0.784375 624
0.803125 0.78125 624
0.803125 0.78125 624
0.803125 0.778125 624
0.803125 0.778125 624
0.803125 0.778125 624
0.803125 0.78125 624
0.803125 0.78125 626
0.803125 0.78125 626
0.803125 0.784375 626
0.803125 0.784375 626
0.803125 0.784375 626
0.803125 0.79375 626
0.803125 0.7875 626
0.803125 0.7875 626
0.803125 0.796875 638
0.803125 0.796875 638
0.803125 0.796875 638
0.803125 0.796875 638
0.803125 0.784375 640
0.803125 0.784375 640
0.803125 0.784375 640
0.803125 0.784375 640
0.803125 0.784375 640
0.803125 0.7875 682
0.803125 0.7875 682
0.803125 0.7875 688
0.803125 0.784375 688
0.79375 0.784375 744
0.79375 0.76875 746
0.79375 0.765625 746
0.79375 0.765625 746
0.79375 0.759375 746
0.79375 0.759375 746
0.79375 0.759375 746
0.79375 0.759375 746
0.79375 0.759375 746
0.784375 0.753125 766
0.778125 0.746875 796
0.778125 0.746875 798
0.778125 0.740625 798
0.778125 0.740625 798
0.778125 0.740625 798
0.778125 0.740625 798
0.778125 0.740625 798
0.778125 0.75 804
0.778125 0.75 806
0.778125 0.746875 806
0.778125 0.740625 808
0.778125 0.740625 808
0.778125 0.740625 808
0.778125 0.74375 810
0.778125 0.74375 810
0.778125 0.74375 810
0.778125 0.74375 810
0.778125 0.74375 810
0.778125 0.74375 812
0.778125 0.74375 812
0.778125 0.74375 812
0.778125 0.746875 818
0.778125 0.746875 818
0.778125 0.746875 818
0.778125 0.746875 818
0.778125 0.75 818
0.7875 0.759375 838
0.7875 0.759375 838
0.7875 0.759375 838
0.7875 0.759375 838
0.7875 0.759375 844
0.7875 0.759375 844
0.7875 0.759375 856
0.7875 0.771875 856
0.7875 0.76875 858
0.7875 0.76875 858
0.7875 0.7625 858
0.7875 0.759375 858
0.7875 0.759375 858
0.7875 0.75625 870
0.821875 0.784375 872
0.821875 0.784375 872
0.821875 0.784375 878
0.821875 0.784375 878
0.821875 0.784375 884
0.821875 0.784375 886
0.821875 0.784375 886
0.821875 0.784375 886
0.821875 0.784375 898
0.821875 0.784375 898
0.821875 0.790625 918
0.821875 0.790625 918
0.821875 0.79375 918
0.821875 0.796875 918
0.821875 0.790625 920
0.821875 0.790625 920
0.821875 0.7875 920
0.821875 0.7875 922
0.821875 0.7875 922
0.821875 0.790625 922
0.821875 0.790625 922
0.853125 0.821875 952
0.853125 0.821875 952
0.853125 0.821875 952
0.853125 0.821875 954
0.853125 0.821875 954
0.853125 0.821875 956
0.853125 0.821875 956
0.853125 0.821875 956
0.853125 0.821875 958
0.853125 0.81875 958
0.853125 0.81875 958
0.853125 0.81875 958
0.853125 0.815625 970
0.853125 0.815625 970
0.853125 0.81875 972
0.853125 0.815625 972
0.853125 0.815625 972
0.8625 0.821875 984
0.8625 0.821875 984
0.8625 0.821875 984
0.8625 0.825 996
0.8625 0.825 996
0.8625 0.825 996
0.8625 0.825 998
0.8625 0.828125 1004
0.8625 0.83125 1010
0.8625 0.83125 1010
0.8625 0.83125 1012
0.8625 0.83125 1012
0.8625 0.83125 1012
0.8625 0.83125 1012
0.8625 0.83125 1012
0.8625 0.83125 1012
0.8625 0.83125 1012
0.8625 0.83125 1012
0.8625 0.83125 1012
0.8625 0.83125 1012
0.8625 0.83125 1014
0.8625 0.83125 1014
0.8625 0.825 1016
0.8625 0.825 1016
0.8625 0.821875 1016
0.8625 0.821875 1016
0.8625 0.821875 1018
0.8625 0.821875 1018
0.8625 0.821875 1018
0.8625 0.828125 1018
0.8625 0.828125 1018
0.8625 0.828125 1018
0.859375 0.821875 1048
0.859375 0.821875 1048
0.859375 0.81875 1048
0.859375 0.81875 1048
0.859375 0.81875 1048
0.859375 0.81875 1048
0.859375 0.828125 1068
0.859375 0.828125 1068
0.859375 0.828125 1074
0.859375 0.828125 1074
0.859375 0.828125 1074
0.859375 0.828125 1074
0.859375 0.828125 1074
0.859375 0.828125 1074
0.859375 0.828125 1074
0.859375 0.828125 1074
0.859375 0.828125 1074
0.859375 0.828125 1074
0.859375 0.815625 1080
0.859375 0.815625 1080
0.859375 0.815625 1080
0.859375 0.815625 1080
0.859375 0.815625 1080
0.859375 0.81875 1080
0.859375 0.81875 1080
0.859375 0.815625 1080
0.859375 0.815625 1080
0.859375 0.815625 1080
0.859375 0.815625 1100
0.859375 0.815625 1100
0.859375 0.815625 1100
0.859375 0.815625 1100
0.859375 0.815625 1100
0.859375 0.815625 1100
0.859375 0.815625 1100
0.859375 0.815625 1112
0.859375 0.815625 1112
0.859375 0.815625 1112
0.859375 0.815625 1112
0.859375 0.815625 1112
0.859375 0.815625 1112
0.859375 0.8125 1112
0.859375 0.8125 1114
0.859375 0.809375 1114
0.859375 0.809375 1116
0.859375 0.809375 1116
0.859375 0.8125 1116
0.859375 0.8125 1116
0.859375 0.815625 1116
0.859375 0.81875 1116
0.859375 0.821875 1118
0.859375 0.821875 1118
0.859375 0.821875 1118
0.859375 0.821875 1118
0.859375 0.821875 1118
0.859375 0.815625 1118
0.859375 0.815625 1118
0.859375 0.815625 1118
0.859375 0.815625 1118
0.859375 0.815625 1118
0.859375 0.815625 1118
0.859375 0.815625 1118
0.859375 0.815625 1118
0.859375 0.815625 1118
0.859375 0.8125 1130
0.859375 0.8125 1130
0.859375 0.8125 1130
0.859375 0.8125 1132
0.859375 0.8125 1132
0.859375 0.8125 1132
0.859375 0.8125 1132
0.859375 0.8125 1132
0.859375 0.809375 1132
0.859375 0.803125 1132
0.859375 0.80625 1132
0.859375 0.80625 1132
0.859375 0.80625 1144
0.859375 0.80625 1146
0.859375 0.80625 1146
0.859375 0.803125 1146
0.859375 0.803125 1146
0.859375 0.803125 1146
0.859375 0.803125 1146
0.859375 0.803125 1148
0.859375 0.8 1148
0.859375 0.8 1148
0.859375 0.8 1148
0.859375 0.8 1154
0.859375 0.8 1154
0.859375 0.796875 1160
0.859375 0.796875 1160
0.859375 0.796875 1160
0.859375 0.796875 1166
0.859375 0.8 1168
0.859375 0.796875 1180
0.859375 0.796875 1180
0.859375 0.796875 1180
0.853125 0.809375 1252
0.853125 0.809375 1252
0.853125 0.809375 1252
0.853125 0.809375 1252
0.853125 0.809375 1252
0.853125 0.809375 1252
0.853125 0.815625 1258
0.853125 0.815625 1258
0.853125 0.815625 1260
0.853125 0.809375 1260
0.853125 0.809375 1260
0.853125 0.809375 1262
0.853125 0.809375 1262
0.853125 0.815625 1292
0.853125 0.8125 1292
0.853125 0.81875 1292
0.853125 0.81875 1294
0.853125 0.81875 1296
0.853125 0.815625 1296
0.853125 0.809375 1296
0.853125 0.809375 1298
0.853125 0.809375 1298
0.853125 0.809375 1298
0.853125 0.809375 1298
0.853125 0.809375 1298
0.853125 0.80625 1298
0.853125 0.80625 1298
0.853125 0.80625 1298
0.853125 0.80625 1298
0.853125 0.80625 1298
0.853125 0.80625 1298
0.853125 0.80625 1298
0.853125 0.80625 1298
0.853125 0.80625 1298
0.853125 0.80625 1298
0.85625 0.809375 1354
0.85625 0.80625 1354
0.85625 0.80625 1356
0.85625 0.80625 1356
0.85625 0.80625 1356
0.85625 0.80625 1368
0.85625 0.80625 1370
0.85625 0.80625 1370
0.853125 0.79375 1382
0.853125 0.803125 1388
0.853125 0.803125 1388
0.853125 0.803125 1390
0.853125 0.8 1390
0.853125 0.8 1396
0.853125 0.796875 1396
0.853125 0.796875 1396
0.853125 0.796875 1398
0.853125 0.796875 1398
0.853125 0.796875 1398
0.853125 0.796875 1398
0.853125 0.796875 1398
0.853125 0.796875 1404
0.853125 0.796875 1416
0.853125 0.796875 1416
0.865625 0.803125 1418
0.865625 0.803125 1420
0.865625 0.803125 1420
0.865625 0.803125 1420
0.865625 0.8 1420
0.8625 0.8 1450
0.8625 0.8 1450
0.8625 0.8 1450
0.8625 0.8 1450
0.8625 0.8 1450
0.8625 0.8 1450
0.8625 0.8 1450
0.8625 0.8 1450
0.8625 0.8 1452
0.859375 0.796875 1458
0.859375 0.796875 1458
0.859375 0.796875 1458
0.859375 0.796875 1458
0.859375 0.796875 1458
0.859375 0.796875 1460
0.859375 0.796875 1462
0.859375 0.8 1462
0.859375 0.80625 1464
0.859375 0.80625 1466
0.859375 0.8 1468
0.859375 0.8 1468
0.859375 0.8 1468
0.859375 0.809375 1480
0.859375 0.80625 1480
0.859375 0.803125 1482
0.859375 0.80625 1484
0.859375 0.8125 1490
0.859375 0.8125 1490
0.859375 0.81875 1490
0.859375 0.81875 1490
0.859375 0.81875 1490
0.859375 0.81875 1490
0.859375 0.828125 1490
0.859375 0.825 1492
0.859375 0.825 1492
0.859375 0.825 1492
0.859375 0.825 1492
0.859375 0.825 1492
0.859375 0.825 1492
0.859375 0.825 1492
0.859375 0.825 1492
0.859375 0.825 1492
0.865625 0.828125 1582
0.865625 0.828125 1582
0.865625 0.828125 1582
0.865625 0.828125 1582
0.865625 0.828125 1582
0.865625 0.828125 1582
0.865625 0.828125 1582
0.865625 0.828125 1582
0.865625 0.828125 1582
0.865625 0.828125 1584
0.865625 0.828125 1584
0.865625 0.828125 1584
0.865625 0.828125 1584
0.865625 0.828125 1584
0.865625 0.828125 1584
0.865625 0.828125 1586
0.865625 0.828125 1592
0.865625 0.828125 1592
0.865625 0.828125 1592
0.865625 0.828125 1592
0.865625 0.828125 1592
0.865625 0.828125 1592
0.865625 0.828125 1592
0.865625 0.828125 1594
0.865625 0.828125 1594
0.865625 0.828125 1594
0.865625 0.828125 1594
0.865625 0.828125 1594
0.865625 0.828125 1594
0.865625 0.828125 1596
0.865625 0.828125 1596
0.865625 0.828125 1598
0.865625 0.834375 1600
0.865625 0.834375 1600
0.865625 0.834375 1600
0.865625 0.834375 1600
0.865625 0.834375 1600
0.865625 0.834375 1602
0.865625 0.834375 1608
0.865625 0.834375 1608
0.865625 0.834375 1610
0.865625 0.834375 1610
0.865625 0.834375 1616
0.865625 0.834375 1616
0.865625 0.8375 1618
0.865625 0.8375 1618
0.865625 0.8375 1620
0.865625 0.8375 1620
0.865625 0.834375 1622
0.865625 0.834375 1622
0.865625 0.834375 1622
0.865625 0.83125 1622
0.865625 0.83125 1634
0.865625 0.83125 1634
0.865625 0.83125 1634
0.865625 0.828125 1634
0.865625 0.828125 1634
0.865625 0.821875 1636
0.865625 0.821875 1636
0.865625 0.821875 1636
0.865625 0.821875 1638
0.865625 0.821875 1638
0.865625 0.821875 1638
0.865625 0.821875 1638
0.865625 0.821875 1640
0.865625 0.821875 1642
0.865625 0.828125 1644
0.865625 0.828125 1646
0.865625 0.828125 1646
0.865625 0.828125 1648
0.865625 0.828125 1648
0.865625 0.828125 1648
0.865625 0.828125 1648
0.865625 0.828125 1650
0.865625 0.828125 1650
0.865625 0.828125 1652
0.865625 0.828125 1652
0.865625 0.828125 1652
0.865625 0.828125 1652
0.865625 0.828125 1652
0.865625 0.828125 1652
0.865625 0.828125 1652
0.865625 0.828125 1652
0.85625 0.821875 1762
0.85625 0.821875 1762
0.85625 0.821875 1762
0.86875 0.8375 1768
0.86875 0.8375 1768
0.86875 0.8375 1768
0.86875 0.8375 1768
0.86875 0.8375 1770
0.86875 0.8375 1770
0.86875 0.8375 1770
0.86875 0.8375 1770
0.86875 0.8375 1770
0.86875 0.8375 1770
0.86875 0.834375 1770
0.86875 0.834375 1770
0.86875 0.834375 1770
0.86875 0.834375 1770
0.86875 0.834375 1770
0.86875 0.834375 1770
0.86875 0.834375 1770
0.86875 0.834375 1770
0.86875 0.834375 1770
0.86875 0.834375 1770
0.86875 0.83125 1770
0.86875 0.834375 1772
0.86875 0.834375 1772
0.878125 0.834375 1778
0.878125 0.834375 1778
0.878125 0.834375 1778
0.878125 0.834375 1778
0.878125 0.834375 1780
0.878125 0.834375 1780
0.884375 0.840625 1822
0.884375 0.840625 1822
0.884375 0.840625 1822
0.884375 0.840625 1822
0.884375 0.840625 1822
0.884375 0.840625 1822
0.884375 0.84375 1824
0.884375 0.84375 1824
0.884375 0.840625 1824
0.884375 0.840625 1824
0.884375 0.846875 1826
0.884375 0.846875 1826
0.88125 0.84375 1832
0.88125 0.84375 1832
0.88125 0.84375 1832
0.88125 0.84375 1832
0.88125 0.840625 1834
0.88125 0.840625 1834
0.88125 0.840625 1834
0.88125 0.840625 1834
0.88125 0.8375 1834
0.88125 0.83125 1864
0.878125 0.834375 1894
0.878125 0.834375 1894
0.878125 0.834375 1894
0.878125 0.834375 1894
0.878125 0.834375 1896
0.878125 0.828125 1896
0.878125 0.828125 1896
0.878125 0.828125 1896
0.878125 0.834375 1898
0.878125 0.834375 1898
0.878125 0.834375 1898
0.878125 0.834375 1898
0.878125 0.828125 1898
0.878125 0.828125 1898
0.878125 0.828125 1898
0.878125 0.828125 1898
0.878125 0.825 1898
0.878125 0.825 1898
0.878125 0.821875 1898
0.878125 0.821875 1898
0.878125 0.821875 1898
0.878125 0.821875 1898
0.878125 0.821875 1898
0.878125 0.821875 1898
0.878125 0.821875 1898
0.878125 0.821875 1898
0.878125 0.821875 1898
0.878125 0.821875 1898
0.878125 0.821875 1898
0.878125 0.821875 1898
0.878125 0.821875 1898
0.88125 0.828125 1928
0.88125 0.828125 1928
0.88125 0.828125 1928
0.88125 0.828125 1928
0.878125 0.821875 1940
0.878125 0.821875 1940
0.878125 0.821875 1940
0.878125 0.821875 1942
0.878125 0.821875 1942
0.878125 0.821875 1942
0.878125 0.821875 1942
0.878125 0.821875 1942
0.878125 0.821875 1942
0.878125 0.821875 1942
0.875 0.821875 1962
0.875 0.825 1964
0.875 0.821875 1964
0.875 0.821875 1964
0.875 0.821875 1964
0.875 0.821875 1964
0.875 0.821875 1964
0.875 0.821875 1966
0.875 0.821875 1968
0.871875 0.825 1980
0.871875 0.825 1980
0.871875 0.821875 1980
0.871875 0.821875 1980
0.871875 0.821875 1982
0.871875 0.821875 1982
0.871875 0.821875 1982
0.86875 0.821875 2024
0.86875 0.821875 2024
0.86875 0.821875 2024
0.86875 0.821875 2036
0.86875 0.821875 2036
0.86875 0.821875 2036
0.86875 0.821875 2036
0.86875 0.821875 2036
0.86875 0.821875 2036
0.86875 0.821875 2036
0.86875 0.821875 2036
0.86875 0.821875 2036
0.86875 0.821875 2036
0.86875 0.821875 2038
0.86875 0.821875 2040
0.86875 0.825 2042
0.86875 0.825 2042
0.86875 0.825 2042
0.86875 0.825 2042
0.86875 0.825 2042
0.86875 0.825 2042
0.86875 0.825 2042
0.86875 0.81875 2062
0.86875 0.81875 2062
0.86875 0.81875 2062
0.86875 0.81875 2062
0.86875 0.81875 2062
0.86875 0.81875 2062
0.86875 0.81875 2062
0.86875 0.81875 2062
0.86875 0.81875 2062
0.86875 0.81875 2062
0.86875 0.81875 2062
0.86875 0.81875 2062
0.86875 0.81875 2062
0.86875 0.81875 2062
0.86875 0.81875 2068
0.86875 0.821875 2068
0.86875 0.828125 2068
0.86875 0.825 2070
0.86875 0.825 2072
0.86875 0.825 2072
0.86875 0.821875 2084
0.86875 0.821875 2084
0.86875 0.81875 2084
0.86875 0.81875 2084
0.86875 0.81875 2084
0.86875 0.81875 2084
0.86875 0.81875 2084
0.86875 0.821875 2096
0.871875 0.828125 2108
0.871875 0.828125 2108
0.871875 0.828125 2108
0.871875 0.834375 2150
0.871875 0.8375 2152
0.871875 0.8375 2152
0.871875 0.8375 2152
0.871875 0.8375 2152
0.871875 0.8375 2152
0.871875 0.8375 2152
0.871875 0.834375 2152
0.871875 0.834375 2152
0.871875 0.834375 2152
0.871875 0.834375 2164
0.871875 0.834375 2164
0.871875 0.834375 2164
0.871875 0.834375 2164
0.871875 0.834375 2164
0.871875 0.83125 2164
0.871875 0.81875 2206
0.871875 0.81875 2206
0.871875 0.815625 2206
0.871875 0.815625 2206
0.871875 0.815625 2206
0.871875 0.815625 2206
0.871875 0.815625 2206
0.871875 0.815625 2206
0.871875 0.815625 2206
0.871875 0.815625 2208
0.871875 0.815625 2208
0.871875 0.8125 2208
0.871875 0.8125 2208
0.871875 0.8125 2208
0.871875 0.8125 2208
0.871875 0.8125 2208
0.871875 0.8125 2214
0.871875 0.815625 2214
0.871875 0.815625 2226
0.871875 0.815625 2226
0.871875 0.815625 2232
0.871875 0.815625 2232
0.865625 0.803125 2252
0.865625 0.803125 2252
0.865625 0.80625 2252
0.8625 0.8 2294
0.8625 0.8 2294
0.8625 0.8 2294
0.8625 0.796875 2294
0.8625 0.796875 2294
0.8625 0.7875 2314
0.8625 0.7875 2314
0.8625 0.7875 2314
0.8625 0.7875 2314
0.8625 0.7875 2314
0.8625 0.7875 2334
0.8625 0.7875 2334
0.8625 0.7875 2336
0.8625 0.7875 2336
0.8625 0.7875 2336
0.8625 0.7875 2336
0.8625 0.7875 2336
0.8625 0.7875 2336
0.8625 0.7875 2342
0.8625 0.7875 2342
0.8625 0.7875 2342
0.8625 0.7875 2342
0.8625 0.7875 2344
0.8625 0.7875 2344
0.8625 0.7875 2344
0.8625 0.7875 2344
0.8625 0.7875 2344
0.8625 0.7875 2344
0.8625 0.7875 2344
0.8625 0.7875 2344
0.8625 0.7875 2344
0.8625 0.7875 2344
0.8625 0.7875 2344
0.8625 0.7875 2344
0.8625 0.7875 2344
0.8625 0.7875 2346
0.859375 0.7875 2402
0.859375 0.7875 2402
0.859375 0.7875 2402
0.859375 0.7875 2402
0.859375 0.7875 2402
0.859375 0.7875 2402
0.859375 0.7875 2402
0.859375 0.7875 2402
0.859375 0.7875 2402
0.859375 0.7875 2402
0.859375 0.7875 2414
0.859375 0.7875 2414
0.859375 0.7875 2414
0.859375 0.7875 2426
0.859375 0.7875 2426
0.859375 0.7875 2428
0.85625 0.796875 2448
0.85625 0.8 2450
0.85625 0.8 2450
0.85625 0.8 2450
0.85625 0.8 2452
0.85625 0.8 2452
0.85625 0.8 2458
0.85625 0.8 2458
0.85625 0.8 2458
0.85625 0.8 2458
0.853125 0.8 2464
0.853125 0.8 2464
0.853125 0.8 2464
0.853125 0.796875 2476
0.853125 0.79375 2476
0.853125 0.79375 2476
0.853125 0.79375 2476
0.853125 0.79375 2476
0.853125 0.79375 2482
0.853125 0.79375 2482
0.853125 0.79375 2482
0.853125 0.79375 2482
0.853125 0.79375 2482
0.853125 0.79375 2482
0.853125 0.79375 2482
0.853125 0.79375 2482
0.853125 0.79375 2482
0.853125 0.79375 2482
0.853125 0.79375 2482
0.853125 0.79375 2482
0.853125 0.79375 2482
0.853125 0.79375 2484
0.853125 0.79375 2490
0.853125 0.79375 2490
0.853125 0.79375 2492
0.853125 0.79375 2492
0.853125 0.79375 2492
0.853125 0.79375 2492
0.853125 0.79375 2492
0.853125 0.79375 2494
0.853125 0.79375 2494
0.853125 0.79375 2496
0.853125 0.79375 2496
0.853125 0.79375 2508
0.853125 0.79375 2508
0.853125 0.79375 2508
0.853125 0.79375 2508
0.853125 0.79375 2508
0.853125 0.79375 2508
0.853125 0.79375 2508
0.853125 0.79375 2508
0.853125 0.79375 2508
0.853125 0.79375 2508
0.853125 0.79375 2510
0.853125 0.79375 2510
0.853125 0.79375 2510
0.853125 0.79375 2510
0.853125 0.79375 2510
0.853125 0.79375 2510
0.853125 0.79375 2512
0.853125 0.79375 2512
0.853125 0.79375 2512
0.853125 0.79375 2512
0.853125 0.79375 2554
0.853125 0.79375 2554
0.853125 0.8 2566
0.853125 0.8 2568
0.853125 0.8 2568
0.853125 0.8 2568
0.853125 0.8 2568
0.853125 0.796875 2568
0.853125 0.796875 2570
0.853125 0.796875 2570
0.853125 0.796875 2570
0.853125 0.796875 2570
0.853125 0.796875 2570
0.853125 0.796875 2570
0.853125 0.796875 2570
0.853125 0.79375 2576
0.853125 0.79375 2596
0.853125 0.79375 2596
0.853125 0.79375 2598
0.853125 0.79375 2598
0.853125 0.8 2628
0.853125 0.8 2628
0.853125 0.8 2628
0.853125 0.8 2628
0.853125 0.8 2628
0.853125 0.8 2628
0.853125 0.8 2630
0.853125 0.8 2632
0.853125 0.8 2632
0.853125 0.8 2632
0.853125 0.8 2632
0.853125 0.8 2632
0.853125 0.8 2632
0.853125 0.8 2632
0.853125 0.8 2632
0.853125 0.8 2632
0.853125 0.8 2632
0.853125 0.803125 2652
0.853125 0.803125 2652
0.853125 0.803125 2652
0.853125 0.803125 2658
0.853125 0.803125 2658
0.853125 0.803125 2658
0.853125 0.803125 2670
0.853125 0.803125 2670
0.853125 0.803125 2670
0.853125 0.8 2670
0.853125 0.8 2670
0.853125 0.8 2670
0.853125 0.80625 2670
0.853125 0.80625 2670
0.853125 0.80625 2670
0.853125 0.80625 2670
0.853125 0.80625 2670
0.853125 0.80625 2670
0.853125 0.80625 2670
0.853125 0.80625 2672
0.853125 0.80625 2672
0.853125 0.80625 2672
0.853125 0.80625 2672
0.853125 0.8125 2672
0.853125 0.8125 2672
0.853125 0.8125 2674
0.853125 0.8125 2674
0.853125 0.809375 2694
0.853125 0.80625 2700
0.853125 0.80625 2702
0.853125 0.80625 2708
0.853125 0.80625 2708
0.853125 0.80625 2710
0.853125 0.80625 2710
0.853125 0.80625 2710
0.853125 0.80625 2710
0.853125 0.80625 2710
0.853125 0.80625 2710
0.853125 0.80625 2730
0.853125 0.80625 2730
0.853125 0.80625 2730
0.853125 0.80625 2742
0.853125 0.80625 2742
0.853125 0.80625 2742
0.853125 0.80625 2742
0.853125 0.80625 2742
0.853125 0.80625 2742
0.853125 0.80625 2742
0.853125 0.80625 2744
0.853125 0.80625 2744
0.85625 0.81875 2750
0.85625 0.81875 2750
0.85625 0.81875 2756
0.85625 0.81875 2756
0.85625 0.81875 2756
0.85625 0.81875 2758
0.85625 0.81875 2758
0.85625 0.81875 2758
0.85625 0.81875 2764
0.85625 0.81875 2764
0.85625 0.81875 2764
0.85625 0.81875 2764
0.85625 0.81875 2770
0.85625 0.81875 2776
0.85625 0.81875 2778
0.85625 0.81875 2778
0.85625 0.81875 2780
0.85625 0.81875 2780
0.85625 0.81875 2780
0.85625 0.81875 2780
0.85625 0.81875 2780
0.85625 0.81875 2780
0.85625 0.81875 2780
0.85625 0.81875 2780
0.85625 0.81875 2780
0.85625 0.81875 2780
0.85625 0.81875 2780
0.85625 0.81875 2780
0.85625 0.81875 2780
0.85625 0.81875 2780
0.85625 0.81875 2780
0.85625 0.81875 2780
0.85625 0.81875 2780
0.85625 0.81875 2780
0.85625 0.81875 2780
0.85625 0.81875 2780
0.85625 0.81875 2780
0.85625 0.81875 2780
0.85625 0.81875 2786
0.85625 0.81875 2788
0.85625 0.81875 2788
0.85625 0.81875 2788
0.85625 0.81875 2788
0.85625 0.81875 2788
0.85625 0.81875 2788
0.85625 0.81875 2788
0.85625 0.81875 2788
0.85625 0.81875 2788
0.85625 0.81875 2788
0.85625 0.81875 2794
0.85625 0.81875 2794
0.85625 0.81875 2794
0.85625 0.81875 2794
0.85625 0.81875 2794
0.853125 0.8125 2814
0.853125 0.8125 2816
0.853125 0.8125 2816
0.853125 0.8125 2816
0.853125 0.8125 2816
0.853125 0.8125 2816
0.853125 0.8125 2816
0.853125 0.8125 2816
0.853125 0.8125 2816
0.853125 0.8125 2816
0.853125 0.8125 2816
0.853125 0.8125 2816
0.853125 0.8125 2816
0.853125 0.8125 2816
0.853125 0.8125 2818
0.853125 0.8125 2820
0.853125 0.8125 2820
0.853125 0.8125 2820
0.853125 0.8125 2822
0.853125 0.8125 2822
0.853125 0.80625 2828
0.853125 0.80625 2828
0.853125 0.80625 2828
0.853125 0.80625 2828
0.853125 0.80625 2828
0.853125 0.80625 2828
0.853125 0.80625 2840
0.853125 0.80625 2840
0.853125 0.80625 2840
0.853125 0.80625 2842
0.859375 0.80625 2848
0.859375 0.80625 2850
0.85625 0.8 2880
0.85625 0.8 2880
0.85625 0.8 2880
0.85625 0.8 2880
0.859375 0.80625 2892
0.859375 0.80625 2892
0.859375 0.80625 2892
0.859375 0.80625 2892
0.859375 0.80625 2892
0.859375 0.80625 2892
0.859375 0.80625 2898
0.859375 0.80625 2898
0.859375 0.80625 2898
0.859375 0.80625 2900
0.859375 0.80625 2900
0.859375 0.80625 2900
0.859375 0.80625 2902
0.859375 0.80625 2902
0.859375 0.80625 2902
0.859375 0.80625 2902
0.859375 0.80625 2914
0.859375 0.80625 2914
0.859375 0.80625 2916
0.859375 0.80625 2916
0.859375 0.80625 2916
0.859375 0.80625 2916
0.859375 0.80625 2918
0.859375 0.80625 2918
0.859375 0.80625 2918
0.859375 0.80625 2918
0.859375 0.80625 2918
0.859375 0.80625 2938
0.859375 0.80625 2938
0.859375 0.80625 2938
0.859375 0.80625 2940
0.859375 0.80625 2940
0.859375 0.80625 2940
0.859375 0.80625 2946
0.859375 0.80625 2946
0.859375 0.80625 2946
0.859375 0.80625 2946
0.859375 0.80625 2946
0.859375 0.80625 2946
0.859375 0.80625 2946
0.859375 0.80625 2946
0.859375 0.80625 2946
0.859375 0.80625 2946
0.859375 0.80625 2952
0.859375 0.80625 2952
0.859375 0.80625 2952
0.859375 0.80625 2954
0.85625 0.8125 2974
0.85625 0.8125 2974
0.85625 0.8125 2974
0.85625 0.8125 2974
0.85625 0.8125 2974
0.85625 0.8125 2974
0.85625 0.8125 2974
0.85625 0.8125 2974
0.85625 0.8125 2974
0.85625 0.8125 2974
0.85625 0.8125 2974
0.85625 0.8125 2974
0.85625 0.809375 2976
0.85625 0.809375 2976
0.85625 0.809375 2976
0.85625 0.809375 2976
0.85625 0.809375 2982
0.85625 0.809375 2982
0.85625 0.809375 2984
0.85625 0.809375 2986
0.85625 0.809375 2986
0.85625 0.809375 2986
0.85625 0.809375 2986
0.85625 0.80625 2998
0.85625 0.80625 2998
0.85625 0.80625 2998
0.85625 0.80625 2998
0.85625 0.80625 2998
0.85625 0.80625 2998
0.85625 0.80625 2998
0.85625 0.80625 3010
0.85625 0.80625 3012
0.85625 0.80625 3012
0.85625 0.80625 3012
0.85625 0.80625 3012
0.85625 0.80625 3012
0.85625 0.80625 3012
0.85625 0.8125 3014
0.85625 0.8125 3016
0.85625 0.8125 3016
0.85625 0.8125 3016
0.85625 0.8125 3016
0.85625 0.8125 3016
0.85625 0.8125 3018
0.85625 0.8125 3018
0.85625 0.8125 3018
0.85625 0.8125 3018
0.85625 0.8125 3018
0.85625 0.809375 3024
0.85625 0.809375 3024
0.85625 0.809375 3024
0.85625 0.809375 3026
0.85625 0.809375 3028
0.85625 0.809375 3028
0.85625 0.809375 3028
0.85625 0.809375 3028
0.85625 0.809375 3028
0.85625 0.809375 3028
0.85625 0.809375 3028
0.85625 0.80625 3028
0.85625 0.80625 3028
0.85625 0.80625 3028
0.85625 0.80625 3028
0.85625 0.80625 3028
0.85625 0.80625 3030
0.85625 0.80625 3030
0.85625 0.80625 3030
0.85625 0.80625 3032
0.85625 0.80625 3034
0.85625 0.80625 3034
0.85625 0.80625 3034
0.85625 0.80625 3034
0.85625 0.80625 3034
0.85625 0.80625 3034
0.85625 0.80625 3034
0.85625 0.80625 3034
0.85625 0.80625 3034
0.85625 0.80625 3034
0.85625 0.80625 3034
0.85625 0.80625 3034
0.85625 0.80625 3034
0.85625 0.80625 3036
0.85625 0.80625 3042
0.85625 0.80625 3042
0.85625 0.80625 3042
0.85625 0.80625 3048
0.85625 0.80625 3048
0.85625 0.80625 3048
0.85625 0.80625 3050
0.85625 0.80625 3050
0.85625 0.80625 3050
0.85625 0.80625 3050
0.85625 0.80625 3050
0.85625 0.80625 3050
0.85625 0.80625 3050
0.85625 0.80625 3050
0.85625 0.80625 3050
0.85625 0.80625 3050
0.85625 0.80625 3056
0.85625 0.80625 3056
0.85625 0.80625 3056
0.85625 0.80625 3062
0.85625 0.80625 3064
0.85625 0.80625 3064
0.85625 0.80625 3064
0.85625 0.80625 3064
0.85625 0.80625 3070
0.85625 0.80625 3076
0.85625 0.80625 3076
0.90625 0.846875 3118
0.90625 0.846875 3118
0.90625 0.846875 3120
0.90625 0.846875 3122
0.90625 0.846875 3124
0.90625 0.846875 3136
0.90625 0.846875 3136
0.90625 0.846875 3136
0.90625 0.846875 3136
0.90625 0.84375 3136
0.90625 0.84375 3136
0.90625 0.85 3148
0.90625 0.85 3148
0.90625 0.85 3148
0.90625 0.85 3148
0.90625 0.85 3148
0.90625 0.85 3168
0.90625 0.85 3168
0.90625 0.85 3174
0.90625 0.85 3176
0.90625 0.85 3176
0.90625 0.85 3178
0.90625 0.85 3178
0.90625 0.85 3178
0.90625 0.85 3178
0.9 0.84375 3250
0.9 0.84375 3250
0.9 0.84375 3250
0.9 0.84375 3250
0.896875 0.84375 3256
0.896875 0.84375 3256
0.896875 0.84375 3256
0.896875 0.84375 3258
0.896875 0.84375 3258
0.896875 0.84375 3270
0.896875 0.84375 3270
0.896875 0.84375 3270
0.896875 0.84375 3270
0.9 0.84375 3276
0.9 0.84375 3276
0.9 0.84375 3276
0.9 0.84375 3278
0.9 0.84375 3278
0.9 0.84375 3280
0.9 0.84375 3282
0.9 0.84375 3282
0.9 0.84375 3282
0.9 0.84375 3282
0.9 0.840625 3282
0.9 0.840625 3282
0.9 0.8375 3282
0.9 0.8375 3282
0.9 0.8375 3282
0.9 0.8375 3282
0.9 0.8375 3282
0.9 0.8375 3282
0.9 0.8375 3282
0.9 0.8375 3282
0.9 0.840625 3282
0.9 0.8375 3284
0.90625 0.86875 3286
0.90625 0.86875 3286
0.903125 0.86875 3306
0.903125 0.86875 3306
0.903125 0.86875 3306
0.903125 0.86875 3312
0.903125 0.86875 3318
0.903125 0.86875 3318
0.903125 0.86875 3318
0.903125 0.86875 3318
0.903125 0.86875 3318
0.903125 0.86875 3318
0.903125 0.86875 3318
0.903125 0.86875 3318
0.903125 0.86875 3318
0.903125 0.86875 3318
0.903125 0.86875 3318
0.90625 0.86875 3338
0.90625 0.86875 3338
0.90625 0.86875 3338
0.90625 0.86875 3338
0.90625 0.86875 3338
0.9 0.84375 3494
0.9 0.84375 3494
0.9 0.84375 3494
0.9 0.84375 3494
0.9 0.84375 3494
0.9 0.84375 3494
0.9 0.84375 3494
0.9 0.84375 3494
0.9 0.84375 3496
0.9 0.84375 3496
0.9 0.84375 3496
0.9 0.84375 3496
0.9 0.84375 3496
0.9 0.84375 3498
0.9 0.84375 3498
0.9 0.84375 3498
0.9 0.84375 3498
0.9 0.84375 3498
0.9 0.84375 3498
0.9 0.840625 3498
0.9 0.840625 3498
0.896875 0.8375 3518
0.896875 0.8375 3518
0.896875 0.8375 3518
0.896875 0.8375 3518
0.896875 0.8375 3520
0.896875 0.8375 3520
0.896875 0.8375 3522
0.896875 0.8375 3522
0.896875 0.8375 3522
0.896875 0.8375 3522
0.896875 0.8375 3522
0.896875 0.8375 3522
0.896875 0.8375 3522
0.896875 0.8375 3522
0.896875 0.8375 3524
0.896875 0.8375 3530
0.89375 0.8375 3536
0.89375 0.8375 3536
0.89375 0.8375 3536
0.89375 0.8375 3536
0.89375 0.8375 3536
0.89375 0.8375 3536
0.89375 0.8375 3536
0.89375 0.8375 3536
0.89375 0.8375 3536
0.89375 0.8375 3536
0.89375 0.8375 3536
0.89375 0.8375 3536
0.89375 0.8375 3542
0.89375 0.8375 3544
0.89375 0.8375 3544
0.89375 0.8375 3544
0.89375 0.8375 3544
0.89375 0.8375 3544
0.89375 0.8375 3544
0.89375 0.8375 3544
0.89375 0.8375 3544
0.89375 0.8375 3546
0.89375 0.8375 3548
0.89375 0.8375 3548
0.89375 0.8375 3548
0.89375 0.8375 3548
0.890625 0.8375 3554
0.890625 0.8375 3554
0.890625 0.8375 3554
0.890625 0.8375 3560
0.890625 0.8375 3560
0.890625 0.8375 3560
0.890625 0.8375 3560
0.890625 0.8375 3560
0.890625 0.8375 3560
0.890625 0.8375 3560
0.890625 0.8375 3560
0.890625 0.8375 3560
0.890625 0.8375 3560
0.890625 0.8375 3560
0.890625 0.8375 3560
0.890625 0.8375 3560
0.890625 0.8375 3560
0.890625 0.8375 3560
0.890625 0.8375 3562
0.890625 0.8375 3564
0.890625 0.8375 3564
0.890625 0.8375 3594
0.890625 0.8375 3594
0.890625 0.8375 3594
0.890625 0.8375 3606
0.890625 0.8375 3606
0.890625 0.8375 3606
0.890625 0.8375 3606
0.8875 0.8375 3612
0.8875 0.8375 3624
0.8875 0.8375 3624
0.8875 0.8375 3624
0.8875 0.8375 3624
0.8875 0.8375 3624
0.8875 0.8375 3624
0.8875 0.8375 3624
0.884375 0.8375 3626
0.884375 0.8375 3632
0.884375 0.8375 3632
0.884375 0.8375 3632
0.884375 0.8375 3634
0.884375 0.8375 3634
0.884375 0.8375 3634
0.884375 0.8375 3634
0.884375 0.8375 3634
0.884375 0.8375 3634
0.884375 0.8375 3634
0.884375 0.8375 3634
0.88125 0.8375 3646
0.88125 0.8375 3646
0.88125 0.821875 3702
0.88125 0.821875 3704
0.88125 0.821875 3704
0.88125 0.81875 3704
0.88125 0.81875 3706
0.88125 0.81875 3706
0.88125 0.81875 3706
0.88125 0.81875 3708
0.88125 0.81875 3708
0.88125 0.81875 3708
0.88125 0.81875 3710
0.88125 0.81875 3712
0.88125 0.81875 3712
0.88125 0.81875 3712
0.88125 0.81875 3712
0.88125 0.81875 3712
0.88125 0.81875 3712
0.88125 0.81875 3712
0.88125 0.81875 3714
0.88125 0.81875 3714
0.88125 0.81875 3720
0.88125 0.81875 3720
0.88125 0.81875 3720
0.88125 0.81875 3720
0.88125 0.81875 3720
0.88125 0.81875 3722
0.88125 0.81875 3722
0.88125 0.81875 3722
0.88125 0.81875 3722
0.88125 0.81875 3722
0.88125 0.81875 3722
0.88125 0.81875 3728
0.88125 0.81875 3728
0.88125 0.81875 3728
0.88125 0.81875 3728
0.88125 0.81875 3730
0.88125 0.81875 3730
0.88125 0.81875 3730
0.88125 0.81875 3732
0.88125 0.81875 3762
0.88125 0.81875 3762
0.88125 0.81875 3764
0.88125 0.81875 3764
0.88125 0.81875 3764
0.88125 0.81875 3764
0.88125 0.81875 3764
0.88125 0.81875 3766
0.88125 0.81875 3772
0.878125 0.81875 3814
0.878125 0.81875 3814
0.878125 0.81875 3814
0.878125 0.81875 3814
0.878125 0.81875 3814
0.878125 0.81875 3814
0.878125 0.81875 3814
0.878125 0.81875 3814
0.878125 0.81875 3814
0.871875 0.81875 3870
0.871875 0.81875 3870
0.871875 0.81875 3870
0.871875 0.81875 3882
0.871875 0.81875 3882
0.871875 0.81875 3882
0.871875 0.81875 3882
0.871875 0.81875 3888
0.871875 0.81875 3888
0.871875 0.81875 3888
0.871875 0.81875 3888
0.871875 0.81875 3888
0.871875 0.81875 3888
0.871875 0.81875 3890
0.871875 0.81875 3890
0.871875 0.81875 3892
0.871875 0.81875 3894
0.871875 0.81875 3894
0.871875 0.81875 3894
0.871875 0.81875 3894
0.871875 0.81875 3894
0.86875 0.8125 3906
0.86875 0.8125 3906
0.86875 0.8125 3906
0.86875 0.8125 3906
0.86875 0.8125 3906
0.86875 0.8125 3906
0.86875 0.8125 3906
0.86875 0.8125 3912
0.86875 0.8125 3914
0.86875 0.8125 3914
0.86875 0.8125 3914
0.86875 0.8125 3914
0.86875 0.8125 3926
0.86875 0.8125 3926
0.86875 0.8125 3926
0.86875 0.8125 3926
0.86875 0.8125 3932
0.86875 0.8125 3938
0.86875 0.8125 3938
0.86875 0.8125 3950
0.86875 0.8125 3950
0.86875 0.8125 3950
0.86875 0.8125 3952
0.86875 0.8125 3952
0.86875 0.8125 3952
0.86875 0.8125 3952
0.86875 0.8125 3952
0.86875 0.8125 3958
0.86875 0.8125 3958
0.86875 0.8125 3958
0.86875 0.8125 3958
0.86875 0.8125 3958
0.86875 0.8125 3958
0.86875 0.8125 3958
0.86875 0.8125 3958
0.86875 0.8125 3958
0.86875 0.8125 3958
0.871875 0.8125 3970
0.871875 0.8125 3970
0.871875 0.8125 3970
0.871875 0.8125 3970
0.871875 0.8125 3972
0.871875 0.8125 3972
0.86875 0.8 4044
0.86875 0.8 4044
0.86875 0.8 4046
0.86875 0.8 4046
0.86875 0.8 4046
0.86875 0.8 4046
0.86875 0.8 4046
0.86875 0.8 4058
0.86875 0.8 4058
0.86875 0.8 4060
0.86875 0.8 4060
0.86875 0.8 4060
0.86875 0.8 4062
0.86875 0.8 4062
0.86875 0.8 4068
0.86875 0.8 4068
0.86875 0.8 4068
0.86875 0.8 4068
0.86875 0.8 4068
0.86875 0.8 4068
0.86875 0.8 4074
0.86875 0.8 4086
0.86875 0.8 4092
0.86875 0.8 4092
0.86875 0.8 4092
0.86875 0.8 4092
0.86875 0.8 4092
0.86875 0.8 4092
0.86875 0.8 4092
0.86875 0.8 4094
0.86875 0.8 4094
0.86875 0.8 4094
0.86875 0.8 4114
0.86875 0.8 4114
0.878125 0.8 4144
0.878125 0.8 4146
0.878125 0.8 4146
0.878125 0.8 4146
0.878125 0.8 4146
0.878125 0.8 4146
0.878125 0.8 4146
0.878125 0.8 4146
0.878125 0.8 4146
0.878125 0.8 4146
0.878125 0.8 4148
0.878125 0.8 4148
0.878125 0.8 4148
0.878125 0.8 4148
0.878125 0.8 4150
0.878125 0.8 4150
0.878125 0.8 4150
0.878125 0.8 4150
0.878125 0.8 4170
0.878125 0.8 4170
0.878125 0.8 4170
0.878125 0.8 4170
0.88125 0.8 4182
0.88125 0.8125 4194
0.88125 0.8125 4196
0.88125 0.8125 4196
0.88125 0.8125 4198
0.88125 0.8125 4198
0.88125 0.8 4254
0.875 0.79375 4386
0.875 0.79375 4398
0.875 0.79375 4398
0.875 0.79375 4398
0.875 0.79375 4398
0.875 0.79375 4398
0.875 0.79375 4398
0.875 0.79375 4404
0.875 0.79375 4404
0.875 0.790625 4404
0.875 0.790625 4404
0.875 0.7875 4406
0.875 0.7875 4406
0.875 0.7875 4406
0.875 0.7875 4406
0.875 0.7875 4406
0.871875 0.7875 4462
0.871875 0.7875 4464
0.871875 0.7875 4464
0.871875 0.7875 4464
0.871875 0.7875 4464
0.88125 0.8 4484
0.88125 0.8 4484
0.88125 0.8 4484
0.88125 0.8 4484
0.88125 0.8 4484
0.88125 0.8 4484
0.88125 0.8 4484
0.88125 0.8 4484
0.88125 0.8 4484
0.88125 0.8 4486
0.88125 0.8 4486
0.88125 0.8 4486
0.88125 0.8 4486
0.88125 0.803125 4492
0.88125 0.803125 4492
0.88125 0.803125 4492
0.88125 0.803125 4492
0.878125 0.803125 4504
0.878125 0.803125 4504
0.878125 0.803125 4504
0.878125 0.803125 4504
0.878125 0.803125 4504
0.878125 0.803125 4504
0.878125 0.803125 4504
0.878125 0.803125 4504
0.878125 0.803125 4506
0.878125 0.8 4506
0.878125 0.8 4508
0.878125 0.8 4508
0.875 0.8 4510
0.875 0.8 4510
0.875 0.8 4510
0.875 0.8 4510
0.875 0.8 4512
0.875 0.8 4512
0.875 0.8 4512
0.875 0.8 4512
0.875 0.8 4514
0.875 0.8 4514
0.875 0.8 4514
0.875 0.8 4514
0.875 0.8 4514
0.875 0.8 4514
0.875 0.8 4514
0.875 0.8 4514
0.875 0.8 4514
0.875 0.8 4544
0.875 0.8 4544
0.875 0.8 4546
0.875 0.8 4546
0.875 0.8 4576
0.875 0.8 4576
0.875 0.8 4576
0.875 0.8 4576
0.875 0.8 4576
0.875 0.8 4576
0.875 0.8 4576
0.875 0.8 4576
0.875 0.8 4576
0.875 0.8 4576
0.875 0.8 4588
0.875 0.8 4588
0.875 0.8 4588
0.875 0.8 4588
0.875 0.8 4588
0.875 0.8 4590
0.875 0.8 4590
0.875 0.8 4592
0.875 0.8 4592
0.875 0.8 4592
0.875 0.8 4592
0.875 0.8 4594
0.875 0.8 4594
0.875 0.8 4594
0.875 0.8 4594
0.875 0.8 4594
0.875 0.8 4594
0.875 0.8 4596
0.875 0.8 4596
0.875 0.8 4596
0.875 0.8 4596
0.875 0.8 4602
0.875 0.8 4602
0.875 0.8 4604
0.875 0.8 4604
0.875 0.8 4604
0.875 0.8 4604
0.875 0.8 4616
0.875 0.8 4616
0.875 0.8 4616
0.86875 0.80625 4748
0.86875 0.80625 4748
0.86875 0.80625 4748
0.86875 0.809375 4748
0.86875 0.809375 4748
0.86875 0.809375 4748
0.86875 0.809375 4748
0.86875 0.809375 4754
0.86875 0.809375 4760
0.86875 0.809375 4762
0.86875 0.809375 4762
0.86875 0.809375 4762
0.86875 0.809375 4762
0.86875 0.809375 4762
0.86875 0.809375 4762
0.86875 0.809375 4762
0.86875 0.809375 4762
0.86875 0.809375 4762
0.86875 0.809375 4762
0.86875 0.809375 4762
0.86875 0.809375 4782
0.86875 0.80625 4782
0.86875 0.80625 4782
0.86875 0.80625 4784
0.86875 0.80625 4784
0.86875 0.80625 4784
0.86875 0.80625 4784
0.86875 0.80625 4790
0.86875 0.80625 4790
0.86875 0.80625 4790
0.86875 0.80625 4790
0.86875 0.80625 4790
0.86875 0.80625 4790
0.86875 0.80625 4790
0.86875 0.80625 4832
0.86875 0.809375 4832
0.86875 0.809375 4832
0.86875 0.809375 4832
0.86875 0.809375 4832
0.86875 0.809375 4834
0.86875 0.80625 4834
0.86875 0.80625 4834
0.86875 0.80625 4836
0.865625 0.8 4848
0.865625 0.8 4848
0.865625 0.8 4848
0.865625 0.79375 4848
0.865625 0.8 4848
0.865625 0.8 4848
0.865625 0.8 4850
0.865625 0.8 4862
0.865625 0.8 4862
0.865625 0.8 4862
0.865625 0.8 4862
0.865625 0.8 4862
0.865625 0.8 4862
0.865625 0.8 4862
0.865625 0.8 4862
0.865625 0.8 4862
0.865625 0.8 4862
0.865625 0.8 4862
0.865625 0.8 4862
0.865625 0.8 4862
0.865625 0.8 4882
0.865625 0.8 4882
0.865625 0.8 4882
0.865625 0.8 4882
0.865625 0.8 4882
0.865625 0.8 4882
0.865625 0.8 4882
0.865625 0.8 4884
0.865625 0.8 4884
0.865625 0.8 4884
0.865625 0.8 4884
0.865625 0.8 4884
0.865625 0.8 4884
0.865625 0.8 4884
0.865625 0.8 4884
0.865625 0.8 4884
0.865625 0.8 4884
0.865625 0.8 4884
0.865625 0.8 4886
0.865625 0.8 4886
0.865625 0.8 4886
0.865625 0.8 4886
0.865625 0.8 4892
0.865625 0.8 4892
0.865625 0.8 4892
0.865625 0.8 4892
0.865625 0.8 4892
0.865625 0.8 4892
0.865625 0.8 4892
0.865625 0.8 4892
0.865625 0.8 4892
0.865625 0.8 4892
0.865625 0.8 4894
0.865625 0.8 4894
0.865625 0.8 4894
0.865625 0.8 4894
0.865625 0.8 4906
0.865625 0.8 4906
0.865625 0.8 4906
0.865625 0.8 4906
0.865625 0.8 4906
0.865625 0.8 4906
0.865625 0.8 4906
0.865625 0.8 4906
0.865625 0.79375 4908
0.865625 0.79375 4908
0.865625 0.79375 4908
0.865625 0.79375 4908
0.865625 0.79375 4908
0.865625 0.79375 4908
0.865625 0.79375 4908
0.865625 0.79375 4908
0.865625 0.79375 4908
0.865625 0.79375 4908
0.865625 0.79375 4910
0.865625 0.79375 4910
0.865625 0.79375 4916
0.865625 0.79375 4916
0.865625 0.79375 4916
0.865625 0.79375 4916
0.865625 0.79375 4916
0.865625 0.79375 4958
0.865625 0.79375 4958
0.865625 0.79375 4960
0.865625 0.79375 4960
0.865625 0.79375 4972
0.865625 0.79375 4984
0.865625 0.79375 4984
0.865625 0.79375 4984
0.865625 0.79375 5014
0.865625 0.79375 5014
0.865625 0.79375 5014
0.865625 0.79375 5014
0.865625 0.79375 5014
0.865625 0.79375 5014
0.865625 0.79375 5014
0.865625 0.79375 5014
0.865625 0.79375 5014
0.865625 0.79375 5014
0.865625 0.79375 5016
0.865625 0.79375 5016
0.865625 0.79375 5016
0.865625 0.79375 5016
0.865625 0.79375 5016
0.8625 0.79375 5036
0.8625 0.79375 5038
0.8625 0.79375 5040
0.8625 0.79375 5040
0.8625 0.79375 5040
0.859375 0.79375 5082
0.859375 0.79375 5082
0.859375 0.79375 5082
0.859375 0.79375 5082
0.859375 0.79375 5082
0.859375 0.79375 5082
0.859375 0.79375 5094
0.859375 0.79375 5100
0.859375 0.79375 5106
0.859375 0.79375 5112
0.859375 0.79375 5114
0.859375 0.79375 5114
0.859375 0.79375 5126
0.859375 0.79375 5126
0.859375 0.79375 5126
0.859375 0.79375 5132
0.859375 0.79375 5138
0.859375 0.79375 5144
0.859375 0.79375 5150
0.859375 0.79375 5150
0.859375 0.79375 5150
0.859375 0.79375 5150
0.859375 0.79375 5150
0.859375 0.79375 5150
0.859375 0.79375 5150
0.859375 0.79375 5152
0.859375 0.79375 5152
0.859375 0.79375 5152
0.859375 0.79375 5154
0.859375 0.79375 5154
0.859375 0.79375 5154
0.859375 0.79375 5156
0.859375 0.79375 5156
0.859375 0.79375 5156
0.859375 0.79375 5158
0.859375 0.79375 5158
0.859375 0.79375 5158
0.859375 0.79375 5158
0.859375 0.79375 5158
0.859375 0.79375 5158
0.859375 0.79375 5158
0.859375 0.79375 5160
0.859375 0.79375 5160
0.859375 0.79375 5190
0.859375 0.79375 5192
0.859375 0.79375 5194
0.859375 0.79375 5194
0.859375 0.79375 5194
0.859375 0.79375 5194
0.859375 0.79375 5196
0.859375 0.79375 5196
0.859375 0.79375 5196
0.859375 0.79375 5196
0.859375 0.79375 5196
0.859375 0.79375 5196
0.859375 0.7875 5198
0.859375 0.7875 5200
0.859375 0.784375 5202
0.859375 0.784375 5202
0.859375 0.784375 5202
0.859375 0.784375 5202
0.859375 0.784375 5202
0.859375 0.78125 5202
0.859375 0.78125 5204
0.859375 0.78125 5204
0.859375 0.78125 5204
0.859375 0.78125 5204
0.859375 0.78125 5204
0.859375 0.78125 5204
0.859375 0.78125 5206
0.859375 0.78125 5206
0.859375 0.78125 5208
0.859375 0.78125 5208
0.859375 0.78125 5208
0.859375 0.78125 5208
0.859375 0.78125 5208
0.859375 0.78125 5208
0.859375 0.78125 5208
0.859375 0.78125 5208
0.859375 0.78125 5210
0.859375 0.78125 5210
0.859375 0.78125 5210
0.859375 0.78125 5216
0.859375 0.78125 5218
0.859375 0.78125 5218
0.859375 0.78125 5220
0.859375 0.78125 5226
0.859375 0.775 5268
0.859375 0.775 5288
0.859375 0.775 5288
0.859375 0.775 5288
0.859375 0.775 5288
0.859375 0.775 5288
0.859375 0.775 5288
0.859375 0.775 5294
0.859375 0.775 5294
0.859375 0.775 5294
0.859375 0.775 5300
0.859375 0.775 5300
0.859375 0.775 5302
0.859375 0.775 5314
0.859375 0.775 5320
0.859375 0.775 5322
0.859375 0.775 5322
0.859375 0.775 5322
0.859375 0.775 5322
0.859375 0.76875 5324
0.859375 0.76875 5324
0.859375 0.76875 5326
0.859375 0.76875 5326
0.859375 0.76875 5326
0.859375 0.76875 5326
0.859375 0.76875 5326
0.859375 0.76875 5326
0.859375 0.76875 5326
0.859375 0.76875 5332
0.859375 0.76875 5332
0.859375 0.76875 5332
0.85625 0.76875 5362
0.85625 0.76875 5362
0.85625 0.76875 5362
0.85625 0.76875 5362
0.85625 0.76875 5382
0.85 0.76875 5412
0.85 0.76875 5412
0.85 0.76875 5414
0.85 0.76875 5414
0.85 0.76875 5416
0.85 0.76875 5416
0.85 0.76875 5418
0.85 0.76875 5418
0.85 0.76875 5418
0.85 0.76875 5418
0.85 0.76875 5418
0.85 0.76875 5420
0.85 0.76875 5420
0.85 0.76875 5420
0.85 0.76875 5420
0.85 0.76875 5426
0.85 0.76875 5426
0.85 0.76875 5426
0.85 0.76875 5426
0.85 0.76875 5426
0.85 0.76875 5426
0.85 0.76875 5426
0.85 0.76875 5426
0.85 0.76875 5426
0.85 0.76875 5426
0.846875 0.76875 5446
0.846875 0.76875 5446
0.846875 0.76875 5446
0.846875 0.76875 5446
0.85 0.76875 5466
0.85 0.76875 5466
0.85 0.76875 5466
0.85 0.76875 5466
0.85 0.76875 5466
0.85 0.76875 5468
0.85 0.76875 5468
0.85 0.76875 5468
0.85 0.76875 5468
0.85 0.76875 5468
0.85 0.76875 5468
0.85 0.76875 5468
0.85 0.76875 5468
0.85 0.76875 5468
0.85 0.76875 5468
0.85 0.76875 5468
0.85 0.76875 5468
0.85 0.76875 5468
0.85 0.76875 5468
0.85 0.76875 5468
0.85 0.76875 5468
0.85 0.76875 5470
0.85 0.76875 5470
0.85 0.76875 5470
0.834375 0.75625 5932
0.834375 0.75625 5934
0.834375 0.75625 5934
0.834375 0.75625 5934
0.834375 0.75625 5934
0.834375 0.75625 5954
0.834375 0.75625 5960
0.834375 0.75625 5960
0.834375 0.75625 5960
0.834375 0.75625 5960
0.834375 0.75625 5966
0.834375 0.75625 5966
0.834375 0.75625 5966
0.834375 0.75625 5972
0.834375 0.75625 5972
0.834375 0.75625 5972
0.834375 0.75625 5972
0.834375 0.75625 5972
0.834375 0.75625 5972
0.834375 0.75625 5972
0.834375 0.75625 5972
0.834375 0.75625 5972
0.834375 0.75625 5972
0.834375 0.75625 5972
0.834375 0.75625 5972
0.834375 0.75625 5972
0.834375 0.75625 5972
0.834375 0.75625 5992
0.834375 0.75625 5992
0.834375 0.75625 5998
0.834375 0.75625 5998
0.834375 0.75625 5998
0.834375 0.75625 5998
0.834375 0.75625 6000
0.834375 0.75 6000
0.834375 0.75 6000
0.834375 0.75 6000
0.834375 0.75 6000
0.834375 0.75 6000
0.834375 0.75 6000
0.834375 0.75 6000
0.834375 0.75 6000
0.834375 0.75 6020
0.834375 0.75 6020
0.834375 0.75 6020
0.8375 0.75 6032
0.8375 0.75 6032
0.8375 0.75 6032
0.85 0.75625 6034
0.85 0.75625 6034
0.85 0.75625 6034
0.85 0.75625 6034
0.85 0.75625 6034
0.85 0.75625 6034
0.85 0.75625 6034
0.85 0.75625 6036
0.85 0.75625 6038
0.85 0.75625 6058
0.85 0.75625 6058
0.85 0.75625 6060
0.85 0.75625 6060
0.846875 0.75625 6072
0.846875 0.75625 6072
0.846875 0.75625 6072
0.846875 0.75625 6072
0.846875 0.75625 6072
0.846875 0.75625 6072
0.846875 0.75625 6072
0.846875 0.75625 6072
0.846875 0.75625 6078
0.846875 0.75625 6098
0.846875 0.75625 6098
0.846875 0.75625 6098
0.846875 0.75625 6100
0.846875 0.75 6112
0.846875 0.75 6112
0.846875 0.75 6114
0.846875 0.75 6114
0.846875 0.75 6116
0.846875 0.75 6116
0.846875 0.75 6116
0.846875 0.75 6116
0.846875 0.75 6116
0.846875 0.75 6118
0.846875 0.75 6118
0.846875 0.75 6118
0.846875 0.75 6118
0.846875 0.75 6120
0.846875 0.75 6120
0.846875 0.75 6120
0.846875 0.75 6120
0.846875 0.75 6120
0.84375 0.75625 6162
0.84375 0.75625 6162
0.84375 0.75625 6174
0.84375 0.75625 6174
0.84375 0.75625 6174
0.84375 0.75625 6174
0.84375 0.75625 6174
0.84375 0.75625 6174
0.84375 0.75625 6174
0.84375 0.75625 6174
0.84375 0.75625 6174
0.84375 0.75625 6174
0.84375 0.75625 6174
0.84375 0.75625 6174
0.84375 0.75625 6174
0.846875 0.75625 6180
0.846875 0.75625 6180
0.846875 0.75625 6180
0.85625 0.75625 6252
0.853125 0.7625 6308
0.853125 0.7625 6310
0.853125 0.7625 6310
0.853125 0.7625 6310
0.853125 0.7625 6310
0.853125 0.7625 6310
0.853125 0.7625 6310
0.853125 0.7625 6310
0.853125 0.7625 6310
0.853125 0.7625 6310
0.853125 0.7625 6310
0.853125 0.7625 6310
0.853125 0.7625 6310
0.853125 0.7625 6316
0.853125 0.7625 6328
0.853125 0.7625 6328
0.853125 0.7625 6328
0.853125 0.7625 6328
0.85 0.7625 6348
0.85 0.7625 6348
0.85 0.7625 6348
0.85 0.7625 6348
0.85 0.7625 6348
0.85 0.7625 6348
0.85 0.7625 6348
0.85 0.7625 6348
0.85 0.7625 6348
0.85 0.7625 6348
0.85 0.7625 6348
0.85 0.7625 6360
0.85 0.7625 6360
0.85 0.7625 6360
0.85 0.7625 6360
0.85 0.7625 6360
0.85 0.7625 6360
0.85 0.7625 6360
0.85 0.7625 6360
0.85 0.7625 6360
0.85 0.7625 6362
0.85 0.7625 6362
0.85 0.7625 6362
0.85 0.7625 6364
0.85 0.7625 6364
0.85 0.7625 6364
0.85 0.7625 6364
0.85 0.7625 6364
0.85 0.7625 6370
0.85 0.7625 6370
0.85 0.7625 6370
0.85 0.7625 6372
0.85 0.7625 6374
0.85 0.7625 6374
0.85 0.7625 6374
0.85 0.7625 6374
0.85 0.765625 6374
0.85 0.765625 6376
0.85 0.7625 6376
0.85 0.7625 6376
0.85 0.7625 6376
0.85 0.7625 6376
0.85 0.7625 6376
0.85 0.7625 6382
0.85 0.7625 6402
0.85 0.7625 6402
0.85 0.7625 6404
0.85 0.7625 6406
0.85 0.7625 6406
0.85 0.7625 6408
0.85 0.7625 6408
0.85 0.7625 6408
0.85 0.7625 6410
0.85 0.7625 6410
0.85 0.7625 6410
0.85 0.7625 6410
0.85 0.7625 6416
0.85 0.7625 6416
0.85 0.7625 6416
0.85 0.7625 6416
0.85 0.7625 6416
0.85 0.7625 6416
0.85 0.7625 6418
0.85 0.7625 6418
0.85 0.7625 6418
0.85 0.7625 6418
0.85 0.7625 6418
0.85 0.7625 6418
0.85 0.7625 6418
0.85 0.7625 6418
0.85 0.7625 6418
0.85 0.7625 6418
0.85 0.7625 6418
0.85 0.7625 6418
0.85 0.7625 6418
0.85 0.7625 6418
0.85 0.75625 6430
0.85 0.75625 6430
0.85 0.75625 6432
0.85 0.75625 6432
0.85 0.75625 6432
0.853125 0.75625 6444
0.853125 0.75625 6444
0.853125 0.75625 6444
0.853125 0.75625 6444
0.853125 0.75625 6444
0.853125 0.75625 6444
0.853125 0.75625 6446
0.853125 0.75625 6446
0.853125 0.75625 6446
0.85625 0.75625 6536
0.85625 0.75625 6538
0.85625 0.75625 6538
0.85625 0.75625 6538
0.85625 0.75625 6538
0.85625 0.75625 6538
0.85625 0.75625 6550
0.85625 0.75625 6550
0.853125 0.75625 6580
0.853125 0.75625 6580
0.853125 0.753125 6580
0.853125 0.753125 6586
0.853125 0.753125 6586
0.853125 0.75 6586
0.875 0.775 6598
0.875 0.775 6598
0.875 0.771875 6598
0.875 0.771875 6598
0.875 0.771875 6598
0.875 0.771875 6604
0.875 0.771875 6604
0.875 0.775 6604
0.875 0.775 6604
0.875 0.775 6604
0.875 0.775 6604
0.875 0.775 6604
0.875 0.775 6604
0.875 0.775 6604
0.875 0.775 6604
0.875 0.775 6606
0.875 0.775 6606
0.875 0.775 6636
0.875 0.775 6636
0.875 0.775 6636
0.875 0.775 6636
0.875 0.775 6648
0.875 0.775 6648
0.875 0.775 6648
0.875 0.775 6648
0.875 0.775 6648
0.875 0.775 6648
0.875 0.775 6648
0.875 0.775 6648
0.875 0.775 6648
0.875 0.775 6648
0.875 0.775 6648
0.875 0.775 6648
0.875 0.775 6648
0.875 0.775 6648
0.875 0.775 6648
0.875 0.775 6648
0.875 0.775 6648
0.875 0.775 6648
0.875 0.775 6648
0.875 0.775 6648
0.875 0.775 6648
0.875 0.775 6650
0.875 0.775 6650
0.875 0.775 6706
0.875 0.775 6708
0.875 0.775 6708
0.875 0.775 6708
0.875 0.775 6708
0.875 0.775 6708
0.875 0.775 6710
0.88125 0.775 6716
0.88125 0.775 6718
0.88125 0.775 6718
0.88125 0.775 6718
0.88125 0.775 6718
0.884375 0.78125 6720
0.884375 0.78125 6720
0.884375 0.78125 6720
0.88125 0.78125 6726
0.88125 0.78125 6726
0.88125 0.78125 6726
0.88125 0.78125 6726
0.88125 0.78125 6726
0.88125 0.78125 6732
0.88125 0.78125 6732
0.88125 0.78125 6732
0.88125 0.78125 6732
0.88125 0.78125 6732
0.88125 0.78125 6744
0.88125 0.78125 6744
0.88125 0.78125 6744
0.88125 0.78125 6744
0.884375 0.78125 6756
0.884375 0.78125 6756
0.884375 0.78125 6758
0.884375 0.78125 6764
0.878125 0.76875 6794
0.878125 0.76875 6794
0.878125 0.76875 6794
0.878125 0.76875 6794
0.878125 0.76875 6806
0.878125 0.76875 6806
0.878125 0.76875 6806
0.88125 0.775 6808
0.88125 0.775 6808
0.88125 0.775 6810
0.88125 0.775 6812
0.88125 0.775 6812
0.88125 0.775 6812
0.88125 0.775 6812
0.88125 0.775 6812
0.88125 0.775 6812
0.88125 0.775 6812
0.88125 0.775 6842
0.88125 0.775 6842
0.88125 0.775 6844
0.88125 0.775 6856
0.88125 0.775 6856
0.88125 0.775 6856
0.88125 0.775 6856
0.88125 0.775 6856
0.88125 0.775 6858
0.88125 0.775 6858
0.88125 0.775 6858
0.88125 0.775 6870
0.88125 0.775 6870
0.88125 0.775 6870
0.88125 0.775 6870
0.88125 0.775 6870
0.88125 0.7875 6912
0.88125 0.7875 6912
0.88125 0.7875 6912
0.88125 0.78125 6924
0.88125 0.78125 6924
0.88125 0.78125 6924
0.878125 0.78125 6926
0.878125 0.78125 6926
0.878125 0.78125 6926
0.878125 0.78125 6926
0.878125 0.78125 6926
0.878125 0.78125 6926
0.878125 0.78125 6926
0.878125 0.78125 6926
0.878125 0.78125 6926
0.878125 0.78125 6926
0.878125 0.78125 6926
0.878125 0.78125 6926
0.878125 0.78125 6926
0.878125 0.78125 6926
0.878125 0.78125 6946
0.88125 0.7875 7018
0.88125 0.7875 7018
0.871875 0.8 7150
0.871875 0.8 7150
0.871875 0.8 7150
0.871875 0.8 7150
0.871875 0.8 7150
0.871875 0.8 7150
0.871875 0.8 7150
0.871875 0.8 7150
0.871875 0.8 7150
0.871875 0.79375 7170
0.871875 0.79375 7170
0.871875 0.79375 7170
0.871875 0.79375 7170
0.871875 0.79375 7170
0.871875 0.79375 7170
0.871875 0.79375 7170
0.871875 0.79375 7170
0.871875 0.79375 7170
0.871875 0.79375 7170
0.871875 0.79375 7170
0.871875 0.79375 7170
0.871875 0.79375 7176
0.871875 0.79375 7176
0.871875 0.79375 7176
0.871875 0.79375 7176
0.871875 0.796875 7178
0.871875 0.796875 7180
0.871875 0.79375 7180
0.871875 0.79375 7180
0.871875 0.79375 7180
0.871875 0.79375 7180
0.871875 0.79375 7180
0.871875 0.8 7180
0.871875 0.8 7180
0.871875 0.8 7180
0.871875 0.8 7186
0.871875 0.8 7186
0.871875 0.8 7186
0.871875 0.8 7186
0.871875 0.8 7186
0.871875 0.8 7186
0.871875 0.8 7186
0.871875 0.8 7186
0.871875 0.8 7186
0.871875 0.8 7186
0.871875 0.8 7186
0.871875 0.8 7186
0.871875 0.8 7186
0.871875 0.79375 7216
0.871875 0.79375 7216
0.871875 0.79375 7216
0.871875 0.79375 7216
0.871875 0.79375 7228
0.871875 0.79375 7228
0.86875 0.79375 7240
0.86875 0.79375 7242
0.86875 0.79375 7242
0.86875 0.79375 7242
0.86875 0.79375 7248
0.86875 0.79375 7250
0.875 0.8125 7382
0.875 0.8125 7384
0.875 0.8125 7384
0.875 0.8125 7384
0.875 0.8125 7384
0.875 0.8125 7384
0.875 0.8125 7384
0.875 0.8125 7384
0.875 0.8125 7384
0.875 0.8125 7384
0.875 0.8125 7384
0.875 0.8125 7390
0.875 0.8125 7390
0.875 0.8125 7390
0.875 0.8125 7390
0.875 0.8125 7390
0.875 0.8125 7390
0.875 0.8125 7390
0.875 0.8125 7390
0.875 0.8125 7390
0.875 0.8125 7390
0.875 0.8125 7390
0.875 0.8125 7392
0.875 0.8125 7392
0.875 0.8125 7412
0.875 0.8125 7412
0.875 0.8125 7412
0.875 0.8125 7412
0.875 0.8125 7412
0.875 0.8125 7412
0.875 0.8125 7424
0.875 0.8125 7424
0.875 0.8125 7424
0.875 0.8125 7436
0.875 0.8125 7436
0.875 0.8125 7436
0.875 0.8125 7438
0.875 0.8125 7438
0.875 0.8125 7438
0.875 0.8125 7438
0.875 0.8125 7438
0.875 0.8125 7438
0.875 0.815625 7438
0.875 0.815625 7438
0.875 0.815625 7438
0.875 0.815625 7438
0.875 0.815625 7438
0.875 0.815625 7438
0.875 0.81875 7444
0.875 0.81875 7444
0.875 0.81875 7444
0.875 0.81875 7444
0.875 0.81875 7444
0.875 0.81875 7464
0.875 0.81875 7464
0.875 0.81875 7464
0.875 0.81875 7464
0.875 0.81875 7464
0.875 0.81875 7464
0.875 0.81875 7464
0.875 0.81875 7464
0.875 0.81875 7466
0.875 0.81875 7466
0.875 0.81875 7466
0.875 0.81875 7466
0.875 0.81875 7466
0.875 0.8125 7466
0.875 0.8125 7466
0.875 0.8125 7466
0.875 0.8125 7466
0.875 0.8125 7472
0.875 0.8125 7472
0.875 0.8125 7492
0.875 0.8125 7492
0.875 0.8125 7498
0.875 0.8125 7498
0.875 0.8125 7498
0.875 0.8125 7498
0.875 0.8125 7498
0.875 0.8125 7518
0.875 0.8125 7518
0.875 0.8125 7518
0.875 0.8125 7518
0.875 0.8125 7518
0.875 0.8125 7518
0.875 0.8125 7518
0.875 0.8125 7520
0.875 0.8125 7520
0.875 0.8125 7520
0.875 0.8125 7520
0.875 0.8125 7520
0.875 0.8125 7520
0.875 0.8125 7520
0.875 0.8125 7520
0.875 0.8125 7520
0.875 0.8125 7520
0.88125 0.8125 7540
0.88125 0.8125 7540
0.88125 0.8125 7540
0.88125 0.8125 7542
0.88125 0.8125 7542
0.88125 0.8125 7542
0.88125 0.8125 7542
0.878125 0.8125 7544
0.878125 0.8125 7546
0.878125 0.8125 7546
0.878125 0.8125 7546
0.878125 0.8125 7546
0.878125 0.8125 7546
0.878125 0.8125 7546
0.878125 0.8125 7546
0.878125 0.8125 7546
0.878125 0.8125 7546
0.878125 0.8125 7546
0.878125 0.8125 7546
0.878125 0.8125 7546
0.875 0.8125 7548
0.875 0.809375 7548
0.875 0.809375 7548
0.875 0.809375 7548
0.875 0.809375 7548
0.875 0.809375 7548
0.875 0.809375 7548
0.875 0.809375 7550
0.875 0.809375 7550
0.875 0.809375 7550
0.875 0.809375 7550
0.875 0.809375 7550
0.875 0.809375 7552
0.875 0.809375 7552
0.875 0.809375 7552
0.875 0.809375 7552
0.875 0.809375 7552
0.875 0.809375 7552
0.875 0.809375 7552
0.875 0.80625 7552
0.875 0.80625 7552
0.875 0.80625 7552
0.875 0.8 7552
0.875 0.8 7554
0.875 0.8 7554
0.875 0.8 7566
0.875 0.8 7566
0.875 0.8 7566
0.875 0.8 7566
0.875 0.8 7566
0.875 0.8 7566
0.875 0.8 7566
0.875 0.8 7566
0.875 0.8 7566
0.875 0.8 7566
0.875 0.8 7566
0.875 0.8 7566
0.875 0.8 7566
0.875 0.8 7566
0.875 0.8 7566
0.875 0.8 7566
0.875 0.8 7566
0.875 0.8 7566
0.875 0.8 7566
0.875 0.8 7568
0.875 0.8 7568
0.875 0.8 7570
0.875 0.8 7570
0.875 0.8 7570
0.875 0.8 7582
0.875 0.8 7582
0.875 0.8 7584
0.875 0.8 7584
0.875 0.8 7584
0.875 0.8 7584
0.875 0.8 7584
0.875 0.8 7586
0.875 0.8 7588
0.875 0.8 7588
0.875 0.8 7588
0.875 0.8 7588
0.875 0.8 7594
0.875 0.8 7594
0.875 0.8 7596
0.875 0.80625 7616
0.875 0.80625 7622
0.875 0.8 7678
0.875 0.8 7678
0.875 0.8 7690
0.875 0.8 7690
0.875 0.8 7690
0.875 0.8 7690
0.878125 0.8 7710
0.878125 0.8 7710
0.878125 0.8 7710
0.878125 0.8 7710
0.878125 0.8 7710
0.878125 0.8 7710
0.878125 0.8 7710
0.878125 0.8 7712
0.878125 0.8 7712
0.878125 0.8 7712
0.878125 0.8 7712
0.878125 0.80625 7712
0.878125 0.80625 7712
0.878125 0.80625 7718
0.878125 0.80625 7718
0.878125 0.80625 7718
0.878125 0.80625 7718
0.878125 0.80625 7718
0.878125 0.80625 7718
0.878125 0.80625 7720
0.878125 0.80625 7720
0.878125 0.80625 7720
0.878125 0.80625 7720
0.878125 0.80625 7720
0.878125 0.80625 7722
0.878125 0.80625 7722
0.878125 0.80625 7722
0.878125 0.80625 7722
0.878125 0.80625 7722
0.878125 0.80625 7722
0.878125 0.8 7722
0.878125 0.8 7722
0.878125 0.8 7724
0.878125 0.8 7724
0.878125 0.8 7726
0.878125 0.80625 7726
0.878125 0.80625 7726
0.878125 0.80625 7726
0.878125 0.80625 7726
0.878125 0.80625 7738
0.878125 0.80625 7738
0.878125 0.80625 7738
0.878125 0.80625 7740
0.878125 0.80625 7740
0.878125 0.80625 7740
0.878125 0.80625 7740
0.878125 0.80625 7742
0.878125 0.80625 7742
0.878125 0.80625 7742
0.878125 0.80625 7742
0.878125 0.80625 7742
0.878125 0.81875 7744
0.878125 0.81875 7744
0.878125 0.81875 7744
0.878125 0.81875 7744
0.878125 0.81875 7744
0.878125 0.81875 7744
0.878125 0.81875 7744
0.878125 0.81875 7744
0.878125 0.81875 7746
0.878125 0.81875 7746
0.878125 0.81875 7758
0.878125 0.8125 7788
0.878125 0.8125 7788
0.878125 0.8125 7788
0.878125 0.8125 7790
0.878125 0.8125 7796
0.878125 0.8125 7798
0.878125 0.8125 7798
0.878125 0.8125 7800
0.878125 0.8125 7800
0.878125 0.8125 7800
0.878125 0.8125 7800
0.878125 0.809375 7802
0.878125 0.80625 7802
0.878125 0.80625 7802
0.878125 0.80625 7802
0.878125 0.80625 7802
0.878125 0.80625 7802
0.878125 0.80625 7802
0.875 0.80625 7804
0.875 0.80625 7804
0.875 0.80625 7804
0.875 0.80625 7804
0.875 0.80625 7804
0.875 0.80625 7804
0.875 0.80625 7804
0.875 0.80625 7846
0.875 0.80625 7848
0.875 0.80625 7848
0.875 0.80625 7850
0.875 0.80625 7850
0.875 0.80625 7850
0.875 0.80625 7852
0.875 0.8125 7852
0.875 0.8125 7852
0.875 0.8125 7852
0.875 0.8125 7852
0.875 0.8125 7852
0.875 0.8125 7854
0.875 0.8125 7854
0.875 0.8125 7854
0.875 0.8125 7854
0.875 0.8125 7854
0.875 0.8125 7854
0.875 0.8125 7856
0.878125 0.8125 7886
0.878125 0.8125 7886
0.878125 0.8125 7888
0.878125 0.80625 7888
0.878125 0.80625 7888
0.878125 0.80625 7888
0.8875 0.825 7918
0.8875 0.825 7930
0.8875 0.825 7930
0.8875 0.825 7930
0.8875 0.825 7950
0.8875 0.825 7950
0.8875 0.825 7950
0.8875 0.825 7950
0.8875 0.825 7950
0.8875 0.825 7950
0.8875 0.825 7950
0.8875 0.825 7950
0.8875 0.825 7950
0.8875 0.825 7950
0.8875 0.825 7950
0.8875 0.825 7950
0.884375 0.81875 7956
0.884375 0.81875 7958
0.884375 0.81875 7960
0.884375 0.825 8016
0.884375 0.825 8016
0.884375 0.825 8028
0.88125 0.825 8048
0.88125 0.825 8048
0.88125 0.825 8048
0.88125 0.825 8048
0.88125 0.825 8048
0.88125 0.825 8048
0.88125 0.825 8048
0.88125 0.825 8048
0.88125 0.825 8048
0.88125 0.825 8048
0.88125 0.825 8048
0.88125 0.825 8048
0.88125 0.825 8050
0.88125 0.825 8050
0.878125 0.825 8056
0.878125 0.825 8056
0.878125 0.825 8068
0.878125 0.825 8068
0.878125 0.825 8068
0.878125 0.825 8068
0.878125 0.825 8068
0.878125 0.825 8070
0.878125 0.825 8070
0.878125 0.825 8072
0.878125 0.825 8074
0.875 0.825 8184
0.875 0.825 8184
0.875 0.825 8184
0.875 0.825 8184
0.875 0.825 8184
0.875 0.825 8190
0.875 0.825 8192
0.875 0.825 8192
0.875 0.825 8192
0.875 0.825 8204
0.875 0.825 8204
0.875 0.825 8204
0.875 0.825 8204
0.875 0.825 8204
0.875 0.825 8206
0.875 0.825 8206
0.88125 0.825 8236
0.88125 0.825 8236
0.88125 0.825 8236
0.88125 0.825 8236
0.88125 0.825 8236
0.88125 0.825 8236
0.88125 0.825 8236
0.88125 0.825 8238
0.88125 0.825 8240
0.88125 0.825 8242
0.88125 0.825 8242
0.88125 0.825 8242
0.88125 0.825 8242
0.88125 0.825 8242
0.88125 0.825 8244
0.88125 0.825 8264
0.88125 0.825 8264
0.88125 0.825 8264
0.88125 0.825 8266
0.88125 0.825 8266
0.88125 0.825 8266
0.88125 0.825 8266
0.88125 0.825 8266
0.88125 0.825 8268
0.88125 0.825 8268
0.88125 0.825 8268
0.88125 0.825 8268
0.88125 0.825 8268
0.88125 0.825 8268
0.88125 0.825 8268
0.88125 0.825 8268
0.88125 0.825 8268
0.88125 0.825 8268
0.88125 0.825 8270
0.88125 0.825 8270
0.88125 0.825 8270
0.88125 0.825 8270
0.88125 0.825 8270
0.88125 0.825 8276
0.88125 0.825 8296
0.88125 0.825 8296
0.88125 0.825 8298
0.88125 0.825 8300
0.88125 0.825 8300
0.88125 0.825 8300
0.88125 0.825 8300
0.88125 0.825 8300
0.88125 0.825 8300
0.88125 0.825 8300
0.88125 0.825 8306
0.88125 0.825 8306
0.88125 0.825 8312
0.88125 0.825 8312
0.88125 0.825 8312
0.88125 0.825 8312
0.88125 0.825 8312
0.88125 0.825 8314
0.88125 0.825 8314
0.88125 0.825 8314
0.88125 0.825 8314
0.88125 0.825 8314
0.88125 0.825 8314
0.88125 0.825 8314
0.88125 0.825 8326
0.88125 0.825 8326
0.88125 0.825 8326
0.88125 0.825 8328
0.88125 0.825 8328
0.88125 0.825 8348
0.88125 0.825 8348
0.88125 0.825 8348
0.88125 0.825 8348
0.88125 0.825 8348
0.88125 0.825 8348
0.88125 0.825 8348
0.88125 0.825 8348
0.88125 0.825 8350
0.88125 0.81875 8352
0.878125 0.81875 8358
0.878125 0.81875 8360
0.878125 0.81875 8360
0.878125 0.81875 8372
0.878125 0.81875 8372
0.878125 0.81875 8374
0.878125 0.8125 8380
0.878125 0.8125 8380
0.878125 0.8125 8380
0.878125 0.8125 8380
0.878125 0.8125 8382
0.878125 0.8125 8382
0.878125 0.8125 8382
0.878125 0.8125 8382
0.878125 0.8125 8382
0.878125 0.8125 8394
0.878125 0.8125 8394
0.878125 0.8125 8400
0.878125 0.8125 8400
0.878125 0.8125 8400
0.878125 0.8125 8400
0.878125 0.8125 8402
0.878125 0.8125 8402
0.878125 0.8125 8402
0.878125 0.8125 8402
0.878125 0.8125 8404
0.878125 0.8125 8404
0.878125 0.8125 8404
0.878125 0.8125 8404
0.878125 0.8125 8410
0.878125 0.8125 8410
0.878125 0.8125 8410
0.878125 0.8125 8410
0.878125 0.8125 8410
0.878125 0.8125 8482
0.878125 0.8125 8488
0.878125 0.8125 8488
0.878125 0.8125 8488
0.878125 0.8125 8488
0.878125 0.8125 8488
0.878125 0.8125 8488
0.878125 0.8125 8488
0.878125 0.8125 8488
0.878125 0.8125 8490
0.878125 0.8125 8490
0.878125 0.8125 8490
0.878125 0.8125 8490
0.878125 0.8125 8490
0.878125 0.8125 8490
0.878125 0.8125 8490
0.878125 0.8125 8490
0.878125 0.8125 8490
0.878125 0.8125 8490
0.878125 0.8125 8490
0.878125 0.8125 8490
0.878125 0.8125 8490
0.875 0.8125 8496
0.871875 0.80625 8538
0.871875 0.80625 8540
0.871875 0.80625 8540
0.871875 0.80625 8540
0.871875 0.80625 8540
0.871875 0.80625 8540
0.871875 0.80625 8540
0.871875 0.80625 8540
0.871875 0.80625 8542
0.871875 0.80625 8544
0.871875 0.80625 8544
0.871875 0.8125 8544
0.871875 0.80625 8546
0.871875 0.80625 8546
0.871875 0.80625 8546
0.871875 0.80625 8546
0.871875 0.80625 8546
0.871875 0.80625 8546
0.871875 0.80625 8546
0.871875 0.80625 8546
0.871875 0.80625 8546
0.871875 0.8125 8552
0.871875 0.8125 8552
0.871875 0.8125 8552
0.871875 0.8125 8552
0.871875 0.8125 8552
0.871875 0.8125 8554
0.871875 0.8125 8556
0.871875 0.8125 8556
0.871875 0.8125 8562
0.871875 0.8125 8562
0.871875 0.8125 8564
0.871875 0.8125 8570
0.871875 0.8125 8572
0.871875 0.8125 8572
0.871875 0.8125 8572
0.871875 0.8125 8574
0.871875 0.8125 8574
0.871875 0.8125 8574
0.871875 0.8125 8574
0.871875 0.8125 8574
0.871875 0.8125 8574
0.871875 0.80625 8574
0.871875 0.80625 8574
0.871875 0.80625 8580
0.871875 0.8125 8600
0.871875 0.8125 8600
0.871875 0.8125 8602
0.871875 0.8125 8602
0.871875 0.8125 8602
0.871875 0.8125 8602
0.871875 0.8125 8604
0.871875 0.8125 8646
0.871875 0.8125 8646
0.871875 0.8125 8646
0.871875 0.8125 8646
0.871875 0.8125 8646
0.871875 0.8125 8646
0.871875 0.8125 8646
0.871875 0.8125 8646
0.871875 0.8125 8646
0.871875 0.80625 8648
0.871875 0.80625 8648
0.871875 0.80625 8648
0.871875 0.80625 8648
0.871875 0.80625 8648
0.871875 0.80625 8648
0.871875 0.8125 8668
0.871875 0.8125 8668
0.871875 0.8125 8668
0.871875 0.8125 8668
0.871875 0.8125 8668
0.871875 0.8125 8668
0.871875 0.8125 8668
0.871875 0.8125 8668
0.875 0.8125 8674
0.875 0.8125 8674
0.875 0.8125 8680
0.875 0.8125 8682
0.875 0.8125 8682
0.875 0.8125 8682
0.875 0.8125 8684
0.875 0.8125 8684
0.875 0.8125 8684
0.875 0.8125 8684
0.875 0.8125 8684
0.875 0.8125 8686
0.875 0.8125 8686
0.875 0.8125 8686
0.875 0.8125 8686
0.875 0.8125 8686
0.875 0.80625 8688
0.875 0.80625 8688
0.875 0.80625 8688
0.875 0.80625 8688
0.875 0.80625 8688
0.875 0.8125 8700
0.875 0.8125 8700
0.871875 0.8125 8706
0.871875 0.8125 8706
0.871875 0.8125 8706
0.871875 0.8125 8708
0.871875 0.8125 8714
0.871875 0.8125 8714
0.871875 0.8125 8714
0.871875 0.8125 8714
0.871875 0.8125 8716
0.871875 0.8125 8716
0.871875 0.8125 8716
0.871875 0.8125 8716
0.871875 0.8125 8716
0.871875 0.8125 8716
0.86875 0.8125 8718
0.86875 0.8125 8718
0.86875 0.8125 8718
0.86875 0.8125 8720
0.86875 0.8125 8722
0.86875 0.8125 8722
0.865625 0.8125 8724
0.865625 0.8125 8724
0.865625 0.8125 8724
0.865625 0.8125 8724
0.865625 0.8125 8726
0.865625 0.8125 8726
0.865625 0.8125 8726
0.865625 0.8125 8726
0.865625 0.8125 8728
0.865625 0.8125 8728
0.865625 0.8125 8728
0.865625 0.8125 8728
0.865625 0.80625 8728
0.865625 0.80625 8728
0.865625 0.80625 8728
0.865625 0.80625 8728
0.865625 0.80625 8728
0.865625 0.8125 8730
0.865625 0.8125 8732
0.865625 0.8125 8732
0.865625 0.8125 8732
0.865625 0.8125 8732
0.865625 0.8125 8732
0.865625 0.8125 8732
0.865625 0.8125 8732
0.865625 0.8125 8732
0.865625 0.8125 8732
0.865625 0.8125 8734
0.865625 0.8125 8734
0.865625 0.80625 8734
0.865625 0.80625 8734
0.865625 0.80625 8734
0.865625 0.80625 8736
0.865625 0.80625 8736
0.865625 0.80625 8736
0.865625 0.8125 8742
0.865625 0.8125 8742
0.865625 0.8125 8744
0.865625 0.8125 8744
0.865625 0.8125 8744
0.865625 0.8125 8744
0.865625 0.8125 8744
0.865625 0.8125 8744
0.865625 0.8125 8744
0.865625 0.8125 8746
0.865625 0.8125 8746
0.865625 0.8125 8748
0.865625 0.8125 8748
0.865625 0.8125 8748
0.865625 0.8125 8748
0.865625 0.8125 8748
0.865625 0.8125 8748
0.865625 0.8125 8748
0.865625 0.8125 8750
0.865625 0.8125 8750
0.865625 0.8125 8750
0.865625 0.8125 8752
0.865625 0.8125 8752
0.865625 0.8125 8754
0.865625 0.8125 8754
0.865625 0.8125 8754
0.8625 0.8125 8784
0.8625 0.8125 8790
0.8625 0.8125 8790
0.8625 0.8125 8790
0.8625 0.8125 8792
0.859375 0.8125 8798
0.859375 0.8125 8800
0.859375 0.8125 8800
0.859375 0.8125 8802
0.859375 0.8125 8802
0.859375 0.8125 8804
0.859375 0.8125 8804
0.859375 0.8125 8804
0.859375 0.8125 8806
0.859375 0.8125 8806
0.859375 0.8125 8806
0.859375 0.8125 8806
0.859375 0.8125 8806
0.859375 0.8125 8826
0.859375 0.8125 8826
0.859375 0.8125 8828
0.859375 0.8125 8828
0.859375 0.8125 8828
0.859375 0.8125 8828
0.859375 0.8125 8828
0.859375 0.8125 8828
0.859375 0.8125 8828
0.859375 0.8125 8828
0.859375 0.8125 8828
0.859375 0.8125 8840
0.859375 0.8125 8840
0.859375 0.8125 8840
0.859375 0.8125 8842
0.859375 0.8125 8842
0.859375 0.8125 8844
0.859375 0.8125 8844
0.859375 0.8125 8844
0.859375 0.8125 8844
0.859375 0.8125 8850
0.859375 0.8125 8850
0.859375 0.8125 8850
0.859375 0.8125 8850
0.859375 0.8125 8850
0.859375 0.8125 8850
0.859375 0.8125 8850
0.859375 0.8125 8870
0.859375 0.8125 8870
0.859375 0.8125 8876
0.859375 0.8125 8876
0.859375 0.8125 8876
0.859375 0.8125 8876
0.859375 0.8125 8878
0.859375 0.8125 8878
0.859375 0.8125 8908
0.859375 0.8125 8908
0.859375 0.8125 8908
0.859375 0.8125 8914
0.859375 0.8125 8914
0.859375 0.8125 8914
0.859375 0.8125 8944
0.859375 0.8125 8944
0.859375 0.8125 8944
0.859375 0.8125 8944
0.859375 0.8125 8944
0.859375 0.8125 8944
0.859375 0.8125 8944
0.859375 0.8125 8944
0.859375 0.8125 8946
0.859375 0.8125 8946
0.859375 0.8125 8946
0.859375 0.8125 8952
0.859375 0.8125 8952
0.859375 0.8125 8952
0.859375 0.8125 8952
0.859375 0.8125 8952
0.859375 0.8125 8952
0.859375 0.8125 8958
0.859375 0.8125 8958
0.865625 0.81875 8970
0.865625 0.81875 8970
0.865625 0.81875 8970
0.865625 0.81875 8970
0.865625 0.81875 8970
0.865625 0.81875 8970
0.865625 0.81875 8970
0.865625 0.81875 8970
0.8625 0.81875 8976
0.8625 0.81875 8976
0.8625 0.81875 8976
0.8625 0.81875 8976
0.8625 0.81875 8976
0.8625 0.81875 8982
0.8625 0.81875 8982
0.8625 0.81875 8982
0.8625 0.81875 8982
0.8625 0.81875 8982
0.8625 0.81875 8982
0.8625 0.81875 8982
0.8625 0.81875 8982
0.8625 0.81875 8984
0.8625 0.81875 8984
0.8625 0.81875 8984
0.8625 0.81875 8990
0.8625 0.81875 8990
0.8625 0.81875 8996
0.8625 0.81875 8996
0.8625 0.81875 8996
0.8625 0.81875 8996
0.8625 0.81875 8996
0.8625 0.81875 8998
0.8625 0.81875 8998
0.8625 0.81875 9010
0.8625 0.81875 9012
0.8625 0.81875 9012
0.8625 0.81875 9012
0.8625 0.81875 9018
0.8625 0.81875 9020
0.8625 0.81875 9032
0.8625 0.81875 9088
0.8625 0.81875 9088
0.8625 0.81875 9088
0.8625 0.81875 9090
0.8625 0.81875 9090
0.8625 0.81875 9090
0.8625 0.81875 9090
0.8625 0.81875 9090
0.8625 0.8125 9092
0.8625 0.8125 9092
0.8625 0.8125 9092
0.8625 0.8125 9092
0.8625 0.8125 9094
0.8625 0.8125 9096
0.8625 0.8125 9116
0.8625 0.8125 9116
0.8625 0.8125 9116
0.8625 0.8125 9116
0.8625 0.8125 9122
0.8625 0.8125 9122
0.8625 0.8125 9122
0.8625 0.8125 9134
0.8625 0.8125 9140
0.8625 0.8125 9146
0.8625 0.8125 9146
0.8625 0.8125 9146
0.8625 0.8125 9152
0.8625 0.8125 9152
0.8625 0.8125 9152
0.8625 0.8125 9152
0.8625 0.8125 9152
0.8625 0.8125 9152
0.8625 0.8125 9152
0.8625 0.8125 9152
0.8625 0.8125 9154
0.8625 0.8125 9154
0.8625 0.8125 9154
0.8625 0.8125 9154
0.8625 0.8125 9154
0.8625 0.8125 9154
0.8625 0.8125 9154
0.8625 0.8125 9154
0.8625 0.8125 9154
0.8625 0.8125 9154
0.8625 0.8125 9154
0.8625 0.8125 9154
0.8625 0.8125 9154
0.8625 0.8125 9154
0.8625 0.815625 9166
0.8625 0.81875 9172
0.8625 0.81875 9172
0.8625 0.81875 9172
0.8625 0.81875 9174
0.8625 0.81875 9174
0.8625 0.81875 9186
0.8625 0.81875 9198
0.8625 0.81875 9198
0.8625 0.81875 9198
0.8625 0.81875 9198
0.8625 0.81875 9198
0.8625 0.81875 9210
0.8625 0.81875 9212
0.8625 0.81875 9212
0.8625 0.81875 9212
0.8625 0.81875 9212
0.8625 0.81875 9212
0.8625 0.81875 9212
0.8625 0.81875 9214
0.8625 0.81875 9216
0.8625 0.81875 9216
0.8625 0.81875 9216
0.8625 0.81875 9216
0.8625 0.81875 9218
0.865625 0.81875 9230
0.865625 0.81875 9230
0.865625 0.81875 9230
0.865625 0.81875 9230
0.865625 0.81875 9232
0.865625 0.81875 9232
0.865625 0.81875 9232
0.865625 0.81875 9238
0.865625 0.81875 9238
0.865625 0.81875 9238
0.865625 0.81875 9238
0.865625 0.81875 9238
0.865625 0.81875 9238
0.865625 0.81875 9238
0.865625 0.81875 9238
0.865625 0.81875 9240
0.865625 0.81875 9240
0.865625 0.81875 9242
0.865625 0.81875 9242
0.865625 0.81875 9244
0.865625 0.81875 9244
0.865625 0.81875 9244
0.865625 0.81875 9244
0.865625 0.81875 9244
0.865625 0.81875 9246
0.865625 0.81875 9246
0.865625 0.81875 9246
0.865625 0.81875 9252
0.8625 0.8125 9272
0.8625 0.8125 9274
0.8625 0.8125 9274
0.8625 0.8125 9274
0.8625 0.8125 9274
0.8625 0.8125 9274
0.8625 0.8125 9286
0.8625 0.8125 9316
0.8625 0.8125 9316
0.8625 0.8125 9316
0.865625 0.81875 9372
0.865625 0.81875 9372
0.8625 0.81875 9384
0.8625 0.81875 9384
0.8625 0.81875 9390
0.8625 0.81875 9402
0.8625 0.81875 9402
0.8625 0.81875 9402
0.8625 0.81875 9402
0.8625 0.81875 9402
0.8625 0.81875 9402
0.8625 0.81875 9432
0.8625 0.81875 9432
0.8625 0.81875 9432
0.8625 0.81875 9432
0.8625 0.81875 9432
0.8625 0.81875 9434
0.8625 0.81875 9434
0.8625 0.81875 9434
0.8625 0.81875 9446
0.8625 0.81875 9446
0.8625 0.81875 9446
0.8625 0.81875 9446
0.8625 0.81875 9448
0.8625 0.81875 9448
0.8625 0.81875 9448
0.8625 0.81875 9448
0.8625 0.81875 9454
0.8625 0.81875 9454
0.8625 0.81875 9454
0.8625 0.81875 9454
0.8625 0.81875 9454
0.8625 0.81875 9454
0.8625 0.81875 9454
0.8625 0.81875 9454
0.8625 0.81875 9454
0.8625 0.81875 9454
0.8625 0.81875 9454
0.8625 0.81875 9454
0.8625 0.81875 9456
0.8625 0.81875 9456
0.8625 0.81875 9456
0.8625 0.81875 9456
0.8625 0.81875 9456
0.8625 0.81875 9462
0.8625 0.81875 9462
0.8625 0.81875 9462
0.8625 0.81875 9572
0.8625 0.81875 9572
0.8625 0.81875 9572
0.8625 0.81875 9574
0.8625 0.81875 9574
0.8625 0.81875 9574
0.8625 0.81875 9574
0.8625 0.81875 9574
0.8625 0.81875 9580
0.8625 0.81875 9582
0.8625 0.81875 9588
0.8625 0.81875 9588
0.8625 0.81875 9588
0.8625 0.81875 9588
0.8625 0.81875 9588
0.8625 0.81875 9588
0.8625 0.81875 9588
0.8625 0.81875 9588
0.8625 0.8125 9590
0.8625 0.8125 9590
0.8625 0.8125 9590
0.8625 0.8125 9590
0.8625 0.8125 9590
0.8625 0.81875 9602
0.8625 0.81875 9602
0.8625 0.81875 9602
0.8625 0.81875 9602
0.8625 0.81875 9602
0.8625 0.81875 9604
0.8625 0.81875 9604
0.8625 0.81875 9604
0.8625 0.81875 9604
0.8625 0.81875 9604
0.8625 0.81875 9604
0.8625 0.81875 9604
0.8625 0.81875 9604
0.8625 0.81875 9604
0.8625 0.81875 9604
0.8625 0.81875 9604
0.8625 0.81875 9604
0.8625 0.81875 9606
0.8625 0.81875 9612
0.865625 0.81875 9654
0.865625 0.81875 9654
0.865625 0.81875 9654
0.865625 0.81875 9656
0.865625 0.81875 9656
0.865625 0.81875 9656
0.865625 0.81875 9662
0.865625 0.81875 9662
0.865625 0.81875 9662
0.865625 0.81875 9662
0.865625 0.81875 9664
0.865625 0.81875 9664
0.865625 0.81875 9666
0.865625 0.81875 9666
0.865625 0.81875 9666
0.865625 0.81875 9668
0.865625 0.81875 9668
0.865625 0.81875 9698
0.865625 0.81875 9698
0.865625 0.81875 9700
0.865625 0.81875 9700
0.865625 0.81875 9702
0.865625 0.81875 9702
0.865625 0.81875 9714
0.865625 0.81875 9714
0.865625 0.81875 9714
0.865625 0.81875 9714
0.865625 0.81875 9714
0.865625 0.81875 9714
0.865625 0.81875 9714
0.865625 0.81875 9714
0.865625 0.81875 9720
0.865625 0.81875 9722
0.865625 0.81875 9722
0.865625 0.81875 9722
0.865625 0.81875 9722
0.865625 0.81875 9722
0.865625 0.81875 9722
0.865625 0.81875 9722
0.865625 0.81875 9722
0.865625 0.81875 9722
0.865625 0.81875 9722
0.865625 0.81875 9722
0.865625 0.81875 9722
0.865625 0.81875 9722
0.865625 0.81875 9724
0.86875 0.80625 10230
0.86875 0.80625 10230
0.86875 0.80625 10242
0.86875 0.80625 10242
0.86875 0.80625 10242
0.86875 0.80625 10242
0.86875 0.80625 10242
0.86875 0.80625 10242
0.86875 0.80625 10242
0.86875 0.80625 10242
0.86875 0.80625 10242
0.86875 0.80625 10242
0.86875 0.80625 10242
0.86875 0.80625 10242
0.86875 0.80625 10242
0.86875 0.80625 10242
0.86875 0.80625 10242
0.86875 0.80625 10298
0.86875 0.80625 10298
0.86875 0.80625 10304
0.86875 0.80625 10304
0.871875 0.80625 10316
0.871875 0.80625 10316
0.871875 0.80625 10316
0.871875 0.80625 10316
0.871875 0.80625 10316
0.871875 0.80625 10318
0.871875 0.80625 10318
0.871875 0.80625 10318
0.871875 0.80625 10318
0.871875 0.80625 10318
0.871875 0.80625 10318
0.871875 0.80625 10318
0.871875 0.80625 10318
0.871875 0.80625 10318
0.871875 0.80625 10318
0.871875 0.80625 10330
0.871875 0.80625 10330
0.871875 0.80625 10330
0.871875 0.80625 10330
0.871875 0.80625 10330
0.871875 0.80625 10330
0.871875 0.80625 10336
0.871875 0.80625 10336
0.871875 0.80625 10336
0.871875 0.80625 10356
0.871875 0.80625 10362
0.871875 0.80625 10364
0.871875 0.80625 10364
0.871875 0.80625 10364
0.871875 0.80625 10364
0.871875 0.80625 10366
0.871875 0.80625 10408
0.871875 0.80625 10408
0.871875 0.80625 10408
0.871875 0.80625 10408
0.871875 0.80625 10408
0.86875 0.8125 10540
0.86875 0.8125 10540
0.86875 0.8125 10540
0.86875 0.8125 10542
0.86875 0.8125 10542
0.86875 0.8125 10542
0.86875 0.8125 10548
0.86875 0.8125 10548
0.86875 0.8125 10548
0.86875 0.8125 10548
0.86875 0.8125 10548
0.86875 0.8125 10554
0.86875 0.8125 10574
0.86875 0.8125 10630
0.86875 0.8125 10630
0.86875 0.8125 10630
0.86875 0.8125 10630
0.86875 0.8125 10632
0.86875 0.8125 10638
0.86875 0.8125 10638
0.86875 0.8125 10638
0.86875 0.8125 10638
0.86875 0.8125 10638
0.86875 0.8125 10638
0.86875 0.8125 10638
0.86875 0.8125 10638
0.86875 0.8125 10638
0.86875 0.8125 10650
0.86875 0.8125 10650
0.86875 0.8125 10656
0.86875 0.8125 10656
0.86875 0.8125 10662
0.86875 0.8125 10662
0.86875 0.8125 10662
0.86875 0.8125 10668
0.86875 0.8125 10668
0.86875 0.8125 10668
0.86875 0.8125 10668
0.86875 0.8125 10668
0.86875 0.8125 10668
0.86875 0.8125 10670
0.86875 0.8125 10670
0.86875 0.8125 10670
0.865625 0.8125 10742
0.865625 0.8125 10742
0.865625 0.8125 10742
0.865625 0.8125 10742
0.865625 0.8125 10742
0.865625 0.8125 10742
0.865625 0.8125 10742
0.865625 0.8125 10744
0.865625 0.8125 10750
0.865625 0.8125 10750
0.865625 0.8125 10752
0.865625 0.8125 10752
0.865625 0.8125 10752
0.865625 0.8125 10752
0.865625 0.8125 10752
0.865625 0.8125 10754
0.865625 0.8125 10756
0.865625 0.8125 10756
0.865625 0.8125 10756
0.865625 0.8125 10756
0.865625 0.8125 10756
0.865625 0.8125 10756
0.865625 0.8125 10756
0.865625 0.8125 10756
0.865625 0.8125 10756
0.865625 0.8125 10756
0.865625 0.8125 10756
0.865625 0.8125 10758
0.865625 0.8125 10770
0.865625 0.8125 10776
0.865625 0.8125 10776
0.865625 0.8125 10776
0.865625 0.8125 10778
0.865625 0.8125 10784
0.865625 0.8125 10786
0.865625 0.8125 10786
0.865625 0.8125 10788
0.865625 0.8125 10790
0.865625 0.8125 10790
0.865625 0.8125 10790
0.865625 0.8125 10790
0.865625 0.8125 10790
0.865625 0.8125 10790
0.865625 0.8125 10790
0.875 0.8125 10946
0.875 0.8125 10948
0.875 0.8125 10948
0.875 0.8125 10948
0.875 0.8125 10948
0.875 0.8125 10950
0.875 0.8125 10950
0.875 0.8125 10950
0.875 0.8125 10950
0.875 0.8125 10952
0.875 0.8125 10952
0.875 0.8125 10952
0.875 0.8125 10952
0.875 0.8125 10972
0.875 0.8125 10972
0.875 0.8125 10972
0.875 0.8125 10978
0.875 0.8125 10980
0.875 0.8125 10980
0.875 0.8125 10982
0.875 0.8125 10982
0.875 0.8125 10982
0.875 0.8125 10988
0.875 0.8125 10988
0.875 0.8125 10990
0.875 0.8125 10990
0.875 0.8125 10990
0.875 0.8125 10990
0.875 0.8125 10990
0.875 0.8125 10990
0.875 0.8125 10990
0.875 0.8125 10992
0.875 0.8125 10992
0.875 0.8125 11012
0.875 0.8125 11012
0.875 0.8125 11054
0.875 0.8125 11054
0.875 0.8125 11054
0.875 0.8125 11066
0.875 0.8125 11066
0.875 0.8125 11066
0.875 0.8125 11066
0.875 0.8125 11066
0.875 0.8125 11066
0.875 0.8125 11068
0.875 0.8125 11070
0.875 0.8125 11070
0.875 0.8125 11072
0.875 0.8125 11078
0.875 0.8125 11078
0.875 0.8125 11078
0.875 0.8125 11078
0.875 0.8125 11078
0.875 0.8125 11078
0.875 0.8125 11078
0.875 0.8125 11078
0.875 0.8125 11078
0.875 0.8125 11084
0.871875 0.8125 11114
0.871875 0.8125 11114
0.871875 0.8125 11114
0.871875 0.8125 11114
0.871875 0.8125 11114
0.871875 0.8125 11114
0.871875 0.8125 11116
0.871875 0.8125 11116
0.871875 0.8125 11122
0.871875 0.8125 11122
0.871875 0.8125 11122
0.871875 0.8125 11122
0.871875 0.8125 11122
0.86875 0.8125 11128
0.86875 0.8125 11128
0.86875 0.8125 11128
0.86875 0.8125 11128
0.86875 0.8125 11128
0.86875 0.8125 11128
0.86875 0.8125 11200
0.86875 0.8125 11200
0.86875 0.8125 11200
0.86875 0.8125 11200
0.86875 0.8125 11212
0.86875 0.8125 11212
0.86875 0.8125 11212
0.86875 0.8125 11212
0.86875 0.8125 11212
0.86875 0.8125 11212
0.86875 0.8125 11218
0.86875 0.8125 11218
0.86875 0.8125 11218
0.86875 0.8125 11218
0.86875 0.8125 11218
0.86875 0.8125 11218
0.86875 0.8125 11218
0.86875 0.8125 11224
0.86875 0.8125 11224
0.86875 0.8125 11236
0.86875 0.8125 11236
0.86875 0.8125 11236
0.86875 0.8125 11236
0.86875 0.8125 11236
0.86875 0.8125 11236
0.865625 0.8125 11242
0.865625 0.8125 11242
0.865625 0.8125 11242
0.865625 0.8125 11242
0.865625 0.8125 11242
0.865625 0.8125 11242
0.865625 0.8125 11242
0.865625 0.8125 11244
0.865625 0.8125 11246
0.865625 0.8125 11246
0.865625 0.8125 11246
0.865625 0.8125 11246
0.865625 0.8125 11246
0.865625 0.8125 11246
0.86875 0.81875 11258
0.86875 0.81875 11258
0.86875 0.81875 11258
0.86875 0.81875 11258
0.86875 0.81875 11258
0.86875 0.81875 11258
0.86875 0.81875 11258
0.86875 0.81875 11258
0.86875 0.81875 11258
0.86875 0.81875 11270
0.86875 0.81875 11270
0.86875 0.81875 11270
0.86875 0.81875 11272
0.871875 0.81875 11314
0.871875 0.81875 11316
0.871875 0.81875 11316
0.871875 0.81875 11316
0.871875 0.81875 11316
0.871875 0.81875 11322
0.871875 0.81875 11322
0.871875 0.81875 11322
0.871875 0.81875 11322
0.871875 0.81875 11322
0.871875 0.81875 11322
0.871875 0.81875 11322
0.871875 0.81875 11322
0.871875 0.81875 11322
0.871875 0.81875 11322
0.871875 0.81875 11328
0.871875 0.81875 11328
0.871875 0.81875 11330
0.871875 0.81875 11330
0.871875 0.81875 11330
0.871875 0.81875 11336
0.871875 0.81875 11338
0.871875 0.81875 11338
0.871875 0.81875 11338
0.871875 0.81875 11338
0.871875 0.81875 11338
0.871875 0.81875 11338
0.871875 0.81875 11340
0.871875 0.81875 11340
0.871875 0.81875 11396
0.871875 0.81875 11396
0.871875 0.81875 11396
0.871875 0.81875 11398
0.871875 0.81875 11398
0.871875 0.81875 11404
0.871875 0.81875 11404
0.871875 0.81875 11406
0.871875 0.81875 11406
0.871875 0.81875 11408
0.871875 0.81875 11414
0.871875 0.81875 11414
0.871875 0.81875 11414
0.871875 0.81875 11414
0.871875 0.81875 11414
0.871875 0.81875 11414
0.871875 0.81875 11414
0.871875 0.81875 11414
0.871875 0.81875 11416
0.871875 0.81875 11418
0.871875 0.81875 11418
0.871875 0.81875 11418
0.871875 0.81875 11420
0.871875 0.81875 11420
0.871875 0.81875 11422
0.871875 0.81875 11422
0.871875 0.81875 11422
0.86875 0.81875 11442
0.86875 0.81875 11442
0.86875 0.81875 11442
0.86875 0.81875 11442
0.86875 0.81875 11444
0.86875 0.81875 11446
0.86875 0.81875 11466
0.86875 0.81875 11466
0.86875 0.81875 11466
0.86875 0.81875 11468
0.86875 0.81875 11468
0.86875 0.81875 11468
0.86875 0.81875 11468
0.86875 0.81875 11468
0.86875 0.81875 11468
0.86875 0.81875 11468
0.86875 0.81875 11468
0.86875 0.81875 11470
0.86875 0.81875 11472
0.86875 0.81875 11472
0.86875 0.81875 11472
0.86875 0.81875 11478
0.86875 0.81875 11478
0.86875 0.81875 11478
0.86875 0.81875 11484
0.86875 0.81875 11484
0.86875 0.81875 11484
0.86875 0.81875 11484
0.86875 0.81875 11484
0.86875 0.81875 11484
0.86875 0.81875 11484
0.86875 0.81875 11496
0.86875 0.81875 11496
0.86875 0.81875 11496
0.86875 0.81875 11496
0.86875 0.81875 11496
0.86875 0.81875 11496
0.86875 0.81875 11496
0.86875 0.81875 11496
0.86875 0.81875 11496
0.86875 0.81875 11496
0.86875 0.81875 11496
0.86875 0.81875 11496
0.86875 0.81875 11496
0.86875 0.81875 11498
0.86875 0.81875 11498
0.871875 0.81875 11504
0.871875 0.81875 11504
0.871875 0.81875 11504
0.871875 0.81875 11506
0.871875 0.81875 11506
0.871875 0.81875 11536
0.871875 0.81875 11536
0.871875 0.81875 11536
0.871875 0.81875 11536
0.871875 0.81875 11536
0.871875 0.81875 11536
0.871875 0.81875 11536
0.871875 0.81875 11536
0.871875 0.81875 11536
0.871875 0.81875 11536
0.871875 0.81875 11536
0.871875 0.81875 11536
0.871875 0.81875 11536
0.871875 0.81875 11536
0.871875 0.81875 11536
0.871875 0.81875 11538
0.871875 0.81875 11538
0.871875 0.81875 11540
0.871875 0.81875 11570
0.871875 0.81875 11570
0.86875 0.81875 11582
0.86875 0.81875 11582
0.86875 0.81875 11582
0.86875 0.81875 11584
0.871875 0.81875 11590
0.871875 0.81875 11592
0.871875 0.81875 11604
0.871875 0.81875 11624
0.871875 0.81875 11624
0.871875 0.81875 11624
0.871875 0.81875 11626
0.871875 0.81875 11626
0.871875 0.81875 11626
0.871875 0.81875 11626
0.871875 0.81875 11626
0.871875 0.81875 11626
0.871875 0.81875 11626
0.871875 0.81875 11626
0.871875 0.81875 11626
0.871875 0.81875 11626
0.871875 0.81875 11626
0.871875 0.81875 11626
0.871875 0.81875 11626
0.871875 0.81875 11638
0.871875 0.81875 11638
0.871875 0.81875 11640
0.871875 0.81875 11642
0.871875 0.81875 11644
0.871875 0.81875 11644
0.871875 0.81875 11644
0.871875 0.81875 11656
0.871875 0.81875 11656
0.875 0.81875 11746
0.875 0.81875 11746
0.875 0.81875 11748
0.875 0.81875 11748
0.875 0.821875 11760
0.875 0.81875 11760
0.875 0.81875 11760
0.875 0.825 11772
0.875 0.825 11772
0.875 0.825 11774
0.875 0.825 11774
0.875 0.825 11774
0.875 0.825 11774
0.875 0.825 11776
0.875 0.825 11788
0.875 0.825 11788
0.875 0.825 11788
0.875 0.825 11788
0.875 0.825 11794
0.875 0.825 11794
0.875 0.825 11794
0.875 0.825 11794
0.875 0.825 11794
0.878125 0.825 11814
0.878125 0.81875 11814
0.878125 0.81875 11814
0.878125 0.81875 11814
0.878125 0.81875 11814
0.878125 0.81875 11814
0.878125 0.81875 11814
0.878125 0.81875 11816
0.878125 0.81875 11816
0.878125 0.81875 11816
0.878125 0.81875 11816
0.878125 0.81875 11816
0.878125 0.825 11822
0.878125 0.825 11822
0.878125 0.825 11824
0.878125 0.825 11824
0.878125 0.825 11824
0.878125 0.81875 11830
0.878125 0.81875 11830
0.878125 0.81875 11830
0.878125 0.81875 11830
0.878125 0.83125 11850
0.878125 0.83125 11850
0.878125 0.83125 11850
0.878125 0.83125 11850
0.878125 0.83125 11850
0.878125 0.83125 11850
0.878125 0.83125 11850
0.878125 0.83125 11850
0.878125 0.83125 11852
0.878125 0.83125 11852
0.878125 0.83125 11854
0.878125 0.83125 11856
0.878125 0.83125 11858
0.878125 0.83125 11860
0.878125 0.83125 11860
0.878125 0.83125 11860
0.878125 0.83125 11860
0.878125 0.83125 11866
0.878125 0.83125 11866
0.878125 0.83125 11868
0.878125 0.83125 11870
0.878125 0.83125 11870
0.878125 0.83125 11870
0.878125 0.83125 11870
0.878125 0.83125 11872
0.878125 0.83125 11874
0.878125 0.83125 11874
0.878125 0.83125 11874
0.878125 0.83125 11880
0.878125 0.83125 11880
0.878125 0.83125 11900
0.878125 0.83125 11900
0.878125 0.83125 11900
0.878125 0.83125 11930
0.878125 0.83125 11930
0.878125 0.83125 11942
0.878125 0.83125 11942
0.878125 0.83125 11942
0.878125 0.83125 11942
0.878125 0.83125 11942
0.878125 0.83125 11942
0.878125 0.83125 11942
0.878125 0.83125 11942
0.878125 0.83125 11942
0.878125 0.83125 11942
0.878125 0.83125 11948
0.878125 0.83125 11954
0.878125 0.83125 11956
0.878125 0.83125 11956
0.878125 0.83125 11956
0.878125 0.83125 11956
0.878125 0.83125 11962
0.878125 0.83125 11962
0.878125 0.83125 11962
0.878125 0.83125 11962
0.878125 0.83125 11962
0.878125 0.83125 11962
0.878125 0.83125 11962
0.878125 0.83125 11962
0.878125 0.83125 11962
0.878125 0.83125 11964
0.878125 0.83125 11976
0.878125 0.83125 11976
0.878125 0.83125 11976
0.878125 0.83125 11976
0.878125 0.83125 11976
0.878125 0.83125 11982
0.878125 0.83125 11982
0.878125 0.83125 11982
0.878125 0.83125 11982
0.878125 0.83125 11982
0.878125 0.83125 11982
0.878125 0.83125 11982
0.878125 0.83125 11982
0.878125 0.83125 11982
0.878125 0.83125 11982
0.878125 0.83125 11982
0.878125 0.83125 11994
0.878125 0.83125 11994
0.878125 0.825 12024
0.878125 0.825 12024
0.878125 0.825 12024
0.878125 0.825 12024
0.878125 0.825 12024
0.878125 0.825 12024
0.878125 0.825 12024
0.878125 0.825 12024
0.878125 0.825 12024
0.878125 0.825 12024
0.878125 0.825 12024
0.878125 0.825 12026
0.878125 0.825 12026
0.878125 0.825 12028
0.878125 0.825 12030
0.878125 0.825 12030
0.878125 0.825 12030
0.878125 0.825 12030
0.878125 0.825 12030
0.878125 0.825 12030
0.878125 0.825 12030
0.878125 0.825 12030
0.878125 0.825 12030
0.878125 0.825 12030
0.878125 0.825 12032
0.878125 0.825 12032
0.878125 0.825 12032
0.878125 0.825 12032
0.878125 0.825 12034
0.878125 0.825 12034
0.878125 0.825 12046
0.878125 0.825 12046
0.878125 0.825 12046
0.878125 0.825 12046
0.878125 0.825 12046
0.878125 0.825 12048
0.878125 0.825 12048
0.878125 0.825 12048
0.878125 0.825 12048
0.878125 0.825 12048
0.878125 0.825 12048
0.878125 0.825 12048
0.878125 0.825 12048
0.878125 0.825 12050
0.878125 0.825 12052
0.878125 0.825 12052
0.878125 0.825 12064
0.878125 0.825 12064
0.878125 0.825 12064
0.878125 0.825 12064
0.878125 0.825 12064
0.878125 0.825 12064
0.88125 0.825 12106
0.878125 0.825 12112
0.878125 0.825 12112
0.878125 0.825 12112
0.878125 0.825 12112
0.878125 0.825 12112
0.878125 0.825 12114
0.878125 0.825 12114
0.878125 0.825 12114
0.878125 0.825 12114
0.878125 0.825 12126
0.878125 0.825 12132
0.878125 0.825 12132
0.878125 0.825 12132
0.878125 0.825 12138
0.878125 0.825 12138
0.878125 0.825 12138
0.878125 0.825 12138
0.878125 0.825 12138
0.878125 0.825 12144
0.878125 0.825 12144
0.878125 0.825 12144
0.878125 0.825 12150
0.878125 0.825 12170
0.878125 0.825 12170
0.878125 0.825 12176
0.878125 0.825 12176
0.878125 0.825 12196
0.88125 0.825 12216
0.88125 0.825 12216
0.88125 0.825 12216
0.88125 0.825 12246
0.88125 0.825 12246
0.88125 0.825 12246
0.88125 0.825 12246
0.88125 0.825 12246
0.88125 0.825 12246
0.88125 0.825 12246
0.88125 0.825 12248
0.88125 0.825 12248
0.88125 0.83125 12268
0.88125 0.83125 12268
0.88125 0.83125 12270
0.88125 0.83125 12270
0.88125 0.83125 12270
0.88125 0.83125 12276
0.88125 0.83125 12278
0.88125 0.83125 12278
0.88125 0.83125 12280
0.88125 0.83125 12300
0.88125 0.83125 12300
0.88125 0.83125 12320
0.88125 0.83125 12320
0.88125 0.83125 12332
0.88125 0.83125 12332
0.88125 0.83125 12334
0.88125 0.83125 12334
0.88125 0.83125 12376
0.88125 0.83125 12376
0.88125 0.83125 12378
0.88125 0.83125 12384
0.878125 0.83125 12390
0.878125 0.83125 12392
0.878125 0.83125 12392
0.878125 0.83125 12392
0.878125 0.83125 12392
0.878125 0.83125 12392
0.878125 0.83125 12392
0.878125 0.83125 12392
0.878125 0.83125 12392
0.878125 0.83125 12392
0.878125 0.83125 12392
0.878125 0.83125 12392
0.878125 0.83125 12392
0.878125 0.83125 12392
0.878125 0.83125 12412
0.878125 0.83125 12412
0.878125 0.83125 12412
0.88125 0.83125 12442
0.88125 0.83125 12442
0.88125 0.83125 12442
0.88125 0.83125 12442
0.88125 0.83125 12442
0.88125 0.83125 12442
0.88125 0.83125 12454
0.88125 0.83125 12454
0.88125 0.825 12474
0.88125 0.825 12486
0.88125 0.825 12486
0.88125 0.825 12486
0.88125 0.825 12486
0.88125 0.825 12486
0.88125 0.825 12488
0.88125 0.825 12488
0.88125 0.825 12488
0.88125 0.825 12494
0.88125 0.825 12494
0.88125 0.825 12494
0.88125 0.825 12496
0.88125 0.825 12496
0.88125 0.825 12496
0.88125 0.825 12498
0.88125 0.825 12498
0.88125 0.825 12498
0.88125 0.825 12498
0.88125 0.825 12498
0.88125 0.825 12498
0.88125 0.825 12498
0.88125 0.825 12498
0.88125 0.825 12504
0.88125 0.825 12504
0.88125 0.825 12504
0.88125 0.825 12504
0.88125 0.825 12504
0.88125 0.825 12504
0.88125 0.81875 12524
0.88125 0.81875 12526
0.88125 0.81875 12526
0.88125 0.81875 12526
0.88125 0.81875 12526
0.875 0.825 12636
0.875 0.825 12636
0.871875 0.825 12666
0.871875 0.825 12666
0.871875 0.825 12668
0.871875 0.825 12668
0.871875 0.825 12668
0.871875 0.825 12668
0.871875 0.825 12668
0.871875 0.825 12668
0.871875 0.825 12668
0.871875 0.825 12668
0.871875 0.825 12674
0.871875 0.825 12674
0.871875 0.81875 12676
0.871875 0.81875 12676
0.871875 0.81875 12676
0.871875 0.81875 12678
0.871875 0.81875 12678
0.871875 0.81875 12678
0.871875 0.81875 12678
0.871875 0.81875 12678
0.871875 0.81875 12708
0.871875 0.825 12720
0.871875 0.825 12720
0.871875 0.825 12720
0.871875 0.825 12726
0.871875 0.825 12726
0.871875 0.825 12726
0.871875 0.825 12738
0.871875 0.825 12738
0.871875 0.825 12738
0.871875 0.825 12740
0.871875 0.825 12742
0.871875 0.825 12744
0.871875 0.825 12744
0.871875 0.825 12744
0.871875 0.825 12744
0.871875 0.825 12744
0.871875 0.825 12750
0.871875 0.825 12750
0.871875 0.825 12750
0.871875 0.825 12750
0.871875 0.825 12750
0.871875 0.825 12762
0.871875 0.825 12762
0.871875 0.825 12762
0.871875 0.825 12762
0.871875 0.825 12762
0.871875 0.825 12762
0.871875 0.825 12762
0.871875 0.825 12764
0.871875 0.825 12766
0.871875 0.825 12766
0.871875 0.825 12766
0.871875 0.825 12766
0.871875 0.825 12766
0.871875 0.825 12766
0.871875 0.825 12766
0.871875 0.825 12768
0.871875 0.825 12768
0.871875 0.825 12770
0.871875 0.825 12770
0.871875 0.825 12770
0.871875 0.825 12770
0.871875 0.825 12770
0.871875 0.825 12782
0.871875 0.825 12782
0.871875 0.825 12782
0.871875 0.825 12782
0.871875 0.825 12782
0.871875 0.825 12782
0.871875 0.825 12782
0.871875 0.825 12782
0.871875 0.825 12782
0.871875 0.825 12782
0.871875 0.825 12794
0.871875 0.825 12794
0.871875 0.825 12794
0.871875 0.825 12800
0.871875 0.825 12806
0.871875 0.825 12806
0.871875 0.825 12806
0.871875 0.825 12808
0.871875 0.825 12808
0.871875 0.825 12808
0.871875 0.825 12808
0.871875 0.825 12808
0.871875 0.825 12808
0.871875 0.825 12808
0.871875 0.825 12808
0.871875 0.825 12810
0.871875 0.825 12810
0.871875 0.825 12810
0.871875 0.825 12810
0.871875 0.825 12810
0.871875 0.825 12810
0.871875 0.825 12812
0.871875 0.825 12812
0.871875 0.825 12812
0.871875 0.825 12812
0.871875 0.825 12812
0.871875 0.825 12814
0.871875 0.825 12816
0.871875 0.825 12816
0.871875 0.825 12816
0.871875 0.825 12816
0.871875 0.825 12818
0.871875 0.825 12818
0.871875 0.825 12818
0.871875 0.825 12820
0.871875 0.825 12820
0.871875 0.825 12820
0.871875 0.825 12822
0.871875 0.825 12822
0.871875 0.825 12824
0.871875 0.825 12824
0.871875 0.825 12824
0.871875 0.825 12824
0.871875 0.825 12824
0.871875 0.825 12830
0.871875 0.825 12830
0.871875 0.825 12830
0.871875 0.825 12842
0.871875 0.825 12842
0.871875 0.825 12842
0.871875 0.825 12842
0.871875 0.825 12842
0.871875 0.825 12844
0.871875 0.825 12844
0.871875 0.825 12844
0.871875 0.825 12844
0.871875 0.825 12844
0.871875 0.825 12844
0.871875 0.825 12844
0.871875 0.825 12844
0.871875 0.825 12844
0.871875 0.825 12844
0.871875 0.825 12844
0.871875 0.825 12846
0.871875 0.825 12858
0.871875 0.825 12858
0.871875 0.825 12858
0.871875 0.825 12858
0.871875 0.825 12858
0.871875 0.825 12858
0.871875 0.825 12858
0.871875 0.825 12858
0.871875 0.825 12858
0.871875 0.825 12858
0.871875 0.825 12858
0.871875 0.825 12858
0.871875 0.825 12858
0.871875 0.825 12858
0.871875 0.825 12858
0.871875 0.825 12858
0.871875 0.825 12858
0.871875 0.825 12858
0.871875 0.825 12858
0.871875 0.825 12860
0.871875 0.825 12860
0.871875 0.825 12866
0.871875 0.825 12866
0.871875 0.825 12872
0.871875 0.825 12874
0.871875 0.825 12874
0.871875 0.825 12874
0.871875 0.825 12874
0.871875 0.825 12876
0.871875 0.825 12878
0.871875 0.825 12878
0.871875 0.825 12878
0.871875 0.825 12878
0.86875 0.825 12890
0.86875 0.825 12892
0.86875 0.825 12892
0.86875 0.825 12892
0.86875 0.825 12892
0.86875 0.825 12892
0.86875 0.825 12898
0.86875 0.825 12900
0.86875 0.825 12900
0.86875 0.825 12902
0.86875 0.825 12902
0.86875 0.825 12902
0.86875 0.825 12902
0.86875 0.825 12902
0.86875 0.825 12902
0.86875 0.825 12902
0.86875 0.825 12902
0.86875 0.825 12902
0.86875 0.825 12902
0.86875 0.825 12902
0.86875 0.825 12902
0.86875 0.825 12922
0.86875 0.825 12922
0.86875 0.825 12922
0.86875 0.825 12924
0.86875 0.825 12924
0.86875 0.825 12926
0.86875 0.825 12926
0.86875 0.825 12926
0.86875 0.825 12932
0.86875 0.825 12932
0.865625 0.825 12944
0.865625 0.825 12944
0.865625 0.825 12946
0.865625 0.825 12946
0.865625 0.825 12946
0.865625 0.825 12946
0.865625 0.825 12946
0.865625 0.825 12946
0.865625 0.825 12948
0.865625 0.825 12948
0.865625 0.825 12948
0.865625 0.825 12948
0.865625 0.825 12950
0.865625 0.825 12950
0.865625 0.825 12950
0.865625 0.825 12950
0.865625 0.825 12950
0.865625 0.825 12980
0.865625 0.825 12980
0.865625 0.825 12980
0.865625 0.825 13000
0.865625 0.825 13000
0.865625 0.825 13000
0.865625 0.825 13000
0.865625 0.825 13000
0.865625 0.825 13000
0.865625 0.825 13012
0.865625 0.825 13032
0.865625 0.825 13032
0.865625 0.825 13032
0.865625 0.825 13032
0.865625 0.825 13032
0.865625 0.825 13032
0.865625 0.825 13032
0.865625 0.825 13032
0.865625 0.825 13032
0.865625 0.825 13032
0.865625 0.825 13032
0.865625 0.825 13032
0.86875 0.825 13038
0.86875 0.825 13038
0.86875 0.825 13038
0.86875 0.825 13038
0.86875 0.825 13038
0.86875 0.825 13040
0.86875 0.825 13040
0.86875 0.825 13040
0.86875 0.825 13042
0.86875 0.825 13042
0.86875 0.825 13042
0.86875 0.825 13044
0.86875 0.825 13044
0.86875 0.825 13046
0.86875 0.825 13046
0.86875 0.825 13048
0.86875 0.825 13048
0.86875 0.825 13048
0.86875 0.825 13048
0.86875 0.825 13048
0.86875 0.825 13048
0.86875 0.825 13048
0.86875 0.825 13090
0.86875 0.825 13090
0.86875 0.825 13162
0.86875 0.825 13162
0.86875 0.825 13162
0.86875 0.825 13168
0.86875 0.825 13168
0.86875 0.825 13168
0.86875 0.825 13168
0.86875 0.825 13168
0.86875 0.825 13174
0.86875 0.825 13174
0.86875 0.825 13174
0.86875 0.825 13174
0.86875 0.825 13174
0.86875 0.825 13174
0.86875 0.825 13174
0.86875 0.825 13174
0.86875 0.825 13186
0.86875 0.825 13186
0.86875 0.825 13186
0.86875 0.825 13192
0.86875 0.825 13192
0.86875 0.825 13192
0.86875 0.825 13192
0.86875 0.825 13192
0.86875 0.825 13198
0.86875 0.825 13204
0.86875 0.825 13204
0.86875 0.825 13204
0.86875 0.825 13204
0.86875 0.825 13204
0.86875 0.825 13204
0.86875 0.825 13204
0.86875 0.825 13204
0.86875 0.825 13210
0.86875 0.825 13210
0.86875 0.825 13210
0.86875 0.825 13210
0.86875 0.825 13210
0.86875 0.825 13212
0.86875 0.825 13212
0.86875 0.825 13212
0.86875 0.825 13212
0.86875 0.825 13212
0.86875 0.825 13212
0.86875 0.825 13212
0.86875 0.825 13212
0.86875 0.825 13212
0.86875 0.825 13218
0.86875 0.825 13218
0.86875 0.825 13218
0.86875 0.825 13220
0.86875 0.825 13220
0.86875 0.825 13220
0.86875 0.825 13232
0.86875 0.825 13232
0.86875 0.825 13232
0.86875 0.825 13234
0.86875 0.825 13234
0.86875 0.825 13234
0.86875 0.825 13236
0.86875 0.825 13236
0.86875 0.825 13368
0.86875 0.825 13368
0.86875 0.825 13374
0.86875 0.825 13376
0.86875 0.825 13376
0.86875 0.825 13376
0.86875 0.825 13376
0.86875 0.825 13378
0.86875 0.825 13380
0.86875 0.825 13380
0.86875 0.825 13380
0.86875 0.825 13386
0.86875 0.825 13386
0.86875 0.825 13386
0.86875 0.825 13386
0.86875 0.825 13392
0.86875 0.825 13392
