0.828125 0.825 596
0.828125 0.821875 596
0.828125 0.821875 596
0.828125 0.821875 598
0.9 0.88125 610
0.9 0.88125 610
0.9 0.878125 610
0.9 0.878125 610
0.9 0.88125 610
0.9 0.878125 610
0.9 0.878125 610
0.9 0.88125 610
0.9 0.878125 610
0.9 0.878125 610
0.9 0.878125 610
0.9 0.88125 610
0.9 0.88125 610
0.934375 0.9125 616
0.934375 0.9125 616
0.934375 0.9125 616
0.934375 0.909375 616
0.934375 0.909375 616
0.934375 0.909375 618
0.934375 0.91875 630
0.934375 0.91875 630
0.934375 0.91875 630
0.934375 0.91875 630
0.934375 0.91875 630
0.934375 0.91875 632
0.934375 0.91875 632
0.934375 0.91875 632
0.934375 0.91875 634
0.934375 0.91875 634
0.934375 0.91875 634
0.934375 0.91875 636
0.934375 0.91875 636
0.934375 0.91875 636
0.934375 0.915625 636
0.934375 0.909375 636
0.934375 0.909375 636
0.934375 0.909375 636
0.934375 0.90625 636
0.934375 0.903125 636
0.934375 0.9 636
0.934375 0.9 636
0.934375 0.9 636
0.934375 0.9 636
0.934375 0.9 638
0.934375 0.9 638
0.934375 0.909375 638
0.934375 0.909375 638
0.934375 0.909375 638
0.934375 0.909375 638
0.925 0.909375 658
0.925 0.909375 658
0.925 0.909375 658
0.925 0.90625 658
0.925 0.903125 660
0.925 0.903125 660
0.925 0.903125 660
0.921875 0.903125 662
0.921875 0.903125 662
0.921875 0.903125 662
0.921875 0.9 662
0.921875 0.9 662
0.921875 0.9 662
0.921875 0.896875 662
0.921875 0.896875 662
0.921875 0.896875 662
0.921875 0.9 662
0.921875 0.9 662
0.921875 0.9 674
0.921875 0.9 676
0.921875 0.9 676
0.921875 0.9 676
0.921875 0.9 676
0.921875 0.9 682
0.921875 0.9 682
0.921875 0.9 682
0.921875 0.9 682
0.921875 0.9 682
0.921875 0.9 684
0.921875 0.9 684
0.921875 0.9 684
0.921875 0.9 690
0.921875 0.9 696
0.921875 0.9 696
0.921875 0.9 696
0.921875 0.9 696
0.921875 0.9 696
0.921875 0.9 696
0.921875 0.9 696
0.921875 0.9 708
0.921875 0.9 708
0.921875 0.9 708
0.921875 0.9 708
0.921875 0.9 708
0.921875 0.9 708
0.921875 0.9 710
0.921875 0.9 710
0.921875 0.909375 710
0.921875 0.909375 710
0.921875 0.909375 710
0.921875 0.909375 710
0.921875 0.909375 710
0.925 0.915625 730
0.925 0.915625 750
0.925 0.915625 750
0.925 0.915625 750
0.925 0.915625 750
0.925 0.915625 750
0.925 0.915625 756
0.925 0.915625 756
0.925 0.915625 756
0.925 0.915625 756
0.91875 0.909375 768
0.915625 0.903125 774
0.915625 0.9 776
0.915625 0.89375 788
0.915625 0.89375 788
0.9125 0.89375 794
0.9125 0.89375 794
0.9125 0.89375 794
0.9125 0.89375 794
0.9125 0.89375 794
0.9125 0.890625 794
0.9125 0.890625 794
0.9125 0.890625 794
0.9125 0.890625 794
0.909375 0.890625 806
0.909375 0.8875 808
0.909375 0.8875 808
0.909375 0.8875 810
0.909375 0.8875 810
0.909375 0.8875 810
0.909375 0.8875 810
0.909375 0.884375 830
0.909375 0.884375 830
0.909375 0.884375 830
0.909375 0.884375 830
0.909375 0.884375 830
0.909375 0.884375 830
0.909375 0.884375 830
0.909375 0.884375 830
0.909375 0.884375 832
0.909375 0.884375 832
0.909375 0.884375 832
0.909375 0.884375 832
0.909375 0.884375 834
0.9125 0.884375 864
0.9125 0.884375 864
0.9125 0.884375 864
0.9125 0.884375 864
0.9125 0.884375 864
0.9125 0.884375 864
0.9125 0.884375 864
0.9125 0.884375 866
0.9125 0.884375 866
0.9125 0.884375 866
0.9125 0.884375 866
0.9125 0.884375 866
0.9125 0.884375 866
0.9125 0.884375 866
0.9125 0.884375 866
0.9125 0.884375 868
0.9125 0.884375 868
0.9125 0.884375 868
0.9125 0.884375 868
0.9125 0.884375 868
0.9125 0.884375 868
0.9125 0.884375 868
0.9125 0.884375 868
0.9125 0.884375 868
0.9125 0.884375 868
0.928125 0.896875 880
0.928125 0.896875 880
0.928125 0.896875 886
0.928125 0.896875 892
0.928125 0.896875 898
0.928125 0.896875 898
0.91875 0.90625 910
0.91875 0.90625 910
0.91875 0.90625 910
0.91875 0.90625 910
0.91875 0.90625 912
0.91875 0.90625 912
0.91875 0.903125 932
0.915625 0.89375 938
0.915625 0.896875 940
0.915625 0.896875 940
0.915625 0.89375 940
0.915625 0.890625 942
0.915625 0.890625 942
0.915625 0.890625 954
0.915625 0.890625 966
0.915625 0.890625 972
0.915625 0.890625 974
0.915625 0.890625 974
0.915625 0.890625 974
0.915625 0.890625 974
0.915625 0.890625 974
0.915625 0.890625 974
0.915625 0.890625 974
0.915625 0.890625 974
0.915625 0.890625 974
0.915625 0.890625 974
0.915625 0.890625 974
0.915625 0.890625 974
0.915625 0.890625 974
0.915625 0.890625 974
0.915625 0.890625 974
0.915625 0.890625 974
0.915625 0.890625 974
0.915625 0.890625 974
0.915625 0.890625 974
0.915625 0.890625 974
0.915625 0.890625 974
0.915625 0.890625 974
0.915625 0.890625 974
0.93125 0.890625 994
0.93125 0.890625 994
0.93125 0.890625 994
0.93125 0.890625 994
0.93125 0.890625 994
0.93125 0.890625 994
0.93125 0.890625 994
0.93125 0.890625 994
0.93125 0.890625 994
0.93125 0.890625 994
0.93125 0.890625 994
0.93125 0.890625 994
0.93125 0.890625 994
0.93125 0.890625 994
0.93125 0.89375 996
0.93125 0.89375 998
0.93125 0.89375 998
0.93125 0.89375 1004
0.93125 0.89375 1004
0.93125 0.89375 1004
0.93125 0.89375 1004
0.93125 0.89375 1004
0.93125 0.89375 1004
0.93125 0.89375 1004
0.93125 0.89375 1004
0.93125 0.89375 1004
0.93125 0.89375 1004
0.925 0.8875 1034
0.925 0.8875 1034
0.925 0.890625 1034
0.925 0.890625 1034
0.928125 0.884375 1046
0.928125 0.884375 1046
0.928125 0.884375 1046
0.928125 0.884375 1046
0.928125 0.884375 1046
0.928125 0.884375 1048
0.928125 0.884375 1048
0.928125 0.884375 1048
0.928125 0.884375 1048
0.928125 0.884375 1050
0.928125 0.884375 1050
0.91875 0.875 1080
0.91875 0.875 1080
0.91875 0.875 1080
0.91875 0.875 1080
0.91875 0.875 1080
0.91875 0.875 1080
0.91875 0.875 1080
0.91875 0.875 1080
0.91875 0.875 1080
0.91875 0.875 1082
0.91875 0.875 1084
0.91875 0.875 1084
0.91875 0.878125 1090
0.91875 0.878125 1090
0.91875 0.878125 1090
0.91875 0.878125 1090
0.91875 0.878125 1092
0.91875 0.878125 1092
0.91875 0.871875 1094
0.91875 0.871875 1094
0.91875 0.871875 1094
0.91875 0.871875 1094
0.91875 0.871875 1094
0.91875 0.875 1100
0.91875 0.875 1100
0.91875 0.875 1100
0.91875 0.875 1100
0.91875 0.875 1102
0.91875 0.875 1102
0.91875 0.878125 1104
0.91875 0.878125 1104
0.91875 0.878125 1104
0.91875 0.878125 1106
0.91875 0.878125 1106
0.91875 0.878125 1108
0.91875 0.878125 1108
0.91875 0.878125 1108
0.91875 0.875 1108
0.91875 0.875 1108
0.91875 0.875 1108
0.91875 0.871875 1114
0.91875 0.871875 1114
0.91875 0.871875 1114
0.91875 0.871875 1114
0.91875 0.875 1120
0.91875 0.875 1120
0.91875 0.875 1120
0.91875 0.875 1126
0.91875 0.875 1126
0.91875 0.875 1126
0.91875 0.875 1126
0.91875 0.871875 1132
0.91875 0.871875 1132
0.91875 0.871875 1132
0.915625 0.865625 1138
0.91875 0.865625 1150
0.91875 0.865625 1150
0.91875 0.865625 1150
0.91875 0.865625 1150
0.91875 0.865625 1150
0.91875 0.865625 1150
0.91875 0.865625 1150
0.915625 0.86875 1152
0.915625 0.86875 1154
0.915625 0.86875 1156
0.915625 0.865625 1158
0.915625 0.871875 1164
0.915625 0.86875 1176
0.9125 0.86875 1196
0.9125 0.875 1198
0.9125 0.875 1198
0.9125 0.875 1200
0.9125 0.875 1200
0.9125 0.875 1200
0.9125 0.875 1200
0.9125 0.878125 1200
0.9125 0.878125 1200
0.9125 0.88125 1200
0.9125 0.88125 1200
0.9125 0.878125 1200
0.9125 0.878125 1200
0.909375 0.88125 1220
0.909375 0.88125 1220
0.909375 0.88125 1220
0.909375 0.88125 1222
0.909375 0.88125 1222
0.909375 0.88125 1222
0.909375 0.88125 1222
0.909375 0.88125 1224
0.909375 0.88125 1230
0.909375 0.878125 1236
0.909375 0.878125 1236
0.909375 0.878125 1236
0.909375 0.878125 1256
0.909375 0.878125 1256
0.903125 0.871875 1286
0.903125 0.871875 1286
0.903125 0.871875 1286
0.903125 0.871875 1286
0.903125 0.871875 1286
0.903125 0.871875 1292
0.903125 0.871875 1292
0.903125 0.865625 1294
0.903125 0.865625 1294
0.903125 0.86875 1294
0.903125 0.86875 1314
0.903125 0.86875 1314
0.903125 0.86875 1314
0.903125 0.86875 1314
0.903125 0.86875 1314
0.903125 0.86875 1314
0.903125 0.86875 1326
0.903125 0.865625 1326
0.903125 0.865625 1326
0.903125 0.859375 1332
0.903125 0.859375 1332
0.903125 0.859375 1332
0.903125 0.859375 1332
0.903125 0.859375 1332
0.903125 0.859375 1332
0.909375 0.859375 1374
0.909375 0.859375 1374
0.909375 0.8625 1374
0.909375 0.8625 1374
0.909375 0.8625 1380
0.909375 0.865625 1386
0.909375 0.865625 1388
0.909375 0.865625 1388
0.909375 0.865625 1388
0.909375 0.865625 1388
0.909375 0.865625 1388
0.909375 0.865625 1394
0.909375 0.86875 1414
0.909375 0.86875 1414
0.909375 0.86875 1414
0.909375 0.86875 1414
0.909375 0.86875 1414
0.909375 0.86875 1420
0.909375 0.86875 1420
0.909375 0.86875 1420
0.909375 0.875 1426
0.909375 0.878125 1428
0.909375 0.88125 1428
0.909375 0.878125 1428
0.909375 0.875 1428
0.909375 0.875 1428
0.909375 0.875 1428
0.909375 0.88125 1428
0.909375 0.88125 1428
0.909375 0.884375 1428
0.909375 0.884375 1428
0.909375 0.875 1428
0.909375 0.871875 1428
0.909375 0.871875 1428
0.909375 0.871875 1428
0.909375 0.871875 1428
0.909375 0.871875 1428
0.909375 0.871875 1434
0.9125 0.871875 1436
0.9125 0.871875 1436
0.9125 0.871875 1436
0.9125 0.871875 1436
0.9125 0.871875 1436
0.9125 0.871875 1436
0.9125 0.871875 1436
0.9125 0.871875 1436
0.9125 0.871875 1436
0.9125 0.871875 1442
0.9125 0.871875 1442
0.9125 0.865625 1454
0.9125 0.865625 1454
0.9125 0.86875 1460
0.9125 0.86875 1460
0.9125 0.86875 1460
0.9125 0.86875 1460
0.9125 0.86875 1460
0.9125 0.875 1460
0.909375 0.86875 1516
0.909375 0.86875 1516
0.909375 0.871875 1518
0.909375 0.871875 1518
0.909375 0.871875 1520
0.909375 0.871875 1520
0.909375 0.875 1520
0.909375 0.878125 1520
0.909375 0.878125 1520
0.909375 0.875 1522
0.909375 0.875 1522
0.909375 0.875 1522
0.909375 0.875 1522
0.909375 0.875 1522
0.909375 0.875 1522
0.909375 0.875 1522
0.90625 0.875 1534
0.90625 0.875 1534
0.90625 0.871875 1534
0.90625 0.871875 1534
0.90625 0.86875 1534
0.90625 0.86875 1534
0.90625 0.86875 1534
0.90625 0.86875 1534
0.90625 0.875 1534
0.90625 0.875 1534
0.90625 0.875 1534
0.90625 0.875 1536
0.903125 0.875 1548
0.903125 0.875 1548
0.9 0.871875 1550
0.9 0.871875 1550
0.9 0.871875 1550
0.9 0.871875 1550
0.9 0.871875 1550
0.9 0.871875 1550
0.9 0.871875 1550
0.9 0.871875 1550
0.9 0.871875 1552
0.9 0.871875 1552
0.9 0.871875 1552
0.9 0.871875 1552
0.9 0.86875 1552
0.9 0.8625 1552
0.9 0.8625 1552
0.9 0.8625 1552
0.9 0.8625 1552
0.9 0.8625 1552
0.9 0.8625 1558
0.9 0.8625 1558
0.9 0.8625 1560
0.9 0.865625 1560
0.9 0.865625 1562
0.9 0.8625 1562
0.9 0.8625 1562
0.9 0.8625 1562
0.9 0.865625 1568
0.9 0.865625 1580
0.9 0.865625 1580
0.9 0.865625 1580
0.9 0.859375 1580
0.9 0.859375 1580
0.9 0.859375 1580
0.9 0.859375 1582
0.9 0.85625 1588
0.9 0.85625 1588
0.9 0.859375 1588
0.9 0.8625 1588
0.9 0.8625 1588
0.9 0.8625 1588
0.9 0.8625 1588
0.9 0.8625 1588
0.9 0.8625 1588
0.9 0.865625 1588
0.9 0.865625 1588
0.9 0.865625 1588
0.9 0.865625 1588
0.9 0.8625 1594
0.9 0.8625 1594
0.9 0.8625 1594
0.9 0.859375 1596
0.9 0.859375 1596
0.9 0.85625 1602
0.9 0.859375 1604
0.9 0.859375 1604
0.9 0.859375 1604
0.9 0.859375 1604
0.9 0.859375 1604
0.9 0.859375 1604
0.9 0.859375 1604
0.896875 0.865625 1634
0.896875 0.865625 1634
0.896875 0.865625 1634
0.896875 0.865625 1636
0.896875 0.865625 1636
0.896875 0.865625 1636
0.896875 0.865625 1636
0.896875 0.865625 1636
0.921875 0.878125 1678
0.921875 0.878125 1678
0.921875 0.878125 1680
0.921875 0.88125 1686
0.925 0.878125 1698
0.925 0.878125 1698
0.925 0.878125 1698
0.925 0.878125 1700
0.925 0.878125 1700
0.925 0.878125 1700
0.925 0.878125 1700
0.91875 0.85625 1832
0.91875 0.85625 1832
0.91875 0.85625 1832
0.91875 0.85625 1832
0.91875 0.85625 1832
0.91875 0.85625 1832
0.91875 0.85625 1832
0.91875 0.85625 1834
0.91875 0.85625 1846
0.91875 0.85625 1848
0.91875 0.85625 1848
0.91875 0.85625 1848
0.91875 0.85625 1848
0.91875 0.85625 1854
0.91875 0.85625 1854
0.91875 0.859375 1866
0.915625 0.85625 1878
0.915625 0.85625 1878
0.915625 0.85625 1878
0.915625 0.85625 1880
0.915625 0.853125 1880
0.915625 0.853125 1880
0.915625 0.853125 1882
0.915625 0.853125 1882
0.915625 0.853125 1882
0.915625 0.853125 1882
0.915625 0.853125 1882
0.915625 0.853125 1882
0.915625 0.853125 1882
0.915625 0.853125 1882
0.915625 0.853125 1882
0.915625 0.853125 1894
0.915625 0.853125 1896
0.915625 0.853125 1908
0.915625 0.853125 1908
0.915625 0.85 1908
0.915625 0.853125 1914
0.915625 0.846875 1914
0.915625 0.846875 1914
0.915625 0.846875 1914
0.915625 0.846875 1916
0.915625 0.846875 1916
0.915625 0.846875 1916
0.915625 0.846875 1916
0.915625 0.846875 1916
0.915625 0.846875 1916
0.915625 0.846875 1916
0.915625 0.846875 1916
0.915625 0.846875 1916
0.915625 0.846875 1916
0.915625 0.846875 1916
0.915625 0.846875 1916
0.915625 0.846875 1916
0.915625 0.846875 1916
0.91875 0.85 1922
0.91875 0.85 1922
0.91875 0.85 1928
0.91875 0.85 1928
0.915625 0.853125 1984
0.915625 0.853125 1986
0.915625 0.846875 1986
0.915625 0.846875 1988
0.915625 0.846875 1994
0.915625 0.846875 1994
0.915625 0.846875 1994
0.915625 0.8375 1996
0.915625 0.8375 1996
0.915625 0.8375 1998
0.915625 0.8375 1998
0.915625 0.8375 1998
0.9125 0.84375 2040
0.9125 0.84375 2040
0.9125 0.846875 2040
0.9125 0.846875 2040
0.9125 0.846875 2040
0.9125 0.846875 2040
0.9125 0.846875 2040
0.9125 0.846875 2042
0.9125 0.846875 2042
0.9125 0.846875 2042
0.9125 0.846875 2042
0.9125 0.846875 2042
0.9125 0.846875 2042
0.9125 0.846875 2042
0.9125 0.846875 2042
0.9125 0.846875 2042
0.9125 0.846875 2042
0.9125 0.846875 2042
0.9125 0.846875 2042
0.9125 0.846875 2042
0.9125 0.846875 2048
0.9125 0.846875 2048
0.9125 0.85 2048
0.9125 0.85 2048
0.9125 0.85 2048
0.9125 0.85 2050
0.9125 0.85 2050
0.9125 0.85 2056
0.9125 0.85 2056
0.9125 0.85 2056
0.9125 0.85 2056
0.9125 0.85 2056
0.9125 0.85625 2058
0.9125 0.85 2058
0.9125 0.85 2058
0.9125 0.85 2058
0.9125 0.85 2058
0.9125 0.85 2058
0.9125 0.85 2058
0.9125 0.85 2060
0.9125 0.85 2060
0.9125 0.85 2060
0.9125 0.85 2062
0.9125 0.85 2062
0.9125 0.85 2062
0.9125 0.85 2062
0.9125 0.85 2064
0.9125 0.85625 2064
0.9125 0.85625 2064
0.9125 0.85625 2064
0.9125 0.85625 2066
0.9125 0.85625 2066
0.9125 0.85625 2066
0.9125 0.85625 2066
0.9125 0.853125 2066
0.9125 0.853125 2068
0.9125 0.853125 2068
0.9125 0.85 2068
0.9125 0.85 2068
0.9125 0.85 2068
0.9125 0.859375 2068
0.9125 0.853125 2088
0.9125 0.853125 2088
0.909375 0.840625 2130
0.909375 0.840625 2132
0.909375 0.8375 2132
0.909375 0.8375 2132
0.909375 0.8375 2144
0.909375 0.8375 2144
0.909375 0.8375 2144
0.909375 0.8375 2144
0.909375 0.8375 2144
0.909375 0.8375 2144
0.903125 0.84375 2174
0.903125 0.84375 2174
0.903125 0.84375 2174
0.9 0.84375 2176
0.896875 0.84375 2196
0.896875 0.84375 2198
0.9 0.85 2200
0.9 0.85 2200
0.9 0.85 2200
0.9 0.85 2200
0.9 0.85 2200
0.9 0.85 2200
0.9 0.85 2200
0.8875 0.84375 2256
0.8875 0.840625 2256
0.8875 0.840625 2256
0.8875 0.840625 2256
0.8875 0.8375 2256
0.8875 0.8375 2256
0.8875 0.8375 2256
0.8875 0.8375 2256
0.8875 0.8375 2256
0.8875 0.8375 2256
0.8875 0.8375 2256
0.8875 0.8375 2256
0.8875 0.8375 2256
0.8875 0.8375 2256
0.8875 0.8375 2258
0.8875 0.8375 2260
0.8875 0.8375 2260
0.8875 0.8375 2280
0.8875 0.8375 2280
0.8875 0.8375 2280
0.8875 0.8375 2280
0.8875 0.8375 2292
0.8875 0.8375 2292
0.8875 0.8375 2292
0.8875 0.8375 2304
0.8875 0.8375 2304
0.8875 0.8375 2304
0.8875 0.84375 2306
0.8875 0.84375 2306
0.8875 0.84375 2306
0.8875 0.84375 2308
0.8875 0.84375 2308
0.8875 0.84375 2308
0.8875 0.84375 2308
0.8875 0.84375 2310
0.8875 0.84375 2310
0.8875 0.84375 2322
0.8875 0.84375 2322
0.8875 0.84375 2322
0.8875 0.84375 2324
0.8875 0.84375 2344
0.8875 0.84375 2344
0.8875 0.84375 2344
0.8875 0.84375 2344
0.8875 0.84375 2344
0.8875 0.84375 2350
0.8875 0.84375 2350
0.8875 0.85 2350
0.8875 0.85 2350
0.8875 0.85 2350
0.8875 0.85 2350
0.8875 0.85 2362
0.8875 0.85 2362
0.8875 0.85 2362
0.8875 0.85 2362
0.8875 0.85 2362
0.8875 0.85 2364
0.8875 0.85 2364
0.8875 0.85 2364
0.8875 0.85 2364
0.8875 0.846875 2364
0.8875 0.846875 2364
0.8875 0.846875 2364
0.8875 0.846875 2364
0.8875 0.846875 2364
0.8875 0.846875 2364
0.8875 0.846875 2364
0.8875 0.846875 2364
0.8875 0.846875 2364
0.8875 0.84375 2364
0.8875 0.84375 2366
0.8875 0.84375 2368
0.8875 0.84375 2380
0.8875 0.84375 2392
0.8875 0.84375 2394
0.8875 0.84375 2394
0.8875 0.84375 2406
0.8875 0.84375 2406
0.884375 0.84375 2412
0.884375 0.84375 2412
0.884375 0.84375 2412
0.884375 0.84375 2414
0.884375 0.84375 2416
0.884375 0.85 2416
0.884375 0.85 2416
0.884375 0.85 2416
0.884375 0.853125 2436
0.884375 0.853125 2436
0.884375 0.853125 2436
0.884375 0.853125 2436
0.884375 0.853125 2438
0.884375 0.85 2438
0.884375 0.85 2440
0.884375 0.846875 2440
0.884375 0.846875 2440
0.884375 0.846875 2440
0.884375 0.846875 2440
0.884375 0.846875 2440
0.884375 0.846875 2440
0.884375 0.846875 2440
0.884375 0.846875 2440
0.884375 0.846875 2440
0.884375 0.846875 2440
0.884375 0.846875 2440
0.884375 0.846875 2440
0.884375 0.846875 2440
0.884375 0.846875 2440
0.884375 0.846875 2440
0.884375 0.846875 2440
0.884375 0.846875 2440
0.884375 0.846875 2440
0.884375 0.846875 2442
0.884375 0.846875 2442
0.884375 0.846875 2442
0.884375 0.846875 2442
0.884375 0.846875 2442
0.884375 0.846875 2444
0.884375 0.846875 2446
0.884375 0.85 2488
0.884375 0.85 2488
0.884375 0.85 2488
0.884375 0.85 2488
0.884375 0.853125 2494
0.8875 0.846875 2514
0.8875 0.846875 2514
0.8875 0.846875 2514
0.8875 0.846875 2514
0.8875 0.846875 2514
0.8875 0.846875 2514
0.8875 0.846875 2520
0.8875 0.846875 2520
0.8875 0.853125 2540
0.8875 0.853125 2540
0.8875 0.853125 2540
0.8875 0.853125 2542
0.8875 0.853125 2542
0.884375 0.85625 2544
0.884375 0.85625 2544
0.884375 0.85625 2544
0.884375 0.85625 2574
0.884375 0.85625 2574
0.884375 0.85625 2574
0.884375 0.85625 2574
0.884375 0.85625 2574
0.884375 0.85625 2574
0.884375 0.85625 2574
0.884375 0.85625 2576
0.884375 0.85625 2576
0.884375 0.85625 2578
0.884375 0.85625 2578
0.884375 0.85625 2578
0.884375 0.85625 2578
0.884375 0.85625 2578
0.884375 0.85625 2578
0.884375 0.85625 2578
0.88125 0.85625 2580
0.88125 0.85625 2580
0.88125 0.85625 2580
0.88125 0.85625 2580
0.88125 0.85625 2580
0.88125 0.85625 2580
0.88125 0.85625 2580
0.88125 0.85625 2580
0.88125 0.85625 2580
0.88125 0.85625 2580
0.88125 0.85625 2580
0.88125 0.85625 2580
0.88125 0.85625 2580
0.88125 0.85625 2580
0.88125 0.85625 2592
0.88125 0.85625 2594
0.884375 0.8625 2624
0.884375 0.8625 2624
0.884375 0.8625 2624
0.8875 0.86875 2644
0.8875 0.86875 2644
0.8875 0.86875 2644
0.8875 0.86875 2644
0.8875 0.865625 2650
0.8875 0.865625 2650
0.8875 0.865625 2650
0.8875 0.865625 2650
0.8875 0.865625 2656
0.884375 0.8625 2676
0.884375 0.8625 2676
0.884375 0.8625 2676
0.8875 0.86875 2688
0.8875 0.86875 2688
0.8875 0.86875 2690
0.8875 0.865625 2696
0.8875 0.865625 2696
0.8875 0.865625 2696
0.8875 0.865625 2696
0.8875 0.865625 2696
0.8875 0.865625 2698
0.8875 0.865625 2698
0.8875 0.865625 2698
0.8875 0.865625 2700
0.8875 0.865625 2700
0.8875 0.865625 2700
0.8875 0.865625 2700
0.8875 0.865625 2700
0.8875 0.865625 2700
0.8875 0.865625 2700
0.8875 0.865625 2700
0.8875 0.865625 2700
0.8875 0.865625 2700
0.8875 0.865625 2700
0.8875 0.865625 2700
0.875 0.8625 2742
0.875 0.8625 2742
0.875 0.8625 2742
0.875 0.8625 2744
0.875 0.8625 2744
0.875 0.8625 2744
0.875 0.8625 2744
0.875 0.8625 2744
0.875 0.8625 2764
0.875 0.8625 2766
0.875 0.8625 2766
0.875 0.8625 2768
0.875 0.8625 2768
0.875 0.8625 2774
0.875 0.8625 2774
0.875 0.8625 2774
0.875 0.8625 2774
0.875 0.8625 2774
0.875 0.8625 2780
0.875 0.8625 2780
0.875 0.8625 2782
0.875 0.8625 2782
0.875 0.865625 2784
0.875 0.86875 2786
0.875 0.86875 2786
0.875 0.865625 2788
0.875 0.865625 2788
0.875 0.865625 2788
0.875 0.865625 2788
0.875 0.865625 2788
0.875 0.865625 2788
0.890625 0.88125 2860
0.890625 0.88125 2860
0.8875 0.88125 2872
0.8875 0.88125 2872
0.884375 0.88125 2884
0.884375 0.88125 2884
0.884375 0.878125 2904
0.884375 0.878125 2904
0.884375 0.878125 2904
0.884375 0.878125 2904
0.890625 0.89375 2924
0.890625 0.89375 2924
0.890625 0.89375 2936
0.890625 0.89375 2936
0.890625 0.89375 2936
0.890625 0.89375 2936
0.890625 0.89375 2936
0.890625 0.89375 2936
0.890625 0.89375 2936
0.890625 0.89375 2936
0.890625 0.89375 2948
0.890625 0.89375 2948
0.9 0.89375 2950
0.9 0.89375 2950
0.9 0.89375 2950
0.9 0.89375 2952
0.9 0.89375 2954
0.9 0.89375 2954
0.9 0.89375 2954
0.9 0.89375 2954
0.89375 0.89375 2974
0.89375 0.89375 2974
0.89375 0.89375 2974
0.89375 0.89375 2974
0.89375 0.89375 2974
0.8875 0.8875 3004
0.8875 0.884375 3004
0.8875 0.88125 3004
0.8875 0.884375 3006
0.8875 0.884375 3006
0.8875 0.884375 3008
0.8875 0.884375 3010
0.8875 0.884375 3010
0.8875 0.884375 3010
0.8875 0.88125 3010
0.8875 0.88125 3010
0.8875 0.88125 3010
0.8875 0.88125 3010
0.8875 0.88125 3010
0.8875 0.88125 3010
0.8875 0.88125 3010
0.8875 0.88125 3010
0.8875 0.88125 3010
0.8875 0.88125 3012
0.8875 0.88125 3014
0.8875 0.88125 3014
0.8875 0.88125 3014
0.8875 0.88125 3016
0.8875 0.88125 3016
0.8875 0.88125 3016
0.8875 0.88125 3016
0.8875 0.878125 3018
0.8875 0.878125 3018
0.8875 0.878125 3018
0.884375 0.865625 3038
0.884375 0.865625 3038
0.884375 0.865625 3038
0.884375 0.865625 3038
0.884375 0.865625 3040
0.884375 0.865625 3046
0.884375 0.865625 3046
0.884375 0.865625 3046
0.884375 0.865625 3046
0.884375 0.86875 3046
0.884375 0.86875 3048
0.884375 0.86875 3048
0.884375 0.86875 3048
0.884375 0.86875 3048
0.884375 0.86875 3048
0.884375 0.86875 3048
0.884375 0.86875 3078
0.884375 0.86875 3080
0.884375 0.86875 3080
0.884375 0.86875 3080
0.884375 0.86875 3080
0.884375 0.86875 3080
0.884375 0.86875 3080
0.884375 0.86875 3080
0.884375 0.86875 3080
0.884375 0.86875 3080
0.884375 0.86875 3080
0.884375 0.86875 3080
0.884375 0.86875 3080
0.884375 0.86875 3080
0.884375 0.86875 3080
0.884375 0.86875 3082
0.884375 0.86875 3082
0.884375 0.86875 3082
0.884375 0.86875 3082
0.884375 0.86875 3094
0.884375 0.86875 3094
0.884375 0.86875 3094
0.884375 0.86875 3096
0.884375 0.86875 3096
0.884375 0.86875 3096
0.884375 0.86875 3096
0.88125 0.86875 3138
0.88125 0.86875 3138
0.88125 0.86875 3138
0.88125 0.86875 3140
0.88125 0.86875 3142
0.88125 0.86875 3142
0.88125 0.86875 3144
0.88125 0.86875 3144
0.88125 0.86875 3144
0.88125 0.86875 3144
0.88125 0.86875 3144
0.88125 0.86875 3146
0.88125 0.86875 3148
0.88125 0.86875 3148
0.88125 0.86875 3148
0.88125 0.86875 3150
0.88125 0.86875 3150
0.88125 0.86875 3156
0.88125 0.86875 3176
0.88125 0.86875 3176
0.88125 0.86875 3178
0.88125 0.86875 3178
0.88125 0.86875 3178
0.88125 0.86875 3180
0.88125 0.871875 3180
0.865625 0.86875 3290
0.865625 0.871875 3296
0.865625 0.871875 3298
0.865625 0.871875 3298
0.865625 0.871875 3300
0.865625 0.871875 3300
0.865625 0.871875 3300
0.865625 0.86875 3306
0.865625 0.86875 3306
0.865625 0.86875 3306
0.865625 0.86875 3306
0.865625 0.871875 3336
0.865625 0.875 3338
0.865625 0.875 3338
0.865625 0.875 3338
0.865625 0.875 3338
0.865625 0.875 3338
0.865625 0.875 3338
0.865625 0.875 3358
0.865625 0.875 3358
0.865625 0.875 3358
0.865625 0.875 3360
0.865625 0.875 3360
0.865625 0.875 3360
0.865625 0.875 3372
0.865625 0.871875 3374
0.865625 0.871875 3374
0.865625 0.871875 3374
0.865625 0.875 3374
0.865625 0.875 3374
0.865625 0.875 3374
0.865625 0.875 3374
0.865625 0.875 3374
0.865625 0.875 3374
0.865625 0.875 3374
0.865625 0.875 3374
0.865625 0.875 3374
0.865625 0.875 3374
0.865625 0.875 3374
0.865625 0.875 3374
0.865625 0.875 3374
0.865625 0.875 3374
0.865625 0.875 3374
0.865625 0.875 3374
0.865625 0.875 3374
0.865625 0.875 3374
0.865625 0.875 3374
0.865625 0.875 3374
0.865625 0.875 3374
0.865625 0.875 3386
0.865625 0.875 3386
0.865625 0.875 3392
0.865625 0.875 3392
0.865625 0.875 3392
0.865625 0.875 3392
0.865625 0.875 3394
0.865625 0.875 3394
0.865625 0.875 3394
0.865625 0.875 3400
0.865625 0.875 3400
0.865625 0.875 3400
0.865625 0.875 3402
0.865625 0.875 3402
0.865625 0.875 3404
0.865625 0.875 3404
0.865625 0.875 3404
0.865625 0.875 3404
0.865625 0.875 3404
0.865625 0.875 3404
0.865625 0.875 3404
0.865625 0.875 3404
0.865625 0.875 3404
0.865625 0.875 3404
0.865625 0.875 3404
0.865625 0.875 3404
0.865625 0.875 3406
0.865625 0.875 3406
0.865625 0.875 3408
0.865625 0.878125 3414
0.865625 0.878125 3414
0.865625 0.878125 3414
0.865625 0.878125 3414
0.865625 0.878125 3414
0.865625 0.878125 3414
0.859375 0.878125 3434
0.859375 0.875 3454
0.859375 0.86875 3456
0.859375 0.86875 3456
0.859375 0.86875 3456
0.85625 0.871875 3498
0.85625 0.871875 3498
0.85625 0.871875 3504
0.85625 0.871875 3504
0.85625 0.871875 3504
0.85625 0.871875 3504
0.853125 0.875 3516
0.853125 0.875 3516
0.846875 0.8625 3546
0.846875 0.8625 3546
0.846875 0.8625 3546
0.846875 0.8625 3546
0.846875 0.8625 3546
0.846875 0.8625 3546
0.846875 0.8625 3546
0.85 0.865625 3588
0.85 0.865625 3588
0.85 0.865625 3588
0.85 0.8625 3588
0.85 0.8625 3588
0.85 0.8625 3588
0.85 0.865625 3588
0.85 0.86875 3588
0.85 0.86875 3588
0.85 0.86875 3588
0.853125 0.86875 3600
0.853125 0.86875 3600
0.853125 0.86875 3600
0.853125 0.865625 3612
0.853125 0.865625 3612
0.853125 0.865625 3612
0.853125 0.8625 3614
0.853125 0.8625 3614
0.853125 0.8625 3614
0.853125 0.8625 3614
0.853125 0.8625 3616
0.853125 0.8625 3616
0.853125 0.8625 3616
0.853125 0.8625 3616
0.853125 0.8625 3616
0.853125 0.8625 3616
0.853125 0.8625 3616
0.853125 0.8625 3616
0.853125 0.8625 3616
0.853125 0.8625 3618
0.853125 0.8625 3620
0.853125 0.865625 3620
0.853125 0.86875 3622
0.853125 0.86875 3622
0.853125 0.86875 3622
0.853125 0.86875 3622
0.853125 0.86875 3622
0.853125 0.86875 3622
0.853125 0.86875 3622
0.853125 0.86875 3622
0.853125 0.86875 3622
0.853125 0.86875 3624
0.853125 0.86875 3624
0.853125 0.86875 3626
0.853125 0.86875 3626
0.853125 0.865625 3628
0.853125 0.865625 3628
0.853125 0.865625 3628
0.853125 0.865625 3628
0.853125 0.865625 3628
0.853125 0.86875 3628
0.853125 0.86875 3628
0.853125 0.86875 3630
0.853125 0.86875 3630
0.853125 0.86875 3630
0.853125 0.865625 3632
0.853125 0.865625 3632
0.853125 0.865625 3632
0.853125 0.865625 3638
0.853125 0.865625 3638
0.853125 0.865625 3638
0.853125 0.865625 3638
0.853125 0.865625 3638
0.853125 0.865625 3638
0.853125 0.865625 3638
0.853125 0.865625 3638
0.853125 0.86875 3638
0.853125 0.86875 3638
0.853125 0.86875 3658
0.853125 0.86875 3658
0.853125 0.865625 3658
0.853125 0.865625 3658
0.853125 0.865625 3658
0.853125 0.865625 3658
0.853125 0.865625 3658
0.853125 0.865625 3658
0.853125 0.865625 3658
0.853125 0.86875 3658
0.853125 0.86875 3658
0.853125 0.86875 3658
0.853125 0.86875 3660
0.853125 0.86875 3660
0.853125 0.86875 3660
0.853125 0.86875 3660
0.85 0.8625 3666
0.85 0.8625 3666
0.85 0.8625 3666
0.85 0.8625 3708
0.85 0.8625 3710
0.85 0.8625 3712
0.85 0.8625 3712
0.85 0.8625 3712
0.85 0.8625 3712
0.85 0.8625 3712
0.85 0.8625 3712
0.85 0.8625 3712
0.85 0.8625 3712
0.85 0.8625 3712
0.85 0.8625 3712
0.85 0.8625 3712
0.85 0.8625 3712
0.85 0.8625 3712
0.85 0.8625 3712
0.85 0.8625 3712
0.85 0.8625 3718
0.85 0.8625 3718
0.85 0.8625 3718
0.85 0.8625 3718
0.85 0.8625 3718
0.85 0.8625 3720
0.85 0.8625 3720
0.85 0.8625 3722
0.85 0.8625 3722
0.85 0.8625 3722
0.85 0.8625 3724
0.85 0.8625 3724
0.85 0.8625 3726
0.85 0.8625 3726
0.85 0.8625 3726
0.865625 0.8625 3746
0.865625 0.8625 3752
0.865625 0.8625 3752
0.865625 0.8625 3752
0.865625 0.8625 3752
0.8625 0.8625 3754
0.8625 0.8625 3760
0.8625 0.8625 3760
0.8625 0.8625 3760
0.8625 0.8625 3760
0.8625 0.8625 3760
0.8625 0.8625 3760
0.8625 0.8625 3760
0.8625 0.8625 3766
0.8625 0.8625 3766
0.8625 0.8625 3766
0.8625 0.8625 3766
0.8625 0.8625 3766
0.8625 0.8625 3766
0.8625 0.8625 3766
0.8625 0.8625 3768
0.8625 0.8625 3768
0.8625 0.8625 3768
0.8625 0.8625 3768
0.8625 0.8625 3768
0.8625 0.8625 3768
0.8625 0.8625 3768
0.8625 0.8625 3768
0.8625 0.8625 3768
0.8625 0.8625 3768
0.8625 0.8625 3774
0.8625 0.8625 3774
0.8625 0.86875 3780
0.8625 0.86875 3780
0.8625 0.86875 3782
0.8625 0.86875 3782
0.8625 0.8625 3784
0.8625 0.86875 3790
0.8625 0.86875 3790
0.8625 0.86875 3790
0.8625 0.86875 3792
0.8625 0.86875 3792
0.8625 0.86875 3792
0.8625 0.86875 3792
0.8625 0.86875 3792
0.8625 0.86875 3792
0.8625 0.86875 3792
0.8625 0.86875 3792
0.8625 0.86875 3792
0.8625 0.86875 3792
0.8625 0.86875 3792
0.8625 0.86875 3792
0.8625 0.86875 3792
0.8625 0.86875 3792
0.8625 0.86875 3798
0.8625 0.86875 3798
0.8625 0.86875 3804
0.8625 0.86875 3804
0.8625 0.86875 3804
0.8625 0.86875 3804
0.85625 0.86875 3824
0.85625 0.86875 3824
0.85625 0.86875 3826
0.85625 0.86875 3826
0.85625 0.86875 3826
0.85625 0.86875 3826
0.85625 0.86875 3826
0.85625 0.86875 3826
0.85625 0.86875 3828
0.85625 0.86875 3828
0.85625 0.86875 3848
0.85625 0.86875 3848
0.85625 0.86875 3848
0.85625 0.86875 3848
0.85625 0.86875 3854
0.85625 0.86875 3854
0.85625 0.871875 3866
0.85625 0.875 3866
0.85625 0.875 3866
0.85625 0.875 3866
0.85625 0.875 3866
0.85625 0.875 3878
0.85625 0.875 3878
0.85625 0.875 3884
0.85625 0.875 3884
0.85625 0.875 3884
0.85625 0.875 3884
0.85625 0.875 3884
0.85625 0.875 3884
0.85625 0.875 3884
0.85625 0.875 3884
0.85625 0.875 3886
0.85625 0.875 3886
0.85625 0.875 3886
0.85625 0.875 3892
0.85625 0.875 3892
0.85625 0.875 3892
0.85625 0.875 3892
0.85625 0.875 3904
0.85625 0.875 3904
0.853125 0.875 3906
0.85 0.875 3912
0.85 0.875 3912
0.85 0.875 3912
0.85 0.875 3912
0.85 0.875 3918
0.85 0.875 3918
0.85 0.875 3938
0.853125 0.88125 3950
0.853125 0.884375 3950
0.853125 0.884375 3950
0.853125 0.884375 3950
0.853125 0.884375 3950
0.853125 0.884375 3950
0.853125 0.88125 3970
0.853125 0.878125 3972
0.853125 0.878125 3972
0.853125 0.88125 3992
0.853125 0.88125 3992
0.853125 0.875 3994
0.853125 0.875 3994
0.853125 0.878125 4000
0.853125 0.878125 4000
0.853125 0.878125 4000
0.853125 0.878125 4000
0.853125 0.878125 4000
0.853125 0.878125 4002
0.853125 0.878125 4002
0.853125 0.878125 4002
0.846875 0.875 4014
0.846875 0.86875 4014
0.86875 0.8875 4170
0.86875 0.8875 4170
0.86875 0.8875 4172
0.86875 0.8875 4172
0.86875 0.8875 4172
0.86875 0.8875 4172
0.86875 0.8875 4172
0.86875 0.8875 4172
0.86875 0.8875 4174
0.86875 0.8875 4176
0.86875 0.8875 4176
0.86875 0.8875 4176
0.86875 0.8875 4176
0.86875 0.8875 4176
0.86875 0.8875 4178
0.86875 0.8875 4178
0.86875 0.8875 4178
0.86875 0.8875 4178
0.865625 0.8875 4208
0.865625 0.8875 4208
0.865625 0.8875 4208
0.865625 0.8875 4208
0.878125 0.8875 4280
0.878125 0.8875 4280
0.878125 0.8875 4282
0.878125 0.8875 4288
0.878125 0.8875 4288
0.878125 0.8875 4288
0.878125 0.8875 4290
0.878125 0.8875 4290
0.878125 0.8875 4290
0.878125 0.8875 4290
0.878125 0.8875 4290
0.878125 0.8875 4290
0.878125 0.8875 4296
0.878125 0.8875 4296
0.878125 0.8875 4296
0.878125 0.8875 4296
0.878125 0.8875 4296
0.878125 0.8875 4308
0.878125 0.8875 4308
0.878125 0.8875 4310
0.878125 0.8875 4310
0.878125 0.8875 4312
0.878125 0.8875 4312
0.878125 0.8875 4324
0.878125 0.8875 4324
0.878125 0.8875 4324
0.878125 0.8875 4330
0.878125 0.8875 4330
0.878125 0.8875 4336
0.878125 0.8875 4336
0.878125 0.8875 4336
0.878125 0.8875 4336
0.878125 0.8875 4336
0.878125 0.8875 4336
0.875 0.8875 4366
0.875 0.8875 4366
0.875 0.8875 4366
0.875 0.8875 4372
0.875 0.8875 4372
0.875 0.8875 4378
0.871875 0.8875 4398
0.878125 0.9 4400
0.878125 0.9 4400
0.878125 0.9 4400
0.878125 0.9 4402
0.878125 0.9 4402
0.878125 0.9 4402
0.878125 0.9 4402
0.878125 0.9 4402
0.878125 0.9 4402
0.878125 0.9 4402
0.878125 0.9 4402
0.878125 0.9 4444
0.878125 0.9 4444
0.875 0.9 4450
0.875 0.9 4450
0.875 0.9 4450
0.875 0.9 4450
0.875 0.9 4452
0.875 0.9 4452
0.875 0.9 4452
0.875 0.9 4452
0.875 0.9 4452
0.875 0.9 4454
0.875 0.9 4454
0.875 0.9 4456
0.875 0.9 4456
0.875 0.9 4456
0.875 0.9 4458
0.875 0.9 4458
0.875 0.9 4458
0.875 0.9 4460
0.875 0.9 4460
0.875 0.9 4490
0.875 0.9 4496
0.875 0.9 4496
0.875 0.9 4496
0.875 0.9 4496
0.875 0.9 4496
0.875 0.9 4496
0.875 0.9 4496
0.875 0.9 4496
0.875 0.9 4508
0.875 0.9 4510
0.875 0.9 4512
0.875 0.9 4512
0.875 0.9 4512
0.88125 0.89375 4622
0.88125 0.89375 4622
0.88125 0.89375 4622
0.88125 0.89375 4622
0.88125 0.89375 4622
0.88125 0.89375 4624
0.88125 0.89375 4624
0.88125 0.89375 4626
0.88125 0.89375 4626
0.88125 0.89375 4626
0.88125 0.89375 4626
0.88125 0.89375 4632
0.88125 0.89375 4632
0.88125 0.89375 4634
0.88125 0.89375 4634
0.88125 0.89375 4634
0.88125 0.89375 4634
0.88125 0.89375 4636
0.88125 0.89375 4636
0.88125 0.89375 4636
0.88125 0.89375 4638
0.88125 0.89375 4638
0.88125 0.89375 4638
0.88125 0.89375 4638
0.88125 0.89375 4644
0.88125 0.89375 4646
0.88125 0.89375 4646
0.88125 0.89375 4646
0.88125 0.89375 4646
0.88125 0.89375 4646
0.88125 0.89375 4646
0.88125 0.8875 4646
0.88125 0.8875 4646
0.88125 0.8875 4646
0.88125 0.8875 4646
0.88125 0.8875 4646
0.88125 0.89375 4646
0.88125 0.89375 4646
0.88125 0.89375 4646
0.88125 0.89375 4646
0.88125 0.89375 4648
0.88125 0.89375 4650
0.88125 0.8875 4650
0.88125 0.8875 4662
0.88125 0.8875 4662
0.88125 0.8875 4662
0.88125 0.8875 4664
0.88125 0.8875 4664
0.88125 0.8875 4666
0.88125 0.89375 4666
0.88125 0.89375 4666
0.88125 0.8875 4672
0.88125 0.8875 4672
0.88125 0.884375 4672
0.88125 0.88125 4672
0.88125 0.88125 4674
0.88125 0.88125 4674
0.88125 0.88125 4676
0.88125 0.88125 4676
0.88125 0.88125 4676
0.88125 0.88125 4676
0.88125 0.88125 4676
0.88125 0.88125 4676
0.88125 0.88125 4688
0.88125 0.88125 4688
0.88125 0.88125 4700
0.88125 0.88125 4700
0.88125 0.88125 4700
0.88125 0.88125 4700
0.88125 0.88125 4700
0.88125 0.88125 4700
0.88125 0.88125 4700
0.88125 0.88125 4702
0.878125 0.88125 4714
0.878125 0.88125 4714
0.878125 0.88125 4714
0.878125 0.88125 4720
0.878125 0.88125 4722
0.878125 0.88125 4722
0.878125 0.88125 4722
0.878125 0.88125 4722
0.878125 0.88125 4722
0.88125 0.89375 4734
0.88125 0.89375 4734
0.88125 0.89375 4736
0.88125 0.89375 4736
0.88125 0.89375 4736
0.88125 0.89375 4736
0.88125 0.89375 4736
0.88125 0.89375 4736
0.88125 0.89375 4742
0.88125 0.89375 4742
0.88125 0.89375 4742
0.88125 0.8875 4784
0.88125 0.8875 4784
0.88125 0.8875 4784
0.88125 0.8875 4784
0.88125 0.8875 4784
0.88125 0.8875 4784
0.88125 0.8875 4784
0.88125 0.8875 4786
0.88125 0.8875 4786
0.88125 0.8875 4792
0.88125 0.8875 4804
0.88125 0.8875 4804
0.88125 0.8875 4806
0.88125 0.8875 4812
0.88125 0.8875 4812
0.88125 0.8875 4812
0.878125 0.88125 4824
0.88125 0.8875 4844
0.88125 0.8875 4844
0.88125 0.8875 4844
0.88125 0.8875 4844
0.88125 0.8875 4844
0.88125 0.8875 4844
0.878125 0.8875 4846
0.878125 0.8875 4848
0.878125 0.8875 4848
0.878125 0.8875 4854
0.878125 0.8875 4856
0.878125 0.8875 4856
0.878125 0.8875 4856
0.878125 0.8875 4856
0.878125 0.8875 4856
0.878125 0.8875 4856
0.878125 0.884375 4856
0.878125 0.884375 4856
0.878125 0.884375 4856
0.878125 0.884375 4856
0.878125 0.884375 4856
0.878125 0.884375 4856
0.878125 0.88125 4856
0.878125 0.88125 4856
0.878125 0.88125 4862
0.878125 0.88125 4862
0.878125 0.88125 4862
0.878125 0.88125 4862
0.878125 0.88125 4862
0.878125 0.88125 4862
0.878125 0.88125 4862
0.878125 0.88125 4862
0.878125 0.88125 4862
0.878125 0.88125 4862
0.878125 0.88125 4862
0.878125 0.88125 4864
0.878125 0.88125 4864
0.878125 0.88125 4866
0.878125 0.88125 4866
0.878125 0.88125 4866
0.878125 0.88125 4866
0.878125 0.88125 4866
0.878125 0.88125 4868
0.878125 0.88125 4874
0.878125 0.88125 4876
0.878125 0.88125 4876
0.878125 0.88125 4878
0.878125 0.88125 4880
0.878125 0.88125 4880
0.878125 0.88125 4880
0.878125 0.88125 4880
0.878125 0.88125 4880
0.878125 0.88125 4880
0.878125 0.88125 4880
0.878125 0.88125 4880
0.878125 0.88125 4880
0.878125 0.88125 4880
0.878125 0.88125 4882
0.878125 0.88125 4894
0.878125 0.88125 4894
0.878125 0.88125 4900
0.878125 0.88125 4900
0.878125 0.88125 4900
0.878125 0.88125 4900
0.878125 0.88125 4900
0.878125 0.88125 4900
0.878125 0.88125 4902
0.878125 0.88125 4902
0.878125 0.88125 4902
0.878125 0.88125 4902
0.878125 0.88125 4902
0.878125 0.88125 4902
0.878125 0.88125 4902
0.878125 0.88125 4914
0.878125 0.88125 4914
0.878125 0.88125 4914
0.878125 0.88125 4914
0.86875 0.875 4934
0.86875 0.875 4934
0.86875 0.875 4934
0.86875 0.875 4936
0.86875 0.875 4938
0.86875 0.875 4938
0.86875 0.875 4938
0.86875 0.875 4938
0.86875 0.875 4938
0.86875 0.875 4938
0.86875 0.875 4938
0.86875 0.875 5048
0.86875 0.875 5054
0.86875 0.88125 5054
0.86875 0.88125 5054
0.86875 0.88125 5054
0.86875 0.88125 5056
0.86875 0.88125 5058
0.86875 0.878125 5114
0.86875 0.878125 5114
0.86875 0.878125 5114
0.86875 0.878125 5114
0.86875 0.878125 5114
0.86875 0.878125 5114
0.86875 0.875 5114
0.86875 0.875 5116
0.86875 0.875 5116
0.86875 0.875 5116
0.871875 0.88125 5146
0.871875 0.88125 5146
0.871875 0.88125 5146
0.871875 0.88125 5146
0.875 0.88125 5202
0.875 0.88125 5204
0.875 0.88125 5204
0.875 0.88125 5204
0.875 0.88125 5204
0.875 0.88125 5204
0.875 0.88125 5204
0.875 0.88125 5204
0.875 0.88125 5204
0.875 0.88125 5204
0.875 0.88125 5204
0.875 0.88125 5204
0.875 0.88125 5204
0.875 0.88125 5204
0.86875 0.875 5216
0.86875 0.875 5216
0.86875 0.875 5216
0.86875 0.875 5216
0.865625 0.86875 5722
0.865625 0.86875 5722
0.865625 0.86875 5722
0.865625 0.86875 5722
0.865625 0.86875 5722
0.865625 0.86875 5722
0.865625 0.86875 5722
0.865625 0.86875 5722
0.865625 0.86875 5722
0.865625 0.86875 5722
0.865625 0.86875 5722
0.865625 0.86875 5722
0.865625 0.86875 5722
0.865625 0.86875 5722
0.865625 0.86875 5724
0.865625 0.86875 5724
0.865625 0.86875 5724
0.865625 0.86875 5724
0.865625 0.86875 5730
0.865625 0.86875 5730
0.865625 0.86875 5730
0.865625 0.86875 5730
0.865625 0.86875 5730
0.865625 0.86875 5730
0.871875 0.8625 5760
0.871875 0.8625 5766
0.871875 0.8625 5766
0.871875 0.8625 5766
0.871875 0.8625 5766
0.871875 0.8625 5766
0.871875 0.8625 5766
0.871875 0.8625 5766
0.871875 0.8625 5766
0.871875 0.8625 5766
0.871875 0.8625 5772
0.871875 0.8625 5772
0.871875 0.8625 5792
0.871875 0.8625 5792
0.871875 0.8625 5792
0.871875 0.8625 5792
0.871875 0.8625 5792
0.871875 0.8625 5792
0.871875 0.85625 5798
0.871875 0.85625 5800
0.871875 0.85625 5800
0.871875 0.85625 5800
0.871875 0.85625 5800
0.871875 0.85625 5800
0.871875 0.85625 5812
0.871875 0.85625 5818
0.871875 0.85625 5818
0.871875 0.85625 5818
0.871875 0.85625 5818
0.871875 0.85625 5820
0.871875 0.85625 5820
0.871875 0.85625 5820
0.871875 0.85625 5822
0.871875 0.85625 5822
0.871875 0.85625 5822
0.871875 0.85625 5822
0.871875 0.85625 5822
0.871875 0.85625 5822
0.871875 0.85625 5828
0.871875 0.85625 5828
0.871875 0.85625 5848
0.871875 0.85625 5848
0.871875 0.85625 5848
0.871875 0.85625 5848
0.871875 0.85625 5850
0.86875 0.85625 5852
0.86875 0.85625 5852
0.86875 0.85625 5858
0.86875 0.85625 5858
0.86875 0.85625 5858
0.86875 0.85625 5858
0.86875 0.85625 5858
0.86875 0.85625 5858
0.86875 0.85625 5860
0.86875 0.853125 5862
0.86875 0.853125 5862
0.86875 0.853125 5862
0.86875 0.853125 5862
0.86875 0.853125 5862
0.86875 0.853125 5862
0.86875 0.853125 5864
0.86875 0.840625 5894
0.86875 0.840625 5896
0.86875 0.840625 5916
0.86875 0.840625 5916
0.86875 0.840625 5916
0.86875 0.840625 5922
0.86875 0.840625 5934
0.86875 0.840625 5934
0.86875 0.840625 5934
0.86875 0.840625 5934
0.86875 0.840625 5934
0.86875 0.8375 5934
0.86875 0.8375 5934
0.871875 0.85625 6066
0.871875 0.85625 6066
0.871875 0.85625 6066
0.871875 0.853125 6066
0.871875 0.853125 6066
0.871875 0.85625 6066
0.871875 0.85625 6066
0.871875 0.85625 6078
0.871875 0.85625 6080
0.871875 0.85625 6080
0.871875 0.85625 6080
0.871875 0.85625 6082
0.871875 0.85625 6082
0.871875 0.85625 6082
0.871875 0.85625 6084
0.871875 0.85625 6084
0.871875 0.85625 6084
0.875 0.86875 6086
0.875 0.86875 6092
0.875 0.86875 6092
0.875 0.86875 6098
0.875 0.86875 6098
0.875 0.86875 6098
0.875 0.86875 6098
0.875 0.86875 6110
0.875 0.86875 6110
0.875 0.86875 6110
0.875 0.86875 6110
0.875 0.86875 6110
0.875 0.86875 6110
0.875 0.86875 6112
0.875 0.86875 6112
0.875 0.86875 6112
0.875 0.86875 6112
0.875 0.86875 6112
0.875 0.86875 6112
0.875 0.86875 6112
0.875 0.86875 6112
0.875 0.86875 6112
0.875 0.86875 6112
0.875 0.86875 6112
0.875 0.86875 6114
0.875 0.86875 6114
0.875 0.86875 6114
0.875 0.86875 6116
0.875 0.86875 6116
0.875 0.86875 6116
0.875 0.86875 6116
0.875 0.86875 6118
0.875 0.86875 6120
0.875 0.86875 6120
0.875 0.86875 6120
0.875 0.86875 6120
0.875 0.86875 6120
0.875 0.86875 6120
0.875 0.86875 6120
0.875 0.86875 6120
0.875 0.8625 6120
0.875 0.8625 6120
0.875 0.8625 6120
0.875 0.8625 6120
0.875 0.86875 6122
0.875 0.86875 6122
0.875 0.86875 6122
0.875 0.86875 6122
0.875 0.86875 6124
0.875 0.86875 6124
0.875 0.86875 6124
0.875 0.86875 6126
0.875 0.86875 6126
0.875 0.86875 6128
0.875 0.865625 6128
0.875 0.865625 6128
0.875 0.865625 6134
0.875 0.865625 6134
0.875 0.865625 6134
0.875 0.8625 6134
0.875 0.8625 6134
0.875 0.8625 6134
0.875 0.8625 6140
0.875 0.8625 6140
0.875 0.8625 6140
0.875 0.86875 6140
0.875 0.86875 6140
0.875 0.86875 6140
0.875 0.86875 6140
0.875 0.86875 6140
0.875 0.86875 6140
0.875 0.86875 6140
0.875 0.86875 6140
0.875 0.86875 6140
0.875 0.86875 6140
0.875 0.86875 6142
0.875 0.86875 6142
0.875 0.86875 6142
0.875 0.86875 6142
0.875 0.86875 6144
0.875 0.86875 6144
0.875 0.86875 6144
0.875 0.86875 6144
0.875 0.86875 6144
0.875 0.86875 6144
0.875 0.86875 6144
0.875 0.86875 6144
0.875 0.86875 6144
0.875 0.86875 6144
0.875 0.86875 6144
0.875 0.86875 6144
0.875 0.86875 6144
0.884375 0.9 6174
0.884375 0.9 6174
0.884375 0.9 6174
0.884375 0.9 6174
0.884375 0.9 6174
0.884375 0.9 6174
0.884375 0.9 6174
0.884375 0.9 6174
0.884375 0.9 6174
0.8875 0.903125 6246
0.8875 0.9 6248
0.8875 0.9 6254
0.8875 0.9 6256
0.89375 0.9 6276
0.89375 0.9 6276
0.89375 0.9 6276
0.89375 0.903125 6276
0.89375 0.90625 6278
0.89375 0.90625 6278
0.89375 0.903125 6278
0.89375 0.903125 6278
0.89375 0.903125 6278
0.89375 0.9 6278
0.89375 0.9 6308
0.89375 0.9 6308
0.89375 0.9 6310
0.89375 0.9 6310
0.89375 0.9 6310
0.89375 0.9 6316
0.89375 0.9 6318
0.89375 0.9 6318
0.89375 0.9 6320
0.89375 0.9 6320
0.89375 0.9 6320
0.89375 0.9 6320
0.89375 0.9 6326
0.89375 0.9 6326
0.89375 0.9 6328
0.89375 0.9 6330
0.89375 0.9 6330
0.89375 0.9 6330
0.89375 0.9 6330
0.89375 0.9 6330
0.89375 0.9 6330
0.89375 0.9 6330
0.89375 0.9 6330
0.89375 0.9 6330
0.89375 0.9 6330
0.890625 0.89375 6336
0.890625 0.89375 6336
0.890625 0.89375 6336
0.890625 0.89375 6336
0.890625 0.89375 6336
0.890625 0.89375 6336
0.890625 0.89375 6336
0.890625 0.89375 6338
0.890625 0.89375 6338
0.890625 0.89375 6338
0.890625 0.89375 6338
0.890625 0.89375 6344
0.890625 0.89375 6344
0.884375 0.89375 6374
0.890625 0.89375 6506
0.890625 0.89375 6508
0.890625 0.89375 6510
0.890625 0.89375 6510
0.890625 0.89375 6510
0.890625 0.89375 6510
0.890625 0.89375 6510
0.890625 0.89375 6510
0.890625 0.89375 6510
0.890625 0.89375 6510
0.890625 0.8875 6510
0.890625 0.8875 6510
0.890625 0.8875 6510
0.890625 0.8875 6510
0.890625 0.8875 6510
0.890625 0.8875 6510
0.890625 0.8875 6510
0.890625 0.8875 6510
0.890625 0.8875 6510
0.890625 0.8875 6510
0.890625 0.8875 6510
0.890625 0.8875 6510
0.890625 0.8875 6510
0.890625 0.8875 6510
0.890625 0.8875 6510
0.890625 0.8875 6510
0.890625 0.89375 6516
0.890625 0.89375 6518
0.890625 0.89375 6518
0.890625 0.89375 6518
0.890625 0.89375 6518
0.890625 0.89375 6518
0.890625 0.89375 6518
0.890625 0.890625 6518
0.890625 0.8875 6520
0.890625 0.8875 6522
0.890625 0.8875 6522
0.890625 0.8875 6522
0.890625 0.8875 6522
0.890625 0.8875 6552
0.890625 0.8875 6552
0.890625 0.8875 6552
0.890625 0.8875 6552
0.890625 0.8875 6552
0.890625 0.89375 6552
0.890625 0.89375 6552
0.890625 0.89375 6554
0.890625 0.890625 6554
0.890625 0.890625 6554
0.890625 0.890625 6554
0.890625 0.890625 6554
0.890625 0.890625 6574
0.890625 0.890625 6574
0.890625 0.890625 6586
0.890625 0.890625 6588
0.890625 0.890625 6588
0.890625 0.89375 6588
0.890625 0.89375 6588
0.890625 0.89375 6588
0.890625 0.89375 6588
0.890625 0.89375 6588
0.890625 0.89375 6588
0.890625 0.89375 6588
0.890625 0.89375 6590
0.890625 0.89375 6590
0.890625 0.89375 6590
0.890625 0.89375 6590
0.890625 0.89375 6590
0.890625 0.89375 6590
0.890625 0.89375 6590
0.890625 0.89375 6592
0.890625 0.89375 6592
0.890625 0.89375 6594
0.890625 0.89375 6594
0.890625 0.89375 6594
0.890625 0.89375 6596
0.890625 0.89375 6602
0.890625 0.89375 6602
0.890625 0.89375 6602
0.890625 0.89375 6602
0.890625 0.8875 6602
0.890625 0.8875 6604
0.890625 0.8875 6604
0.890625 0.8875 6606
0.890625 0.8875 6608
0.890625 0.8875 6608
0.890625 0.8875 6610
0.890625 0.8875 6610
0.890625 0.8875 6610
0.890625 0.8875 6622
0.890625 0.8875 6628
0.890625 0.8875 6630
0.890625 0.8875 6642
0.890625 0.8875 6642
0.890625 0.8875 6642
0.890625 0.8875 6642
0.890625 0.8875 6642
0.890625 0.8875 6642
0.89375 0.89375 6684
0.89375 0.89375 6686
0.89375 0.89375 6688
0.89375 0.89375 6700
0.89375 0.89375 6700
0.89375 0.89375 6700
0.89375 0.89375 6700
0.89375 0.89375 6700
0.89375 0.89375 6702
0.89375 0.89375 6702
0.89375 0.89375 6702
0.89375 0.89375 6708
0.89375 0.89375 6708
0.89375 0.89375 6708
0.89375 0.89375 6708
0.89375 0.89375 6710
0.89375 0.89375 6710
0.89375 0.89375 6710
0.89375 0.89375 6710
0.89375 0.89375 6710
0.89375 0.89375 6712
0.89375 0.89375 6712
0.89375 0.89375 6712
0.89375 0.89375 6714
0.89375 0.89375 6714
0.89375 0.89375 6720
0.89375 0.89375 6720
0.89375 0.89375 6720
0.890625 0.89375 6732
0.890625 0.89375 6732
0.890625 0.89375 6732
0.890625 0.89375 6732
0.890625 0.89375 6734
0.890625 0.89375 6734
0.890625 0.89375 6734
0.890625 0.89375 6734
0.890625 0.89375 6734
0.890625 0.89375 6734
0.890625 0.89375 6734
0.890625 0.89375 6740
0.890625 0.89375 6740
0.890625 0.89375 6742
0.890625 0.89375 6742
0.890625 0.89375 6742
0.890625 0.89375 6742
0.890625 0.89375 6742
0.890625 0.89375 6742
0.890625 0.89375 6744
0.890625 0.89375 6746
0.890625 0.89375 6746
0.890625 0.89375 6746
0.890625 0.89375 6746
0.890625 0.89375 6746
0.890625 0.89375 6746
0.890625 0.89375 6746
0.890625 0.89375 6746
0.890625 0.89375 6748
0.890625 0.89375 6748
0.890625 0.89375 6750
0.890625 0.89375 6750
0.890625 0.89375 6750
0.890625 0.89375 6750
0.8875 0.8875 6752
0.8875 0.8875 6752
0.8875 0.8875 6752
0.8875 0.8875 6754
0.8875 0.8875 6754
0.8875 0.8875 6756
0.8875 0.8875 6756
0.8875 0.8875 6756
0.8875 0.8875 6756
0.8875 0.8875 6756
0.8875 0.8875 6758
0.8875 0.8875 6758
0.8875 0.8875 6758
0.8875 0.8875 6764
0.8875 0.8875 6764
0.8875 0.8875 6764
0.8875 0.8875 6766
0.8875 0.8875 6766
0.8875 0.8875 6766
0.8875 0.8875 6766
0.8875 0.8875 6766
0.8875 0.8875 6766
0.8875 0.8875 6766
0.8875 0.8875 6766
0.8875 0.8875 6766
0.8875 0.8875 6766
0.8875 0.8875 6766
0.8875 0.8875 6766
0.8875 0.8875 6766
0.8875 0.8875 6766
0.8875 0.8875 6766
0.8875 0.8875 6766
0.8875 0.8875 6766
0.8875 0.8875 6768
0.8875 0.8875 6768
0.8875 0.8875 6770
0.8875 0.8875 6770
0.8875 0.8875 6770
0.8875 0.8875 6770
0.8875 0.8875 6770
0.8875 0.8875 6790
0.8875 0.8875 6802
0.89375 0.8875 6858
0.89375 0.8875 6870
0.89375 0.8875 6870
0.89375 0.8875 6870
0.89375 0.8875 6876
0.89375 0.8875 6876
0.89375 0.8875 6882
0.89375 0.8875 6882
0.89375 0.8875 6882
0.89375 0.8875 6894
0.89375 0.8875 6896
0.89375 0.8875 6896
0.89375 0.8875 6896
0.89375 0.8875 6896
0.89375 0.8875 6896
0.890625 0.8875 6952
0.890625 0.8875 6954
0.890625 0.8875 6960
0.890625 0.8875 6960
0.890625 0.8875 6960
0.890625 0.8875 6960
0.890625 0.8875 6962
0.890625 0.8875 6962
0.890625 0.8875 6962
0.890625 0.8875 6962
0.890625 0.8875 6962
0.890625 0.8875 6962
0.890625 0.8875 6962
0.890625 0.8875 6962
0.890625 0.8875 6962
0.890625 0.8875 6962
0.890625 0.8875 6962
0.890625 0.8875 6964
0.890625 0.8875 6964
0.890625 0.8875 6964
0.890625 0.8875 6964
0.890625 0.8875 6964
0.890625 0.8875 6964
0.89375 0.8875 6984
0.89375 0.8875 6986
0.89375 0.8875 6986
0.89375 0.8875 6992
0.89375 0.8875 6994
0.89375 0.8875 6994
0.89375 0.8875 6994
0.89375 0.8875 7000
0.89375 0.8875 7000
0.89375 0.8875 7006
0.89375 0.8875 7006
0.89375 0.8875 7006
0.89375 0.8875 7006
0.89375 0.8875 7006
0.89375 0.8875 7006
0.89375 0.8875 7006
0.89375 0.8875 7006
0.89375 0.8875 7006
0.89375 0.8875 7006
0.89375 0.8875 7006
0.89375 0.8875 7006
0.89375 0.8875 7036
0.89375 0.8875 7036
0.89375 0.8875 7036
0.890625 0.84375 7498
0.890625 0.84375 7498
0.890625 0.84375 7498
0.884375 0.84375 7528
0.884375 0.84375 7528
0.884375 0.84375 7528
0.884375 0.84375 7528
0.884375 0.84375 7528
0.884375 0.84375 7528
0.884375 0.84375 7570
0.884375 0.84375 7570
0.884375 0.84375 7572
0.890625 0.84375 7704
0.890625 0.84375 7704
0.890625 0.84375 7704
0.890625 0.84375 7704
0.890625 0.84375 7704
0.890625 0.84375 7706
0.890625 0.84375 7706
0.890625 0.84375 7706
0.890625 0.84375 7706
0.890625 0.84375 7706
0.890625 0.84375 7706
0.890625 0.84375 7706
0.890625 0.84375 7706
0.890625 0.84375 7708
0.890625 0.84375 7708
0.890625 0.84375 7708
0.890625 0.84375 7710
0.890625 0.84375 7710
0.890625 0.84375 7710
0.890625 0.84375 7712
0.890625 0.84375 7712
0.890625 0.84375 7712
0.890625 0.84375 7714
0.890625 0.84375 7714
0.890625 0.84375 7714
0.890625 0.84375 7714
0.890625 0.84375 7714
0.890625 0.84375 7714
0.890625 0.84375 7714
0.890625 0.84375 7714
0.890625 0.84375 7714
0.890625 0.84375 7716
0.890625 0.84375 7718
0.890625 0.84375 7718
0.890625 0.84375 7718
0.890625 0.84375 7718
0.890625 0.84375 7724
0.890625 0.84375 7724
0.890625 0.84375 7724
0.890625 0.84375 7726
0.890625 0.84375 7726
0.890625 0.84375 7726
0.890625 0.84375 7726
0.890625 0.84375 7728
0.890625 0.84375 7728
0.890625 0.84375 7730
0.890625 0.84375 7730
0.890625 0.84375 7730
0.890625 0.84375 7730
0.890625 0.84375 7736
0.890625 0.84375 7738
0.890625 0.84375 7740
0.890625 0.84375 7742
0.890625 0.84375 7742
0.890625 0.84375 7742
0.890625 0.84375 7742
0.8875 0.84375 7772
0.8875 0.84375 7772
0.8875 0.84375 7774
0.8875 0.84375 7774
0.8875 0.84375 7776
0.8875 0.84375 7776
0.8875 0.84375 7776
0.8875 0.84375 7776
0.8875 0.84375 7778
0.8875 0.84375 7778
0.8875 0.84375 7778
0.8875 0.84375 7778
0.8875 0.84375 7784
0.8875 0.84375 7784
0.8875 0.84375 7784
0.8875 0.84375 7786
0.8875 0.84375 7786
0.8875 0.84375 7786
0.8875 0.84375 7786
0.8875 0.84375 7786
0.8875 0.84375 7786
0.8875 0.84375 7788
0.8875 0.84375 7788
0.8875 0.84375 7788
0.8875 0.84375 7788
0.8875 0.84375 7788
0.8875 0.84375 7788
0.8875 0.84375 7790
0.8875 0.84375 7790
0.8875 0.84375 7792
0.8875 0.84375 7792
0.8875 0.84375 7792
0.8875 0.84375 7792
0.8875 0.84375 7794
0.8875 0.84375 7794
0.8875 0.84375 7794
0.8875 0.84375 7794
0.8875 0.84375 7794
0.8875 0.84375 7796
0.89375 0.84375 7808
0.89375 0.84375 7808
0.89375 0.84375 7808
0.89375 0.84375 7808
0.89375 0.84375 7808
0.89375 0.84375 7808
0.89375 0.84375 7808
0.89375 0.84375 7808
0.89375 0.84375 7808
0.89375 0.84375 7808
0.89375 0.84375 7808
0.89375 0.84375 7820
0.89375 0.84375 7820
0.89375 0.84375 7820
0.89375 0.84375 7820
0.89375 0.84375 7820
0.89375 0.84375 7826
0.89375 0.84375 7828
0.89375 0.84375 7828
0.89375 0.84375 7828
0.89375 0.84375 7834
0.89375 0.84375 7834
0.89375 0.84375 7834
0.89375 0.84375 7836
0.89375 0.84375 7836
0.89375 0.84375 7836
0.89375 0.84375 7836
0.89375 0.84375 7836
0.89375 0.84375 7836
0.890625 0.84375 7878
0.890625 0.84375 7878
0.890625 0.84375 7884
0.890625 0.84375 7884
0.890625 0.84375 7884
0.890625 0.84375 7884
0.890625 0.84375 7884
0.890625 0.84375 7884
0.890625 0.84375 7904
0.890625 0.84375 7904
0.890625 0.84375 7904
0.890625 0.84375 7904
0.890625 0.84375 7904
0.890625 0.84375 7904
0.890625 0.84375 7904
0.890625 0.8375 7910
0.890625 0.8375 7910
0.890625 0.8375 7910
0.890625 0.8375 7910
0.890625 0.8375 7912
0.890625 0.8375 7912
0.890625 0.8375 7918
0.890625 0.8375 7938
0.890625 0.8375 7940
0.890625 0.8375 7940
0.884375 0.8375 8030
0.884375 0.8375 8030
0.884375 0.8375 8032
0.884375 0.8375 8034
0.884375 0.8375 8034
0.884375 0.8375 8036
0.884375 0.8375 8036
0.884375 0.8375 8036
0.884375 0.8375 8036
0.884375 0.8375 8036
0.884375 0.8375 8038
0.884375 0.8375 8038
0.884375 0.8375 8038
0.884375 0.8375 8038
0.884375 0.8375 8038
0.884375 0.8375 8040
0.884375 0.8375 8040
0.884375 0.8375 8040
0.884375 0.8375 8040
0.884375 0.8375 8040
0.884375 0.8375 8040
0.884375 0.8375 8040
0.884375 0.8375 8042
0.884375 0.8375 8042
0.884375 0.8375 8042
0.884375 0.8375 8048
0.884375 0.8375 8048
0.884375 0.8375 8048
0.884375 0.8375 8048
0.884375 0.8375 8048
0.884375 0.8375 8048
0.884375 0.8375 8048
0.884375 0.8375 8048
0.884375 0.8375 8048
0.884375 0.8375 8050
0.884375 0.8375 8052
0.884375 0.8375 8052
0.884375 0.8375 8072
0.884375 0.8375 8072
0.884375 0.8375 8072
0.884375 0.8375 8072
0.884375 0.8375 8072
0.884375 0.8375 8078
0.884375 0.8375 8078
0.884375 0.8375 8078
0.884375 0.8375 8078
0.884375 0.8375 8078
0.884375 0.8375 8078
0.884375 0.8375 8078
0.884375 0.8375 8080
0.884375 0.8375 8080
0.884375 0.8375 8080
0.884375 0.8375 8080
0.884375 0.8375 8080
0.884375 0.8375 8080
0.884375 0.8375 8080
0.884375 0.8375 8082
0.884375 0.8375 8112
0.884375 0.8375 8112
0.884375 0.8375 8114
0.884375 0.8375 8114
0.884375 0.8375 8120
0.88125 0.8375 8132
0.88125 0.8375 8162
0.88125 0.8375 8162
0.88125 0.8375 8162
0.88125 0.8375 8162
0.88125 0.8375 8164
0.88125 0.8375 8164
0.88125 0.8375 8164
0.88125 0.8375 8164
0.88125 0.8375 8170
0.88125 0.8375 8170
0.88125 0.8375 8172
0.88125 0.8375 8172
0.88125 0.8375 8172
0.88125 0.8375 8172
0.88125 0.8375 8174
0.88125 0.8375 8174
0.88125 0.8375 8186
0.88125 0.8375 8186
0.88125 0.8375 8186
0.88125 0.8375 8188
0.88125 0.8375 8188
0.88125 0.8375 8188
0.88125 0.8375 8190
0.88125 0.8375 8196
0.88125 0.8375 8196
0.88125 0.8375 8196
0.88125 0.8375 8196
0.88125 0.8375 8196
0.88125 0.8375 8202
0.88125 0.8375 8202
0.88125 0.8375 8202
0.88125 0.8375 8202
0.88125 0.8375 8202
0.88125 0.8375 8202
0.88125 0.8375 8202
0.88125 0.8375 8202
0.88125 0.8375 8202
0.88125 0.8375 8202
0.88125 0.8375 8204
0.88125 0.8375 8204
0.88125 0.8375 8204
0.88125 0.8375 8210
0.88125 0.8375 8210
0.88125 0.8375 8210
0.88125 0.8375 8210
0.88125 0.8375 8210
0.88125 0.8375 8210
0.88125 0.8375 8222
0.88125 0.8375 8222
0.88125 0.8375 8222
0.88125 0.8375 8222
0.88125 0.8375 8222
0.88125 0.8375 8222
0.88125 0.8375 8224
0.88125 0.8375 8230
0.88125 0.8375 8230
0.88125 0.8375 8232
0.88125 0.8375 8232
0.88125 0.8375 8232
0.88125 0.8375 8232
0.88125 0.8375 8244
0.88125 0.8375 8246
0.88125 0.8375 8258
0.88125 0.8375 8258
0.88125 0.8375 8258
0.88125 0.8375 8258
0.88125 0.8375 8258
0.88125 0.8375 8258
0.88125 0.8375 8260
0.88125 0.8375 8290
0.88125 0.8375 8296
0.88125 0.8375 8296
0.88125 0.8375 8302
0.88125 0.8375 8302
0.88125 0.8375 8304
0.884375 0.8375 8360
0.884375 0.8375 8360
0.884375 0.8375 8360
0.884375 0.8375 8360
0.884375 0.8375 8360
0.884375 0.8375 8360
0.884375 0.8375 8366
0.884375 0.8375 8366
0.884375 0.8375 8366
0.884375 0.8375 8366
0.884375 0.8375 8372
0.884375 0.8375 8372
0.884375 0.8375 8372
0.884375 0.8375 8372
0.884375 0.8375 8372
0.884375 0.8375 8372
0.884375 0.8375 8374
0.884375 0.8375 8374
0.884375 0.8375 8374
0.884375 0.8375 8374
0.884375 0.8375 8374
0.884375 0.8375 8374
0.884375 0.8375 8380
0.884375 0.8375 8380
0.884375 0.8375 8380
0.884375 0.8375 8380
0.884375 0.8375 8380
0.884375 0.8375 8380
0.884375 0.8375 8410
0.884375 0.8375 8412
0.884375 0.8375 8414
0.884375 0.8375 8414
0.884375 0.8375 8414
0.884375 0.8375 8416
0.884375 0.8375 8416
0.884375 0.8375 8416
0.884375 0.8375 8416
0.884375 0.8375 8428
0.884375 0.8375 8428
0.884375 0.8375 8434
0.884375 0.8375 8434
0.884375 0.8375 8440
0.884375 0.8375 8440
0.884375 0.8375 8440
0.884375 0.8375 8446
0.884375 0.8375 8446
0.884375 0.8375 8446
0.884375 0.8375 8446
0.884375 0.8375 8446
0.884375 0.8375 8446
0.884375 0.8375 8452
0.884375 0.8375 8452
0.884375 0.8375 8452
0.884375 0.8375 8452
0.884375 0.8375 8452
0.884375 0.8375 8452
0.884375 0.8375 8452
0.884375 0.8375 8452
0.884375 0.8375 8452
0.884375 0.8375 8452
0.884375 0.8375 8454
0.884375 0.8375 8454
0.884375 0.8375 8454
0.884375 0.8375 8454
0.884375 0.8375 8454
0.884375 0.8375 8454
0.884375 0.8375 8454
0.884375 0.8375 8454
0.884375 0.8375 8454
0.884375 0.8375 8454
0.884375 0.8375 8454
0.884375 0.8375 8454
0.884375 0.8375 8454
0.884375 0.8375 8454
0.884375 0.8375 8454
0.884375 0.8375 8454
0.884375 0.8375 8474
0.884375 0.8375 8476
0.884375 0.8375 8476
0.884375 0.8375 8478
0.884375 0.8375 8478
0.884375 0.8375 8478
0.884375 0.8375 8478
0.884375 0.8375 8478
0.884375 0.8375 8490
0.884375 0.8375 8490
0.884375 0.8375 8490
0.884375 0.8375 8490
0.884375 0.8375 8490
0.884375 0.8375 8490
0.884375 0.8375 8490
0.884375 0.8375 8502
0.884375 0.8375 8502
0.884375 0.8375 8502
0.884375 0.8375 8502
0.884375 0.8375 8502
0.884375 0.8375 8502
0.884375 0.8375 8502
0.884375 0.8375 8502
0.884375 0.8375 8502
0.884375 0.8375 8504
0.884375 0.8375 8504
0.884375 0.8375 8504
0.884375 0.8375 8506
0.884375 0.8375 8506
0.884375 0.8375 8506
0.884375 0.8375 8506
0.884375 0.8375 8506
0.884375 0.8375 8506
0.884375 0.8375 8508
0.884375 0.8375 8510
0.884375 0.8375 8510
0.884375 0.8375 8510
0.884375 0.8375 8510
0.884375 0.8375 8510
0.884375 0.8375 8512
0.884375 0.8375 8512
0.884375 0.8375 8512
0.884375 0.8375 8512
0.884375 0.8375 8512
0.884375 0.8375 8512
0.884375 0.8375 8512
0.884375 0.8375 8512
0.884375 0.8375 8512
0.884375 0.8375 8512
0.884375 0.8375 8512
0.884375 0.8375 8512
0.884375 0.8375 8512
0.884375 0.8375 8518
0.884375 0.8375 8518
0.884375 0.8375 8518
0.884375 0.8375 8518
0.884375 0.8375 8518
0.884375 0.8375 8518
0.884375 0.8375 8518
0.884375 0.8375 8518
0.884375 0.8375 8518
0.884375 0.8375 8524
0.88125 0.8375 8536
0.88125 0.8375 8536
0.88125 0.8375 8536
0.88125 0.8375 8536
0.88125 0.8375 8556
0.88125 0.8375 8556
0.88125 0.8375 8556
0.88125 0.8375 8568
0.88125 0.8375 8568
0.88125 0.8375 8568
0.88125 0.8375 8574
0.88125 0.8375 8574
0.88125 0.8375 8574
0.88125 0.8375 8574
0.88125 0.8375 8574
0.88125 0.8375 8574
0.88125 0.8375 8574
0.88125 0.8375 8574
0.88125 0.8375 8604
0.88125 0.8375 8604
0.88125 0.8375 8616
0.88125 0.8375 8616
0.88125 0.8375 8628
0.88125 0.8375 8628
0.88125 0.8375 8628
0.884375 0.84375 8684
0.884375 0.84375 8684
0.884375 0.84375 8684
0.884375 0.84375 8684
0.884375 0.84375 8690
0.884375 0.84375 8690
0.884375 0.84375 8690
0.884375 0.84375 8690
0.884375 0.84375 8690
0.884375 0.84375 8692
0.884375 0.84375 8692
0.884375 0.84375 8692
0.884375 0.84375 8692
0.884375 0.84375 8698
0.884375 0.84375 8698
0.884375 0.84375 8698
0.884375 0.84375 8698
0.884375 0.84375 8698
0.884375 0.84375 8698
0.884375 0.84375 8704
0.884375 0.84375 8710
0.88125 0.84375 8730
0.88125 0.84375 8732
0.88125 0.84375 8734
0.88125 0.84375 8734
0.88125 0.84375 8734
0.88125 0.84375 8740
0.88125 0.84375 8740
0.88125 0.84375 8742
0.88125 0.84375 8742
0.88125 0.84375 8744
0.88125 0.84375 8746
0.88125 0.84375 8748
0.88125 0.84375 8748
0.88125 0.84375 8748
0.88125 0.84375 8750
0.88125 0.84375 8756
0.88125 0.84375 8756
0.88125 0.84375 8758
0.88125 0.84375 8758
0.88125 0.84375 8758
0.88125 0.84375 8764
0.88125 0.84375 8764
0.88125 0.84375 8764
0.88125 0.84375 8764
0.88125 0.84375 8766
0.88125 0.84375 8766
0.88125 0.84375 8766
0.88125 0.84375 8768
0.88125 0.84375 8768
0.88125 0.84375 8768
0.88125 0.84375 8770
0.88125 0.84375 8772
0.88125 0.84375 8792
0.88125 0.84375 8792
0.88125 0.84375 8792
0.88125 0.84375 8792
0.88125 0.84375 8804
0.88125 0.84375 8816
0.88125 0.84375 8822
0.884375 0.84375 8912
0.884375 0.84375 8912
0.884375 0.85 8984
0.884375 0.85 8984
0.8875 0.85625 9040
0.8875 0.85625 9040
0.8875 0.85625 9040
0.8875 0.85625 9040
0.8875 0.85625 9040
0.8875 0.85625 9040
0.8875 0.85625 9040
0.8875 0.85625 9052
0.8875 0.85625 9052
0.8875 0.85625 9052
0.8875 0.85625 9052
0.8875 0.85625 9052
0.8875 0.85625 9052
0.8875 0.85625 9054
0.8875 0.85625 9054
0.8875 0.85625 9054
0.8875 0.85625 9054
0.8875 0.85625 9054
0.8875 0.85625 9054
0.8875 0.85625 9054
0.8875 0.85625 9054
0.8875 0.85625 9054
0.8875 0.85625 9054
0.8875 0.85625 9054
0.8875 0.85625 9056
0.8875 0.85625 9056
0.8875 0.85625 9056
0.8875 0.85625 9056
0.8875 0.85625 9056
0.8875 0.85625 9056
0.8875 0.85625 9056
0.8875 0.85625 9056
0.8875 0.85625 9056
0.8875 0.85 9056
0.8875 0.85 9056
0.8875 0.85 9058
0.8875 0.85 9078
0.8875 0.85 9078
0.8875 0.85 9090
0.8875 0.85 9090
0.8875 0.85 9090
0.8875 0.85 9090
0.8875 0.85 9092
0.8875 0.85 9098
0.8875 0.85 9100
0.8875 0.85 9102
0.8875 0.85 9102
0.8875 0.85 9102
0.8875 0.85 9102
0.8875 0.85 9102
0.8875 0.85 9102
0.8875 0.85 9108
0.8875 0.85 9108
0.8875 0.85 9114
0.8875 0.85 9114
0.8875 0.85 9114
0.8875 0.85 9114
0.8875 0.85 9114
0.8875 0.85 9116
0.8875 0.85 9116
0.8875 0.85 9116
0.8875 0.85 9116
0.8875 0.85 9122
0.8875 0.85 9122
0.8875 0.85 9122
0.8875 0.85625 9122
0.8875 0.85625 9122
0.8875 0.853125 9124
0.8875 0.853125 9124
0.8875 0.853125 9124
0.8875 0.853125 9124
0.8875 0.853125 9124
0.8875 0.853125 9124
0.8875 0.853125 9124
0.8875 0.853125 9126
0.8875 0.853125 9126
0.8875 0.85 9128
0.8875 0.85 9128
0.8875 0.85 9128
0.8875 0.85 9128
0.8875 0.85 9134
0.8875 0.85 9134
0.8875 0.85 9134
0.8875 0.85 9134
0.8875 0.85 9134
0.8875 0.85 9134
0.8875 0.85 9134
0.8875 0.85 9164
0.8875 0.85 9164
0.8875 0.85 9164
0.8875 0.85 9164
0.8875 0.85 9176
0.8875 0.85 9176
0.8875 0.85 9176
0.8875 0.85 9176
0.8875 0.85 9176
0.8875 0.85 9182
0.8875 0.85 9182
0.8875 0.85 9182
0.8875 0.85 9182
0.8875 0.85 9182
0.8875 0.85 9182
0.8875 0.85 9182
0.8875 0.85625 9182
0.8875 0.85625 9182
0.8875 0.85625 9194
0.8875 0.85625 9194
0.8875 0.85625 9196
0.884375 0.85625 9328
0.884375 0.85625 9334
0.884375 0.85625 9334
0.884375 0.85625 9334
0.884375 0.85625 9334
0.884375 0.85625 9334
0.884375 0.85625 9334
0.884375 0.85625 9334
0.884375 0.85625 9334
0.884375 0.85625 9334
0.884375 0.85625 9334
0.884375 0.85625 9346
0.884375 0.85625 9346
0.884375 0.85625 9352
0.884375 0.85625 9352
0.884375 0.85625 9352
0.884375 0.85625 9352
0.884375 0.85625 9352
0.884375 0.85625 9352
0.884375 0.85625 9352
0.884375 0.85625 9352
0.884375 0.85625 9352
0.884375 0.85625 9364
0.884375 0.85625 9376
0.884375 0.85625 9378
0.884375 0.85625 9378
0.884375 0.85625 9378
0.884375 0.85625 9378
0.884375 0.85625 9380
0.884375 0.85625 9382
0.884375 0.85625 9394
0.884375 0.85625 9394
0.884375 0.85625 9394
0.884375 0.85625 9394
0.884375 0.85625 9394
0.884375 0.85625 9394
0.884375 0.85625 9394
0.884375 0.85625 9394
0.884375 0.85625 9394
0.884375 0.85625 9436
0.884375 0.85625 9438
0.884375 0.85625 9440
0.884375 0.85625 9442
0.884375 0.85625 9442
0.884375 0.85625 9442
0.884375 0.85625 9442
0.884375 0.85625 9442
0.884375 0.85625 9442
0.884375 0.85625 9442
0.884375 0.85625 9442
0.884375 0.85625 9442
0.884375 0.85625 9442
0.884375 0.85625 9448
0.884375 0.85625 9448
0.884375 0.85625 9448
0.884375 0.85625 9468
0.884375 0.85625 9468
0.884375 0.85625 9470
0.884375 0.85625 9470
0.884375 0.85625 9470
0.884375 0.85625 9470
0.884375 0.85625 9470
0.884375 0.85625 9470
0.884375 0.85625 9470
0.884375 0.85625 9470
0.884375 0.85625 9470
0.884375 0.85625 9470
0.884375 0.85625 9470
0.884375 0.85625 9470
0.884375 0.85625 9472
0.884375 0.85625 9474
0.884375 0.85625 9474
0.884375 0.85625 9474
0.884375 0.85625 9474
0.884375 0.85625 9474
0.884375 0.85625 9474
0.884375 0.85625 9480
0.884375 0.85625 9480
0.884375 0.85625 9480
0.884375 0.85625 9510
0.884375 0.85625 9510
0.884375 0.85625 9510
0.884375 0.85625 9510
0.884375 0.85625 9510
0.884375 0.85625 9510
0.884375 0.85625 9510
0.884375 0.85625 9510
0.884375 0.85625 9510
0.884375 0.85625 9510
0.884375 0.85625 9522
0.884375 0.85625 9522
0.884375 0.85625 9522
0.884375 0.85625 9522
0.884375 0.85625 9522
0.884375 0.85625 9522
0.884375 0.85625 9522
0.884375 0.85625 9524
0.884375 0.85625 9524
0.884375 0.85625 9524
0.884375 0.85625 9524
0.884375 0.85625 9524
0.884375 0.85625 9524
0.884375 0.85625 9524
0.884375 0.85625 9524
0.884375 0.85625 9524
0.884375 0.85625 9524
0.884375 0.85625 9524
0.884375 0.85625 9524
0.884375 0.85625 9524
0.884375 0.85625 9530
0.884375 0.85625 9560
0.884375 0.85625 9560
0.884375 0.85625 9560
0.884375 0.85625 9566
0.884375 0.85625 9566
0.884375 0.85625 9566
0.884375 0.85625 9566
0.884375 0.85625 9566
0.884375 0.85625 9566
0.884375 0.85625 9566
0.884375 0.85625 9566
0.884375 0.85625 9566
0.884375 0.85625 9568
0.884375 0.85625 9568
0.884375 0.85625 9568
0.884375 0.85625 9568
0.884375 0.85625 9568
0.884375 0.85625 9568
0.884375 0.85625 9568
0.884375 0.85625 9588
0.884375 0.85625 9590
0.884375 0.85625 9590
0.884375 0.85625 9590
0.884375 0.85625 9590
0.884375 0.85625 9590
0.884375 0.85625 9590
0.884375 0.85625 9590
0.884375 0.85625 9596
0.884375 0.85625 9596
0.884375 0.85625 9596
0.884375 0.85625 9596
0.884375 0.85625 9596
0.884375 0.85625 9626
0.884375 0.85625 9626
0.884375 0.85625 9628
0.884375 0.85625 9628
0.884375 0.85625 9628
0.884375 0.85625 9640
0.884375 0.85625 9640
0.884375 0.85625 9640
0.884375 0.85625 9640
0.884375 0.85625 9652
0.884375 0.85625 9654
0.884375 0.85625 9666
0.884375 0.85625 9666
0.884375 0.85625 9672
0.884375 0.85625 9672
0.884375 0.85625 9672
0.884375 0.85625 9672
0.884375 0.85625 9672
0.884375 0.85625 9672
0.884375 0.85625 9672
0.884375 0.85625 9672
0.884375 0.85625 9672
0.884375 0.85625 9672
0.884375 0.85625 9672
0.884375 0.85625 9672
0.884375 0.85625 9672
0.884375 0.85625 9672
0.884375 0.85625 9672
0.884375 0.85625 9672
0.884375 0.85625 9672
0.884375 0.85625 9672
0.884375 0.85625 9672
0.884375 0.85625 9728
0.884375 0.85625 9728
0.884375 0.85625 9728
0.884375 0.85625 9734
0.884375 0.85625 9734
0.884375 0.85625 9734
0.884375 0.85625 9734
0.884375 0.85625 9736
0.884375 0.85625 9736
0.884375 0.85625 9736
0.884375 0.85625 9736
0.884375 0.85625 9736
0.884375 0.85625 9736
0.884375 0.85625 9738
0.884375 0.85625 9738
0.884375 0.85625 9738
0.884375 0.85625 9738
0.884375 0.85625 9738
0.884375 0.85625 9740
0.884375 0.85625 9740
0.8875 0.85625 9746
0.8875 0.85625 9746
0.8875 0.85625 9758
0.8875 0.8625 9778
0.8875 0.8625 9778
0.8875 0.8625 9778
0.8875 0.8625 9778
0.8875 0.8625 9778
0.8875 0.8625 9798
0.8875 0.8625 9798
0.8875 0.8625 9798
0.8875 0.8625 9798
0.8875 0.8625 9798
0.8875 0.8625 9798
0.8875 0.8625 9798
0.8875 0.8625 9798
0.8875 0.8625 9798
0.8875 0.8625 9804
0.8875 0.8625 9804
0.8875 0.8625 9804
0.8875 0.8625 9804
0.8875 0.8625 9804
0.8875 0.8625 9804
0.8875 0.8625 9804
0.8875 0.8625 9804
0.8875 0.8625 9804
0.8875 0.8625 9804
0.8875 0.8625 9804
0.8875 0.8625 9804
0.8875 0.8625 9816
0.8875 0.8625 9816
0.8875 0.8625 9816
0.8875 0.8625 9816
0.8875 0.8625 9816
0.8875 0.8625 9816
0.8875 0.8625 9816
0.8875 0.8625 9816
0.8875 0.8625 9816
0.8875 0.8625 9816
0.8875 0.8625 9858
0.8875 0.8625 9858
0.8875 0.8625 9858
0.8875 0.8625 9858
0.8875 0.8625 9858
0.8875 0.8625 9858
0.8875 0.8625 9864
0.8875 0.8625 9864
0.8875 0.8625 9864
0.8875 0.8625 9864
0.8875 0.8625 9866
0.8875 0.8625 9868
0.8875 0.8625 9868
0.8875 0.8625 9868
0.8875 0.8625 9868
0.8875 0.8625 9868
0.8875 0.8625 9874
0.8875 0.8625 9880
0.8875 0.8625 9880
0.8875 0.8625 9880
0.8875 0.8625 9880
0.8875 0.8625 9880
0.8875 0.8625 9880
0.8875 0.8625 9880
0.8875 0.8625 9880
0.8875 0.8625 9880
0.8875 0.8625 9880
0.8875 0.8625 9880
0.8875 0.8625 9880
0.8875 0.8625 9880
0.8875 0.8625 9880
0.8875 0.8625 9880
0.8875 0.8625 9880
0.8875 0.8625 9880
0.8875 0.8625 9880
0.8875 0.8625 9880
0.8875 0.8625 9880
0.8875 0.8625 9880
0.8875 0.8625 9880
0.8875 0.8625 9882
0.8875 0.8625 9882
0.8875 0.8625 9882
0.8875 0.8625 9882
0.8875 0.8625 10014
0.8875 0.8625 10014
0.8875 0.8625 10014
0.8875 0.8625 10016
0.8875 0.8625 10016
0.8875 0.8625 10016
0.8875 0.8625 10016
0.8875 0.8625 10016
0.8875 0.8625 10016
0.8875 0.8625 10046
0.8875 0.8625 10048
0.8875 0.8625 10048
0.8875 0.8625 10050
0.8875 0.8625 10050
0.8875 0.8625 10052
0.8875 0.8625 10082
0.8875 0.8625 10082
0.8875 0.8625 10082
0.8875 0.8625 10084
0.8875 0.8625 10084
0.8875 0.8625 10084
0.8875 0.8625 10086
0.8875 0.8625 10086
0.8875 0.8625 10086
0.8875 0.8625 10086
0.8875 0.8625 10086
0.8875 0.8625 10086
0.8875 0.8625 10086
0.8875 0.8625 10086
0.8875 0.8625 10086
0.8875 0.8625 10086
0.8875 0.8625 10086
0.8875 0.8625 10098
0.8875 0.8625 10100
0.8875 0.8625 10100
0.8875 0.8625 10106
0.8875 0.8625 10108
0.8875 0.8625 10108
0.8875 0.8625 10108
0.8875 0.8625 10108
0.8875 0.8625 10108
0.8875 0.8625 10108
0.8875 0.8625 10108
0.8875 0.8625 10108
0.8875 0.8625 10108
0.8875 0.8625 10108
0.8875 0.8625 10108
0.8875 0.8625 10114
0.8875 0.8625 10120
0.8875 0.8625 10120
0.8875 0.8625 10120
0.8875 0.8625 10120
0.8875 0.8625 10120
0.8875 0.8625 10120
0.8875 0.8625 10120
0.8875 0.8625 10120
0.8875 0.8625 10120
0.8875 0.8625 10120
0.8875 0.8625 10120
0.8875 0.8625 10120
0.8875 0.8625 10120
0.8875 0.8625 10120
0.8875 0.8625 10120
0.8875 0.8625 10120
0.8875 0.8625 10122
0.8875 0.8625 10122
0.8875 0.8625 10122
0.8875 0.8625 10142
0.8875 0.8625 10142
0.8875 0.8625 10142
0.8875 0.8625 10142
0.8875 0.8625 10142
0.8875 0.8625 10142
0.8875 0.8625 10142
0.8875 0.8625 10142
0.8875 0.8625 10162
0.8875 0.8625 10162
0.8875 0.8625 10174
0.8875 0.8625 10174
0.8875 0.8625 10174
0.8875 0.8625 10174
0.8875 0.8625 10174
0.8875 0.8625 10180
0.8875 0.8625 10180
0.8875 0.8625 10180
0.8875 0.8625 10186
0.8875 0.8625 10186
0.8875 0.8625 10186
0.8875 0.8625 10188
0.8875 0.8625 10208
0.8875 0.8625 10208
0.8875 0.8625 10208
0.8875 0.8625 10208
0.8875 0.8625 10208
0.8875 0.8625 10208
0.8875 0.8625 10210
0.8875 0.8625 10210
0.8875 0.8625 10210
0.8875 0.8625 10210
0.8875 0.8625 10210
0.8875 0.8625 10210
0.8875 0.8625 10210
0.8875 0.8625 10210
0.8875 0.8625 10210
0.8875 0.8625 10212
0.8875 0.8625 10212
0.8875 0.8625 10212
0.8875 0.859375 10232
0.8875 0.859375 10234
0.8875 0.859375 10234
0.8875 0.85625 10234
0.884375 0.85625 10264
0.884375 0.85625 10264
0.884375 0.85625 10270
0.884375 0.85625 10270
0.884375 0.85625 10270
0.884375 0.85625 10270
0.884375 0.85625 10270
0.884375 0.85625 10270
0.884375 0.85625 10270
0.884375 0.85625 10270
0.884375 0.85625 10272
0.884375 0.85625 10272
0.884375 0.85625 10272
0.884375 0.85625 10272
0.884375 0.859375 10284
0.884375 0.859375 10286
0.884375 0.859375 10286
0.884375 0.85625 10286
0.884375 0.85625 10286
0.884375 0.85625 10286
0.884375 0.85625 10286
0.884375 0.85625 10286
0.884375 0.85625 10286
0.884375 0.85625 10288
0.884375 0.85625 10288
0.884375 0.85625 10290
0.884375 0.85625 10290
0.884375 0.85625 10290
0.884375 0.85625 10310
0.884375 0.85625 10310
0.884375 0.85625 10310
0.884375 0.85625 10312
0.884375 0.85625 10314
0.884375 0.85625 10314
0.884375 0.85625 10314
0.884375 0.85625 10326
0.884375 0.85625 10326
0.884375 0.85625 10326
0.884375 0.85625 10326
0.884375 0.85625 10326
0.884375 0.85625 10328
0.884375 0.85625 10330
0.884375 0.85625 10330
0.884375 0.85625 10330
0.884375 0.85625 10330
0.884375 0.85625 10330
0.884375 0.85625 10330
0.884375 0.85625 10332
0.884375 0.85625 10332
0.884375 0.85625 10332
0.884375 0.85625 10334
0.884375 0.85625 10334
0.884375 0.85625 10334
0.884375 0.85625 10336
0.884375 0.85625 10336
0.884375 0.85625 10336
0.884375 0.85625 10336
0.884375 0.85625 10336
0.884375 0.85625 10336
0.884375 0.85625 10336
0.884375 0.85625 10336
0.884375 0.85625 10336
0.88125 0.85625 10366
0.88125 0.85625 10366
0.88125 0.85625 10366
0.88125 0.85625 10368
0.88125 0.85625 10368
0.884375 0.85625 10374
0.884375 0.85625 10374
0.884375 0.85625 10374
0.884375 0.85625 10374
0.884375 0.85625 10374
0.884375 0.85625 10380
0.884375 0.85625 10380
0.884375 0.85625 10382
0.884375 0.85625 10388
0.884375 0.85625 10388
0.884375 0.85625 10388
0.884375 0.85625 10394
0.884375 0.85625 10394
0.884375 0.85625 10394
0.884375 0.85625 10396
0.884375 0.85625 10402
0.884375 0.85625 10402
0.884375 0.85625 10404
0.884375 0.85625 10406
0.884375 0.85625 10406
0.884375 0.85625 10406
0.884375 0.85625 10406
0.884375 0.85625 10408
0.884375 0.85625 10408
0.884375 0.85625 10420
0.884375 0.85625 10420
0.884375 0.85625 10420
0.884375 0.85625 10420
0.884375 0.85625 10420
0.884375 0.85625 10420
0.884375 0.85625 10420
0.884375 0.85625 10420
0.884375 0.85625 10420
0.884375 0.85625 10420
0.884375 0.85625 10420
0.884375 0.85625 10432
0.884375 0.85625 10434
0.884375 0.85625 10434
0.884375 0.85625 10434
0.884375 0.85625 10434
0.884375 0.85625 10434
0.884375 0.85625 10434
0.884375 0.85625 10454
0.884375 0.85625 10454
0.884375 0.85625 10454
0.884375 0.85625 10466
0.884375 0.85625 10472
0.884375 0.85625 10472
0.884375 0.85625 10472
0.884375 0.85625 10472
0.884375 0.85625 10472
0.8875 0.86875 10514
0.8875 0.86875 10514
0.8875 0.86875 10514
0.8875 0.86875 10520
0.8875 0.86875 10520
0.8875 0.86875 10520
0.8875 0.86875 10522
0.8875 0.86875 10522
0.8875 0.86875 10522
0.8875 0.86875 10522
0.8875 0.86875 10522
0.8875 0.865625 10522
0.8875 0.865625 10522
0.8875 0.865625 10522
0.8875 0.865625 10524
0.8875 0.865625 10536
0.8875 0.865625 10536
0.8875 0.865625 10536
0.8875 0.865625 10536
0.8875 0.865625 10536
0.8875 0.865625 10536
0.8875 0.865625 10536
0.8875 0.8625 10538
0.8875 0.8625 10540
0.8875 0.8625 10540
0.8875 0.8625 10540
0.8875 0.8625 10540
0.8875 0.86875 10540
0.8875 0.86875 10540
0.8875 0.86875 10540
0.8875 0.86875 10540
0.8875 0.86875 10540
0.8875 0.86875 10560
0.8875 0.86875 10562
0.8875 0.86875 10564
0.8875 0.86875 10564
0.884375 0.8625 10620
0.884375 0.8625 10620
0.884375 0.8625 10620
0.884375 0.8625 10620
0.884375 0.8625 10622
0.884375 0.8625 10622
0.88125 0.8625 10634
0.88125 0.8625 10634
0.88125 0.8625 10634
0.88125 0.8625 10634
0.88125 0.8625 10634
0.88125 0.8625 10634
0.88125 0.8625 10634
0.88125 0.8625 10634
0.88125 0.8625 10636
0.88125 0.8625 10636
0.88125 0.8625 10636
0.88125 0.8625 10636
0.88125 0.8625 10636
0.88125 0.8625 10636
0.88125 0.8625 10642
0.88125 0.8625 10642
0.88125 0.8625 10644
0.88125 0.8625 10644
0.88125 0.8625 10644
0.88125 0.8625 10644
0.88125 0.8625 10644
0.88125 0.8625 10644
0.88125 0.8625 10644
0.88125 0.8625 10646
0.88125 0.8625 10646
0.88125 0.8625 10646
0.88125 0.8625 10646
0.88125 0.8625 10646
0.88125 0.8625 10646
0.88125 0.8625 10646
0.88125 0.8625 10646
0.88125 0.8625 10646
0.88125 0.8625 10652
0.88125 0.8625 10652
0.88125 0.8625 10652
0.88125 0.8625 10652
0.88125 0.8625 10652
0.88125 0.8625 10652
0.88125 0.8625 10652
0.88125 0.8625 10652
0.88125 0.8625 10664
0.88125 0.8625 10664
0.88125 0.8625 10664
0.88125 0.8625 10664
0.88125 0.8625 10666
0.88125 0.8625 10666
0.88125 0.8625 10666
0.88125 0.8625 10666
0.88125 0.8625 10668
0.88125 0.8625 10668
0.88125 0.8625 10670
0.88125 0.8625 10690
0.88125 0.8625 10696
0.88125 0.8625 10696
0.88125 0.8625 10696
0.88125 0.8625 10696
0.88125 0.8625 10696
0.878125 0.8625 10738
0.878125 0.8625 10738
0.878125 0.8625 10738
0.878125 0.8625 10738
0.878125 0.8625 10738
0.878125 0.8625 10738
0.878125 0.8625 10738
0.878125 0.8625 10738
0.878125 0.8625 10738
0.878125 0.8625 10740
0.878125 0.8625 10740
0.878125 0.8625 10740
0.878125 0.8625 10740
0.878125 0.8625 10742
0.878125 0.8625 10744
0.878125 0.8625 10744
0.878125 0.8625 10774
0.878125 0.8625 10774
0.878125 0.8625 10786
0.878125 0.8625 10792
0.878125 0.8625 10792
0.878125 0.8625 10792
0.878125 0.8625 10792
0.878125 0.8625 10792
0.878125 0.8625 10792
0.878125 0.8625 10792
0.878125 0.8625 10792
0.878125 0.8625 10792
0.878125 0.8625 10798
0.878125 0.8625 10804
0.878125 0.8625 10804
0.878125 0.8625 10804
0.878125 0.8625 10804
0.878125 0.8625 10804
0.878125 0.8625 10804
0.878125 0.8625 10804
0.878125 0.8625 10804
0.878125 0.8625 10804
0.878125 0.859375 10804
0.878125 0.859375 10804
0.878125 0.859375 10804
0.878125 0.85625 10806
0.878125 0.85625 10808
0.878125 0.85625 10808
0.878125 0.85625 10808
0.878125 0.85625 10808
0.878125 0.85625 10808
0.878125 0.85625 10810
0.878125 0.85625 10810
0.878125 0.85625 10810
0.878125 0.85625 10810
0.878125 0.85625 10810
0.878125 0.85625 10810
0.878125 0.85625 10810
0.878125 0.85625 10810
0.878125 0.85625 10810
0.875 0.85625 10840
0.878125 0.8625 10896
0.878125 0.8625 10898
0.878125 0.8625 10898
0.878125 0.8625 10900
0.878125 0.8625 10902
0.878125 0.8625 10902
0.878125 0.8625 10902
0.878125 0.8625 10902
0.878125 0.8625 10902
0.878125 0.8625 10902
0.878125 0.8625 10902
0.878125 0.8625 10902
0.878125 0.8625 10908
0.878125 0.8625 10910
0.878125 0.8625 10910
0.878125 0.8625 10912
0.878125 0.8625 10912
0.878125 0.8625 10912
0.878125 0.8625 10912
0.878125 0.8625 10912
0.878125 0.8625 10912
0.878125 0.8625 10912
0.878125 0.8625 10912
0.878125 0.8625 10912
0.878125 0.8625 10912
0.878125 0.859375 10912
0.878125 0.85625 10912
0.878125 0.85625 10912
0.878125 0.85625 10954
0.878125 0.85625 10954
0.878125 0.85625 10954
0.878125 0.85625 10954
0.878125 0.85625 10960
0.878125 0.85625 11002
0.878125 0.85625 11002
0.878125 0.85 11022
0.878125 0.85 11022
0.878125 0.85 11024
0.878125 0.85 11024
0.878125 0.85 11026
0.878125 0.85 11026
0.878125 0.85 11026
0.878125 0.85 11026
0.878125 0.85 11026
0.878125 0.85 11026
0.878125 0.85 11026
0.878125 0.85 11028
0.878125 0.85 11028
0.878125 0.85 11030
0.878125 0.85 11030
0.878125 0.85 11030
0.878125 0.85 11030
0.878125 0.85 11030
0.878125 0.85 11030
0.878125 0.85 11036
0.878125 0.85 11036
0.878125 0.85 11038
0.878125 0.85 11038
0.878125 0.85 11038
0.878125 0.85 11040
0.878125 0.85 11040
0.878125 0.85 11040
0.878125 0.85 11040
0.878125 0.85 11040
0.878125 0.85 11040
0.878125 0.85 11040
0.878125 0.85 11040
0.878125 0.85 11040
0.878125 0.85 11040
0.878125 0.85 11040
0.878125 0.85 11040
0.878125 0.85 11040
0.878125 0.85 11040
0.878125 0.85 11040
0.878125 0.85 11040
0.878125 0.85 11042
0.878125 0.85 11042
0.878125 0.85 11042
0.878125 0.85 11042
0.878125 0.85 11042
0.878125 0.85 11042
0.878125 0.85 11042
0.878125 0.85 11042
0.878125 0.85 11042
0.878125 0.85 11042
0.878125 0.85 11042
0.878125 0.85 11042
0.878125 0.85 11044
0.878125 0.85 11044
0.878125 0.85 11044
0.878125 0.85 11046
0.878125 0.85 11046
0.878125 0.85 11048
0.878125 0.85 11060
0.878125 0.85 11060
0.878125 0.85 11060
0.878125 0.85 11062
0.878125 0.85 11062
0.878125 0.85 11062
0.878125 0.85 11062
0.878125 0.85 11062
0.878125 0.85 11068
0.878125 0.85 11068
0.878125 0.85 11068
0.878125 0.85 11070
0.878125 0.85 11070
0.878125 0.85 11090
0.878125 0.85 11090
0.878125 0.85 11090
0.878125 0.85 11090
0.878125 0.85 11090
0.878125 0.85 11090
0.878125 0.85 11096
0.878125 0.85 11096
0.878125 0.85 11096
0.878125 0.85 11096
0.878125 0.85 11096
0.878125 0.85 11096
0.878125 0.85 11096
0.878125 0.85 11098
0.878125 0.85 11118
0.878125 0.85625 11120
0.878125 0.85625 11120
0.878125 0.85625 11126
0.878125 0.85625 11126
0.878125 0.85625 11126
0.878125 0.85625 11126
0.878125 0.85625 11126
0.878125 0.85625 11128
0.878125 0.85625 11128
0.878125 0.85625 11128
0.878125 0.85625 11128
0.878125 0.85625 11128
0.878125 0.85625 11128
0.878125 0.85625 11128
0.878125 0.85625 11130
0.878125 0.85625 11130
0.878125 0.85625 11130
0.878125 0.85625 11130
0.878125 0.85625 11132
0.878125 0.85625 11134
0.878125 0.85625 11134
0.878125 0.85625 11134
0.878125 0.85625 11134
0.878125 0.85625 11134
0.878125 0.85625 11134
0.878125 0.85625 11134
0.878125 0.85625 11134
0.878125 0.85625 11134
0.878125 0.85625 11134
0.878125 0.85625 11134
0.878125 0.85625 11134
0.878125 0.85625 11134
0.878125 0.85625 11134
0.878125 0.85625 11134
0.878125 0.85625 11134
0.878125 0.85625 11136
0.878125 0.85625 11136
0.878125 0.85625 11178
0.878125 0.85625 11178
0.878125 0.85625 11178
0.878125 0.85625 11184
0.878125 0.85625 11184
0.878125 0.85625 11184
0.878125 0.85625 11184
0.878125 0.85625 11196
0.878125 0.85625 11216
0.878125 0.85625 11216
0.878125 0.85625 11216
0.878125 0.85625 11216
0.878125 0.85625 11216
0.878125 0.85625 11216
0.878125 0.85625 11222
0.878125 0.85625 11222
0.878125 0.85625 11222
0.878125 0.85625 11222
0.878125 0.85625 11222
0.878125 0.85625 11222
0.878125 0.85625 11222
0.878125 0.85625 11222
0.878125 0.85625 11234
0.878125 0.85625 11234
0.878125 0.85625 11234
0.878125 0.85625 11234
0.878125 0.85625 11234
0.878125 0.85625 11234
0.878125 0.85625 11234
0.878125 0.85625 11234
0.878125 0.85625 11240
0.878125 0.85625 11240
0.878125 0.85625 11242
0.878125 0.85625 11242
0.878125 0.85625 11242
0.878125 0.85625 11242
0.878125 0.85625 11242
0.878125 0.85625 11242
0.878125 0.85625 11244
0.878125 0.85625 11244
0.878125 0.85625 11244
0.878125 0.85625 11244
0.878125 0.85625 11244
0.878125 0.85625 11244
0.878125 0.85625 11244
0.878125 0.85625 11244
0.878125 0.85625 11244
0.878125 0.85625 11244
0.878125 0.85625 11256
0.878125 0.85625 11276
0.878125 0.85625 11278
0.878125 0.85625 11278
0.878125 0.85625 11278
0.878125 0.85625 11278
0.878125 0.85625 11278
0.878125 0.85625 11278
0.878125 0.85625 11278
0.878125 0.85625 11278
0.878125 0.85625 11278
0.878125 0.85625 11278
0.878125 0.85625 11278
0.878125 0.85625 11278
0.878125 0.85625 11278
0.878125 0.85625 11278
0.878125 0.85625 11278
0.878125 0.85625 11278
0.878125 0.85625 11278
0.878125 0.85625 11278
0.878125 0.85625 11280
0.878125 0.85625 11280
0.878125 0.85625 11310
0.878125 0.85625 11316
0.878125 0.85625 11316
0.878125 0.85625 11316
0.878125 0.85625 11316
0.878125 0.85625 11328
0.878125 0.85625 11328
0.878125 0.85625 11328
0.878125 0.85625 11328
0.878125 0.85625 11328
0.878125 0.85625 11328
0.878125 0.85625 11330
0.878125 0.85625 11330
0.878125 0.85625 11336
0.878125 0.85625 11348
0.878125 0.85625 11350
0.878125 0.85625 11350
0.878125 0.85625 11350
0.878125 0.85625 11356
0.878125 0.85625 11356
0.878125 0.85625 11356
0.878125 0.85625 11356
0.878125 0.85625 11356
0.878125 0.85625 11368
0.878125 0.85625 11368
0.878125 0.85625 11368
0.878125 0.85625 11370
0.878125 0.85625 11370
0.878125 0.85625 11382
0.878125 0.85625 11382
0.878125 0.85625 11384
0.878125 0.85625 11384
0.878125 0.85625 11390
0.878125 0.85625 11396
0.878125 0.85625 11396
0.878125 0.85625 11396
0.878125 0.85625 11396
0.878125 0.85625 11396
0.878125 0.85625 11396
0.878125 0.85625 11396
0.878125 0.85625 11396
0.878125 0.85625 11396
0.878125 0.85625 11396
0.878125 0.85625 11396
0.878125 0.85625 11396
0.878125 0.85625 11396
0.878125 0.85625 11396
0.878125 0.85625 11396
0.878125 0.85625 11452
0.878125 0.85625 11452
0.878125 0.85625 11458
0.878125 0.85625 11458
0.878125 0.85625 11458
0.878125 0.85625 11460
0.878125 0.85625 11460
0.878125 0.85625 11462
0.878125 0.85625 11462
0.878125 0.85625 11464
0.878125 0.85625 11476
0.878125 0.85625 11476
0.878125 0.85625 11476
0.878125 0.85625 11476
0.878125 0.85625 11476
0.878125 0.85625 11476
0.878125 0.85625 11476
0.878125 0.85625 11488
0.878125 0.85625 11494
0.878125 0.85625 11494
0.878125 0.85625 11500
0.878125 0.85625 11500
0.878125 0.85625 11500
0.878125 0.85625 11512
0.878125 0.85625 11514
0.878125 0.85625 11514
0.88125 0.85625 11516
0.88125 0.85625 11516
0.88125 0.85 11518
0.88125 0.85 11524
0.88125 0.85 11524
0.88125 0.85 11524
0.88125 0.85 11524
0.88125 0.85 11526
0.88125 0.85 11526
0.88125 0.85 11526
0.88125 0.85 11526
0.88125 0.85 11616
0.88125 0.85 11618
0.88125 0.85 11618
0.88125 0.85 11618
0.88125 0.85 11618
0.88125 0.85 11618
0.88125 0.85 11618
0.88125 0.85625 11630
0.88125 0.85625 11630
0.88125 0.85 11630
0.88125 0.85 11632
0.88125 0.85 11632
0.88125 0.85 11634
0.88125 0.85 11634
0.88125 0.85 11636
0.884375 0.85 11708
0.884375 0.85 11728
0.884375 0.85 11728
0.884375 0.85 11728
0.884375 0.85 11728
0.884375 0.85625 11730
0.884375 0.85625 11730
0.884375 0.85625 11730
0.884375 0.85625 11730
0.884375 0.85625 11742
0.884375 0.85625 11742
0.884375 0.85625 11742
0.884375 0.85625 11742
0.884375 0.85625 11742
0.884375 0.85625 11742
0.884375 0.85625 11744
0.884375 0.85625 11744
0.884375 0.85625 11744
0.884375 0.85625 11744
0.884375 0.85625 11744
0.884375 0.85625 11744
0.884375 0.85625 11744
0.884375 0.85625 11744
0.884375 0.85625 11744
0.884375 0.85625 11744
0.884375 0.85 11744
0.884375 0.85 11764
0.884375 0.85 11764
0.884375 0.85 11764
0.884375 0.85 11770
0.884375 0.85 11772
0.884375 0.85 11772
0.884375 0.85 11772
0.884375 0.85 11772
0.884375 0.85 11772
0.884375 0.85 11772
0.884375 0.85 11778
0.884375 0.85 11778
0.884375 0.85 11778
0.884375 0.85 11784
0.884375 0.85 11784
0.884375 0.85 11784
0.884375 0.85 11784
0.884375 0.85 11790
0.884375 0.85 11790
0.884375 0.85 11802
0.884375 0.85625 11832
0.884375 0.85625 11832
0.884375 0.85625 11832
0.884375 0.85625 11888
0.884375 0.85625 11888
0.884375 0.85625 11888
0.884375 0.85625 11888
0.884375 0.85625 11888
0.884375 0.85625 11888
0.884375 0.85625 11888
0.884375 0.85625 11888
0.884375 0.85625 11888
0.884375 0.85625 11888
0.884375 0.85625 11888
0.884375 0.85625 11900
0.884375 0.85625 11902
0.884375 0.85625 11902
0.884375 0.85625 11902
0.884375 0.85625 11902
0.884375 0.85625 11902
0.884375 0.85625 11902
0.884375 0.85625 11902
0.884375 0.85625 11902
0.884375 0.85625 11902
0.884375 0.85625 11904
0.884375 0.85625 11904
0.884375 0.85625 11910
0.884375 0.85625 11910
0.884375 0.85625 11912
0.884375 0.85625 11912
0.884375 0.85625 11912
0.884375 0.85625 11932
0.884375 0.85625 11934
0.884375 0.85625 11936
0.884375 0.85625 11936
0.88125 0.8625 11956
0.88125 0.8625 11962
0.88125 0.8625 11968
0.88125 0.8625 11970
0.88125 0.8625 11970
0.88125 0.8625 11972
0.88125 0.8625 11972
0.88125 0.8625 11972
0.88125 0.8625 11972
0.88125 0.8625 11972
0.88125 0.8625 11972
0.88125 0.8625 11972
0.88125 0.8625 11974
0.88125 0.8625 11986
0.88125 0.8625 11986
0.88125 0.8625 11986
0.88125 0.8625 11986
0.88125 0.8625 11986
0.88125 0.8625 11992
0.88125 0.8625 11992
0.88125 0.8625 11994
0.88125 0.8625 11994
0.88125 0.8625 11994
0.88125 0.8625 11994
0.88125 0.8625 11994
0.88125 0.8625 11994
0.88125 0.8625 11994
0.88125 0.8625 11996
0.88125 0.8625 11996
0.88125 0.8625 11996
0.88125 0.8625 11996
0.88125 0.8625 11996
0.88125 0.8625 12008
0.88125 0.8625 12014
0.88125 0.8625 12014
0.88125 0.8625 12014
0.88125 0.8625 12016
0.88125 0.8625 12016
0.88125 0.8625 12016
0.88125 0.8625 12036
0.88125 0.8625 12036
0.88125 0.8625 12036
0.88125 0.8625 12036
0.88125 0.8625 12036
0.88125 0.8625 12056
0.88125 0.8625 12058
0.88125 0.8625 12058
0.88125 0.8625 12058
0.88125 0.8625 12058
0.88125 0.8625 12058
0.88125 0.8625 12058
0.88125 0.8625 12058
0.88125 0.8625 12058
0.88125 0.8625 12058
0.88125 0.8625 12058
0.88125 0.8625 12058
0.88125 0.8625 12070
0.88125 0.85625 12070
0.88125 0.85625 12070
0.88125 0.85625 12070
0.88125 0.85625 12070
0.88125 0.85625 12070
0.88125 0.85625 12070
0.88125 0.85625 12072
0.88125 0.85625 12072
0.88125 0.85625 12072
0.88125 0.85625 12074
0.88125 0.85625 12074
0.88125 0.85625 12074
0.88125 0.85625 12074
0.88125 0.85625 12074
0.88125 0.85625 12074
0.88125 0.85625 12074
0.88125 0.85625 12074
0.88125 0.85625 12074
0.88125 0.85625 12074
0.88125 0.85625 12074
0.88125 0.85625 12074
0.88125 0.85625 12074
0.88125 0.85625 12076
0.88125 0.85625 12076
0.88125 0.85625 12076
0.88125 0.85625 12076
0.88125 0.85625 12076
0.88125 0.85625 12076
0.88125 0.85625 12076
0.88125 0.85625 12076
0.88125 0.85625 12076
0.88125 0.85625 12078
0.88125 0.85625 12078
0.88125 0.85625 12080
0.88125 0.85625 12080
0.88125 0.85625 12080
0.88125 0.85625 12082
0.878125 0.859375 12138
0.878125 0.85625 12138
0.878125 0.85625 12138
0.878125 0.85625 12138
0.878125 0.85625 12138
0.878125 0.85625 12140
0.878125 0.85625 12140
0.878125 0.85625 12146
0.878125 0.85625 12152
0.878125 0.85625 12172
0.878125 0.85625 12184
0.878125 0.85625 12190
0.878125 0.85625 12190
0.878125 0.85625 12190
0.878125 0.85625 12192
0.878125 0.85625 12192
0.878125 0.85625 12194
0.878125 0.85625 12194
0.878125 0.85625 12196
0.878125 0.85625 12196
0.878125 0.85625 12198
0.878125 0.85625 12198
0.878125 0.85625 12198
0.878125 0.85625 12198
0.878125 0.85625 12198
0.878125 0.85625 12198
0.878125 0.85625 12200
0.878125 0.85625 12200
0.878125 0.85625 12200
0.878125 0.85625 12200
0.878125 0.85625 12200
0.878125 0.85625 12200
0.88125 0.85625 12272
0.88125 0.85625 12272
0.884375 0.85625 12382
0.884375 0.85625 12384
0.884375 0.85625 12384
0.884375 0.85625 12396
0.884375 0.85625 12396
0.884375 0.85625 12396
0.884375 0.85625 12396
0.884375 0.85625 12396
0.884375 0.85625 12396
0.884375 0.85625 12402
0.884375 0.85625 12402
0.884375 0.85625 12402
0.884375 0.85625 12402
0.884375 0.85625 12402
0.884375 0.85625 12402
0.884375 0.85625 12402
0.884375 0.85625 12404
0.884375 0.85625 12404
0.884375 0.85625 12404
0.884375 0.85625 12416
0.884375 0.85625 12416
0.884375 0.85625 12428
0.884375 0.85625 12428
0.884375 0.85625 12428
0.884375 0.85625 12470
0.884375 0.85625 12470
0.884375 0.85625 12470
0.884375 0.85625 12470
0.884375 0.85625 12472
0.884375 0.85625 12474
0.884375 0.85625 12474
0.884375 0.85625 12474
0.884375 0.85625 12474
0.884375 0.85625 12474
0.884375 0.85625 12476
0.884375 0.85625 12476
0.884375 0.85625 12476
0.884375 0.85625 12476
0.884375 0.85625 12476
0.884375 0.85625 12476
0.884375 0.85625 12476
0.884375 0.85625 12476
0.884375 0.85625 12476
0.884375 0.85625 12476
0.884375 0.85625 12476
0.884375 0.85625 12476
0.884375 0.85625 12488
0.884375 0.85625 12518
0.884375 0.85625 12518
0.884375 0.85625 12518
0.884375 0.85625 12518
0.884375 0.85625 12530
0.884375 0.85625 12532
0.884375 0.85625 12532
0.884375 0.85625 12532
0.884375 0.85625 12532
0.884375 0.85625 12532
0.884375 0.85625 12532
0.884375 0.85625 12532
0.884375 0.85625 12544
0.884375 0.85625 12544
0.884375 0.85625 12544
0.884375 0.85625 12544
0.884375 0.85625 12616
0.884375 0.85625 12628
0.884375 0.85625 12630
0.884375 0.85625 12632
0.884375 0.85625 12632
0.884375 0.85625 12638
0.884375 0.85625 12638
0.884375 0.85625 12638
0.884375 0.85625 12658
0.884375 0.85625 12658
0.884375 0.85625 12664
0.884375 0.85625 12664
0.884375 0.85625 12664
0.884375 0.85625 12684
0.884375 0.85625 12684
0.884375 0.85625 12684
0.884375 0.85625 12684
0.884375 0.85625 12684
0.884375 0.85625 12684
0.884375 0.85625 12684
0.884375 0.85625 12684
0.884375 0.85625 12684
0.884375 0.85625 12684
0.884375 0.85625 12684
0.884375 0.85625 12684
0.884375 0.85625 12684
0.884375 0.85625 12686
0.884375 0.85625 12686
0.884375 0.85625 12692
0.884375 0.85625 12692
0.884375 0.85625 12692
0.884375 0.85625 12692
0.884375 0.85625 12692
0.884375 0.85625 12692
0.884375 0.85625 12694
0.884375 0.85625 12694
0.884375 0.85625 12694
0.884375 0.85625 12694
0.884375 0.85625 12694
0.884375 0.85625 12696
0.884375 0.85625 12696
0.884375 0.85625 12698
0.884375 0.85625 12698
0.884375 0.85625 12698
0.884375 0.85625 12698
0.884375 0.85625 12700
0.884375 0.85625 12700
0.884375 0.85625 12702
0.884375 0.85625 12702
0.884375 0.85625 12702
0.884375 0.85625 12702
0.884375 0.85625 12702
0.884375 0.85625 12702
0.884375 0.85625 12702
0.884375 0.85625 12702
0.884375 0.85625 12702
0.884375 0.85625 12702
0.884375 0.85625 12702
0.884375 0.85625 12714
0.884375 0.85625 12714
0.884375 0.85625 12716
0.884375 0.85625 12716
0.884375 0.85625 12716
0.884375 0.85625 12718
0.884375 0.85625 12718
0.884375 0.85625 12718
0.884375 0.85625 12720
0.884375 0.85625 12722
0.884375 0.85625 12722
0.884375 0.85625 12722
0.884375 0.85625 12722
0.884375 0.85625 12722
0.884375 0.85625 12722
0.884375 0.85625 12722
0.884375 0.85625 12722
0.884375 0.85625 12724
0.884375 0.85625 12724
0.884375 0.85625 12724
0.884375 0.85625 12730
0.884375 0.85625 12730
0.884375 0.85625 12732
0.884375 0.85625 12732
0.884375 0.85625 12738
0.884375 0.85625 12738
0.884375 0.85625 12738
0.884375 0.85625 12750
0.884375 0.85625 12750
0.88125 0.85 12906
0.88125 0.85 12906
0.88125 0.85 12906
0.878125 0.85 12926
0.878125 0.85 12926
0.878125 0.85 12928
0.878125 0.85 12928
0.878125 0.85 12928
0.878125 0.85 12928
0.878125 0.85 12930
0.878125 0.85 12930
0.878125 0.85 12942
0.878125 0.85 12942
0.878125 0.85 12942
0.878125 0.85 12942
0.878125 0.85 12942
0.878125 0.85 12944
0.878125 0.85 12946
0.878125 0.85 12946
0.878125 0.85 12946
0.878125 0.85 12946
0.878125 0.85 12946
0.878125 0.85 12952
0.878125 0.85 12952
0.878125 0.85 12952
0.878125 0.85 12952
0.878125 0.85 12952
0.878125 0.85 12952
0.878125 0.85 12952
0.878125 0.85 12954
0.878125 0.85 12956
0.878125 0.85 12956
0.878125 0.85 12956
0.878125 0.85 12956
0.878125 0.85 12956
0.878125 0.85 12956
0.878125 0.85 12968
0.878125 0.85 12974
0.878125 0.85 12974
0.878125 0.85 12976
0.878125 0.85 12988
0.878125 0.85 12988
0.878125 0.85 12990
0.878125 0.85 12992
0.878125 0.85 12992
0.878125 0.85 12992
0.878125 0.85 12992
0.878125 0.85 12992
0.878125 0.85 12994
0.878125 0.85 12994
0.878125 0.85 12994
0.878125 0.85 13006
0.878125 0.85 13006
0.878125 0.85 13006
0.878125 0.85 13006
0.878125 0.85 13006
0.878125 0.85 13006
0.878125 0.85 13006
0.878125 0.85 13018
0.878125 0.85 13018
0.878125 0.85 13018
0.878125 0.85 13024
0.878125 0.85 13030
0.878125 0.85 13030
0.878125 0.85 13030
0.878125 0.85 13030
0.878125 0.85 13030
0.878125 0.85 13030
0.875 0.85 13102
0.875 0.85 13102
0.875 0.85 13104
0.875 0.85 13104
0.875 0.85 13104
0.875 0.85 13104
0.875 0.85 13104
0.875 0.85 13110
0.875 0.85 13110
0.875 0.85 13110
0.875 0.85 13110
0.875 0.85 13110
0.875 0.85 13110
0.875 0.85 13110
0.875 0.85 13112
0.875 0.85 13114
0.875 0.85 13114
0.875 0.85 13114
0.875 0.85 13114
0.875 0.85 13116
0.875 0.85 13116
0.875 0.85 13116
0.875 0.85 13118
0.875 0.85 13118
0.875 0.85 13118
0.875 0.85 13138
0.875 0.85 13138
0.875 0.85 13138
0.875 0.85 13140
0.875 0.85 13140
0.875 0.85 13140
0.875 0.85 13152
0.875 0.85 13152
0.875 0.85 13154
0.875 0.85 13154
0.875 0.85 13154
0.875 0.85 13154
0.875 0.85 13154
0.875 0.85 13154
0.875 0.85 13154
0.875 0.85 13196
0.875 0.85 13198
0.875 0.85 13198
0.875 0.85 13198
0.875 0.85 13198
0.875 0.85 13200
0.875 0.85 13200
0.875 0.85 13200
0.875 0.85 13200
0.875 0.85 13200
0.875 0.85 13200
0.875 0.85 13200
0.875 0.85 13200
0.875 0.85 13202
0.875 0.85 13202
0.875 0.85 13202
0.875 0.85 13202
0.875 0.85 13202
0.875 0.85 13202
0.875 0.85 13202
0.875 0.85 13202
0.875 0.85 13208
0.875 0.85 13210
0.875 0.85 13210
0.875 0.85 13210
0.875 0.85 13210
0.875 0.85 13210
0.875 0.85 13210
0.875 0.85 13210
0.875 0.85 13212
0.875 0.85 13254
0.875 0.85 13254
0.875 0.85 13266
0.875 0.85 13266
0.875 0.85 13266
0.875 0.85 13266
0.875 0.85 13272
0.875 0.85 13272
0.875 0.85 13302
0.875 0.85 13302
0.875 0.85 13302
0.875 0.85 13302
0.875 0.85 13302
0.875 0.85 13302
0.875 0.85 13302
0.875 0.85 13302
0.875 0.85 13302
0.875 0.85 13302
0.875 0.85 13302
0.875 0.85 13302
0.875 0.85 13302
0.875 0.85 13304
0.875 0.85 13304
0.875 0.85 13304
0.875 0.85 13304
0.875 0.85 13306
0.875 0.85 13318
0.875 0.85 13320
0.875 0.85 13392
