0.85625 0.828125 596
0.85625 0.828125 596
0.85625 0.828125 596
0.85625 0.825 596
0.85625 0.825 596
0.85625 0.828125 596
0.85625 0.828125 596
0.85625 0.83125 596
0.85625 0.83125 598
0.853125 0.821875 610
0.853125 0.8125 612
0.853125 0.8125 618
0.853125 0.815625 620
0.853125 0.821875 622
0.853125 0.8125 624
0.853125 0.8125 624
0.853125 0.8125 626
0.853125 0.815625 626
0.853125 0.815625 626
0.853125 0.81875 626
0.853125 0.81875 626
0.853125 0.81875 626
0.853125 0.81875 626
0.853125 0.81875 626
0.853125 0.81875 626
0.853125 0.81875 626
0.853125 0.81875 626
0.853125 0.81875 626
0.853125 0.81875 626
0.853125 0.81875 626
0.853125 0.81875 626
0.853125 0.81875 626
0.853125 0.81875 626
0.853125 0.81875 626
0.853125 0.825 628
0.853125 0.825 628
0.853125 0.825 628
0.853125 0.8375 630
0.846875 0.83125 650
0.846875 0.83125 650
0.846875 0.83125 650
0.846875 0.83125 650
0.846875 0.83125 650
0.846875 0.83125 650
0.846875 0.83125 650
0.846875 0.83125 650
0.846875 0.83125 650
0.846875 0.834375 650
0.846875 0.834375 650
0.846875 0.834375 650
0.846875 0.834375 650
0.846875 0.83125 650
0.846875 0.83125 652
0.846875 0.83125 652
0.846875 0.83125 652
0.846875 0.83125 652
0.846875 0.83125 652
0.846875 0.828125 652
0.84375 0.828125 654
0.84375 0.83125 654
0.84375 0.83125 654
0.89375 0.884375 666
0.89375 0.884375 668
0.89375 0.884375 668
0.89375 0.884375 668
0.89375 0.884375 668
0.89375 0.88125 668
0.89375 0.88125 668
0.89375 0.88125 668
0.890625 0.88125 688
0.890625 0.88125 688
0.890625 0.875 688
0.890625 0.875 688
0.890625 0.871875 690
0.890625 0.865625 690
0.890625 0.865625 690
0.890625 0.865625 690
0.8875 0.85625 720
0.8875 0.8625 720
0.8875 0.865625 732
0.8875 0.8625 732
0.8875 0.859375 732
0.8875 0.859375 732
0.8875 0.859375 732
0.8875 0.859375 732
0.8875 0.859375 732
0.8875 0.8625 732
0.8875 0.8625 732
0.8875 0.8625 732
0.8875 0.86875 734
0.8875 0.86875 734
0.8875 0.86875 736
0.8875 0.884375 792
0.8875 0.884375 792
0.8875 0.884375 792
0.8875 0.884375 792
0.8875 0.8875 792
0.8875 0.8875 792
0.8875 0.8875 792
0.8875 0.8875 792
0.8875 0.884375 792
0.8875 0.878125 792
0.8875 0.878125 794
0.8875 0.878125 794
0.8875 0.88125 796
0.8875 0.88125 796
0.8875 0.88125 798
0.8875 0.88125 798
0.8875 0.884375 798
0.8875 0.884375 798
0.8875 0.884375 798
0.8875 0.884375 798
0.8875 0.884375 800
0.8875 0.8875 800
0.8875 0.890625 800
0.8875 0.89375 800
0.8875 0.89375 800
0.8875 0.89375 800
0.8875 0.890625 800
0.8875 0.890625 800
0.8875 0.884375 802
0.8875 0.878125 802
0.8875 0.875 802
0.8875 0.875 804
0.8875 0.875 806
0.8875 0.875 806
0.8875 0.875 806
0.8875 0.875 806
0.8875 0.875 806
0.8875 0.875 806
0.8875 0.875 806
0.8875 0.875 806
0.8875 0.871875 806
0.8875 0.86875 806
0.8875 0.86875 806
0.8875 0.86875 806
0.8875 0.86875 806
0.8875 0.86875 806
0.8875 0.86875 806
0.8875 0.86875 806
0.8875 0.865625 808
0.8875 0.865625 810
0.8875 0.865625 810
0.8875 0.865625 810
0.8875 0.865625 810
0.8875 0.865625 810
0.8875 0.865625 810
0.8875 0.865625 816
0.8875 0.865625 818
0.890625 0.865625 848
0.890625 0.865625 848
0.890625 0.865625 848
0.890625 0.865625 848
0.890625 0.865625 848
0.890625 0.865625 850
0.890625 0.865625 850
0.890625 0.865625 850
0.890625 0.865625 850
0.890625 0.865625 850
0.890625 0.865625 850
0.890625 0.865625 850
0.890625 0.865625 850
0.890625 0.865625 856
0.890625 0.871875 856
0.890625 0.871875 856
0.890625 0.86875 856
0.890625 0.86875 856
0.890625 0.86875 858
0.890625 0.86875 858
0.890625 0.86875 858
0.890625 0.86875 858
0.890625 0.86875 858
0.890625 0.865625 860
0.89375 0.871875 866
0.89375 0.871875 868
0.89375 0.871875 868
0.89375 0.871875 868
0.89375 0.871875 868
0.89375 0.871875 868
0.89375 0.871875 868
0.89375 0.871875 868
0.89375 0.871875 868
0.89375 0.871875 874
0.89375 0.871875 876
0.89375 0.871875 876
0.89375 0.871875 882
0.89375 0.871875 882
0.890625 0.88125 1014
0.890625 0.88125 1014
0.890625 0.88125 1014
0.890625 0.88125 1014
0.890625 0.88125 1014
0.890625 0.88125 1014
0.890625 0.88125 1014
0.890625 0.88125 1020
0.890625 0.88125 1020
0.890625 0.88125 1020
0.890625 0.88125 1020
0.890625 0.88125 1020
0.890625 0.88125 1020
0.890625 0.88125 1020
0.890625 0.88125 1020
0.890625 0.88125 1020
0.890625 0.88125 1022
0.890625 0.88125 1024
0.8875 0.875 1044
0.896875 0.8875 1176
0.896875 0.8875 1176
0.896875 0.8875 1266
0.89375 0.88125 1272
0.89375 0.88125 1272
0.89375 0.88125 1272
0.89375 0.88125 1272
0.89375 0.88125 1272
0.89375 0.88125 1272
0.89375 0.88125 1272
0.89375 0.88125 1272
0.89375 0.88125 1272
0.89375 0.878125 1284
0.89375 0.878125 1284
0.89375 0.878125 1284
0.89375 0.878125 1290
0.890625 0.871875 1302
0.890625 0.871875 1302
0.890625 0.871875 1302
0.890625 0.871875 1302
0.890625 0.871875 1302
0.890625 0.871875 1302
0.890625 0.871875 1308
0.890625 0.86875 1308
0.890625 0.86875 1308
0.890625 0.86875 1308
0.890625 0.86875 1308
0.890625 0.86875 1310
0.890625 0.86875 1330
0.890625 0.86875 1332
0.890625 0.859375 1374
0.890625 0.859375 1374
0.890625 0.859375 1374
0.890625 0.853125 1376
0.890625 0.853125 1376
0.890625 0.853125 1376
0.890625 0.853125 1376
0.890625 0.853125 1376
0.89375 0.846875 1382
0.89375 0.846875 1382
0.89375 0.846875 1382
0.89375 0.846875 1382
0.89375 0.846875 1382
0.89375 0.85 1382
0.89375 0.85 1382
0.89375 0.85 1384
0.89375 0.85 1384
0.89375 0.85 1384
0.89375 0.85 1384
0.89375 0.85 1390
0.89375 0.853125 1390
0.89375 0.853125 1390
0.89375 0.853125 1390
0.89375 0.853125 1390
0.89375 0.853125 1392
0.89375 0.853125 1392
0.89375 0.853125 1394
0.89375 0.85625 1396
0.89375 0.85625 1398
0.89375 0.85625 1404
0.89375 0.85625 1404
0.890625 0.853125 1424
0.890625 0.853125 1424
0.890625 0.853125 1426
0.8875 0.846875 1432
0.8875 0.846875 1432
0.8875 0.846875 1432
0.8875 0.846875 1432
0.8875 0.84375 1434
0.8875 0.840625 1434
0.8875 0.840625 1434
0.8875 0.828125 1434
0.8875 0.828125 1434
0.8875 0.828125 1434
0.8875 0.828125 1434
0.884375 0.828125 1436
0.884375 0.828125 1436
0.878125 0.83125 1456
0.878125 0.83125 1456
0.878125 0.821875 1462
0.878125 0.821875 1462
0.878125 0.821875 1462
0.878125 0.821875 1462
0.878125 0.825 1462
0.878125 0.825 1462
0.878125 0.825 1462
0.878125 0.825 1462
0.875 0.825 1468
0.875 0.828125 1468
0.875 0.83125 1474
0.875 0.83125 1476
0.875 0.834375 1478
0.875 0.834375 1480
0.875 0.834375 1480
0.875 0.834375 1480
0.871875 0.834375 1486
0.871875 0.834375 1486
0.871875 0.834375 1486
0.871875 0.834375 1486
0.871875 0.8375 1486
0.871875 0.840625 1486
0.871875 0.840625 1488
0.871875 0.834375 1488
0.871875 0.834375 1488
0.871875 0.834375 1488
0.871875 0.8375 1488
0.871875 0.8375 1488
0.871875 0.8375 1494
0.871875 0.8375 1494
0.871875 0.8375 1494
0.871875 0.846875 1494
0.871875 0.85 1494
0.871875 0.85 1500
0.875 0.85 1512
0.875 0.85 1512
0.875 0.85 1514
0.875 0.85 1514
0.875 0.85 1516
0.878125 0.85625 1588
0.878125 0.85625 1590
0.878125 0.85625 1590
0.878125 0.85625 1590
0.878125 0.85625 1590
0.878125 0.85625 1590
0.88125 0.853125 1620
0.88125 0.853125 1620
0.88125 0.853125 1620
0.88125 0.859375 1620
0.88125 0.859375 1620
0.88125 0.859375 1620
0.88125 0.853125 1620
0.88125 0.853125 1622
0.88125 0.853125 1622
0.88125 0.846875 1624
0.88125 0.846875 1624
0.88125 0.846875 1624
0.88125 0.846875 1624
0.88125 0.846875 1624
0.88125 0.853125 1666
0.88125 0.853125 1668
0.88125 0.853125 1668
0.878125 0.853125 1680
0.878125 0.853125 1680
0.878125 0.853125 1680
0.878125 0.853125 1680
0.878125 0.853125 1680
0.878125 0.853125 1680
0.875 0.853125 1710
0.875 0.853125 1710
0.875 0.853125 1710
0.875 0.853125 1710
0.875 0.853125 1710
0.875 0.853125 1710
0.875 0.853125 1710
0.875 0.853125 1710
0.875 0.853125 1710
0.875 0.853125 1710
0.878125 0.853125 1740
0.878125 0.853125 1742
0.878125 0.853125 1742
0.878125 0.853125 1748
0.875 0.853125 1754
0.875 0.853125 1754
0.875 0.853125 1754
0.875 0.853125 1754
0.875 0.853125 1754
0.875 0.853125 1754
0.875 0.853125 1754
0.875 0.853125 1754
0.875 0.853125 1754
0.875 0.853125 1754
0.875 0.853125 1754
0.875 0.853125 1754
0.875 0.853125 1754
0.875 0.853125 1756
0.875 0.853125 1756
0.875 0.853125 1756
0.875 0.853125 1756
0.875 0.853125 1756
0.875 0.853125 1756
0.875 0.853125 1756
0.875 0.853125 1776
0.884375 0.853125 1788
0.884375 0.853125 1788
0.884375 0.853125 1788
0.884375 0.853125 1788
0.884375 0.853125 1788
0.884375 0.853125 1788
0.884375 0.853125 1790
0.884375 0.846875 1796
0.884375 0.846875 1796
0.884375 0.846875 1808
0.884375 0.846875 1810
0.884375 0.846875 1810
0.884375 0.846875 1810
0.884375 0.846875 1810
0.884375 0.846875 1810
0.8875 0.853125 1816
0.8875 0.853125 1816
0.8875 0.853125 1816
0.8875 0.853125 1816
0.8875 0.853125 1816
0.8875 0.853125 1816
0.8875 0.853125 1816
0.8875 0.853125 1816
0.8875 0.853125 1816
0.8875 0.853125 1836
0.8875 0.853125 1836
0.8875 0.853125 1836
0.884375 0.846875 1856
0.884375 0.846875 1856
0.884375 0.846875 1856
0.884375 0.846875 1856
0.884375 0.846875 1856
0.884375 0.846875 1856
0.884375 0.846875 1856
0.884375 0.846875 1856
0.884375 0.846875 1856
0.884375 0.846875 1856
0.884375 0.846875 1856
0.884375 0.846875 1856
0.884375 0.846875 1856
0.884375 0.846875 1856
0.884375 0.846875 1856
0.884375 0.846875 1856
0.884375 0.846875 1856
0.884375 0.846875 1858
0.884375 0.846875 1858
0.884375 0.846875 1858
0.884375 0.846875 1864
0.884375 0.846875 1864
0.884375 0.846875 1864
0.884375 0.846875 1864
0.884375 0.846875 1864
0.884375 0.846875 1864
0.884375 0.846875 1864
0.884375 0.846875 1864
0.884375 0.846875 1864
0.884375 0.846875 1866
0.884375 0.846875 1872
0.884375 0.846875 1872
0.884375 0.846875 1872
0.884375 0.846875 1872
0.884375 0.846875 1874
0.884375 0.846875 1874
0.884375 0.846875 1874
0.884375 0.846875 1874
0.884375 0.846875 1874
0.884375 0.846875 1874
0.884375 0.846875 1874
0.884375 0.846875 1874
0.884375 0.846875 1874
0.884375 0.846875 1876
0.884375 0.846875 1876
0.884375 0.846875 1876
0.884375 0.846875 1876
0.884375 0.846875 1876
0.884375 0.846875 1876
0.884375 0.840625 1882
0.884375 0.840625 1882
0.884375 0.840625 1882
0.884375 0.840625 1882
0.884375 0.840625 1882
0.884375 0.840625 1882
0.884375 0.840625 1882
0.884375 0.840625 1882
0.884375 0.840625 1882
0.884375 0.840625 1882
0.884375 0.840625 1882
0.884375 0.840625 1882
0.884375 0.840625 1882
0.884375 0.840625 1882
0.884375 0.840625 1882
0.884375 0.840625 1882
0.90625 0.875 1888
0.90625 0.875 1890
0.90625 0.875 1890
0.90625 0.871875 1890
0.90625 0.871875 1890
0.90625 0.871875 1890
0.90625 0.871875 1892
0.90625 0.871875 1892
0.90625 0.871875 1892
0.90625 0.871875 1892
0.90625 0.871875 1892
0.90625 0.871875 1892
0.9125 0.88125 1948
0.9125 0.88125 1948
0.9125 0.88125 1950
0.9125 0.88125 1950
0.9125 0.88125 1950
0.9125 0.88125 1950
0.9125 0.88125 1950
0.9125 0.884375 1950
0.9125 0.884375 1952
0.9125 0.884375 1952
0.9125 0.884375 1952
0.9125 0.884375 1952
0.9125 0.884375 1952
0.9125 0.884375 1952
0.9125 0.884375 1958
0.9125 0.884375 1958
0.9125 0.884375 1958
0.9125 0.884375 1958
0.9125 0.884375 1958
0.9125 0.884375 1960
0.9125 0.884375 1960
0.9125 0.884375 1960
0.9125 0.884375 1962
0.9125 0.884375 1962
0.9125 0.884375 2004
0.9125 0.884375 2004
0.9125 0.884375 2004
0.9125 0.884375 2004
0.9125 0.884375 2004
0.909375 0.88125 2024
0.909375 0.88125 2026
0.909375 0.88125 2026
0.909375 0.88125 2026
0.909375 0.88125 2026
0.909375 0.88125 2026
0.909375 0.88125 2026
0.909375 0.88125 2028
0.909375 0.88125 2028
0.909375 0.88125 2030
0.90625 0.86875 2060
0.90625 0.86875 2060
0.90625 0.86875 2066
0.90625 0.86875 2078
0.90625 0.86875 2078
0.90625 0.86875 2078
0.90625 0.86875 2084
0.90625 0.86875 2084
0.90625 0.86875 2084
0.90625 0.86875 2084
0.90625 0.86875 2084
0.90625 0.86875 2084
0.90625 0.86875 2084
0.90625 0.86875 2084
0.90625 0.86875 2090
0.90625 0.86875 2096
0.90625 0.86875 2096
0.90625 0.86875 2096
0.90625 0.86875 2096
0.90625 0.86875 2098
0.90625 0.86875 2098
0.90625 0.86875 2118
0.90625 0.86875 2118
0.90625 0.86875 2118
0.90625 0.86875 2118
0.90625 0.86875 2120
0.90625 0.86875 2120
0.90625 0.86875 2122
0.90625 0.86875 2124
0.90625 0.86875 2130
0.90625 0.86875 2130
0.90625 0.86875 2130
0.90625 0.86875 2132
0.90625 0.86875 2132
0.90625 0.86875 2132
0.90625 0.86875 2132
0.90625 0.86875 2134
0.90625 0.86875 2134
0.90625 0.86875 2134
0.90625 0.86875 2140
0.90625 0.86875 2140
0.90625 0.86875 2142
0.90625 0.86875 2142
0.90625 0.86875 2142
0.90625 0.86875 2142
0.90625 0.86875 2148
0.90625 0.86875 2148
0.90625 0.86875 2148
0.90625 0.86875 2150
0.90625 0.86875 2152
0.90625 0.86875 2152
0.90625 0.86875 2164
0.90625 0.86875 2164
0.90625 0.86875 2164
0.90625 0.86875 2164
0.90625 0.871875 2164
0.90625 0.871875 2164
0.90625 0.871875 2164
0.90625 0.871875 2164
0.90625 0.871875 2164
0.903125 0.871875 2170
0.903125 0.871875 2170
0.903125 0.871875 2176
0.903125 0.871875 2176
0.903125 0.871875 2176
0.903125 0.871875 2176
0.903125 0.875 2188
0.903125 0.875 2188
0.903125 0.875 2188
0.903125 0.875 2188
0.903125 0.875 2188
0.903125 0.875 2188
0.903125 0.875 2188
0.903125 0.875 2188
0.903125 0.875 2188
0.903125 0.875 2188
0.903125 0.875 2190
0.903125 0.875 2190
0.903125 0.875 2190
0.903125 0.875 2190
0.903125 0.875 2190
0.903125 0.875 2192
0.903125 0.875 2192
0.903125 0.86875 2204
0.903125 0.86875 2204
0.903125 0.86875 2206
0.903125 0.86875 2206
0.903125 0.86875 2212
0.903125 0.86875 2212
0.903125 0.86875 2212
0.903125 0.8625 2284
0.903125 0.8625 2286
0.903125 0.8625 2286
0.9 0.8625 2292
0.9 0.8625 2292
0.9 0.8625 2292
0.9 0.8625 2292
0.9 0.8625 2292
0.9 0.8625 2292
0.9 0.8625 2292
0.9 0.8625 2292
0.9 0.8625 2294
0.9 0.8625 2294
0.9 0.8625 2294
0.9 0.8625 2294
0.9 0.8625 2294
0.9 0.8625 2294
0.9 0.8625 2294
0.9 0.8625 2294
0.9 0.8625 2294
0.9 0.8625 2294
0.9 0.8625 2300
0.9 0.8625 2300
0.9 0.8625 2300
0.9 0.8625 2306
0.9 0.8625 2306
0.9 0.8625 2318
0.9 0.8625 2324
0.9 0.8625 2324
0.9 0.8625 2324
0.9 0.8625 2324
0.9 0.86875 2344
0.9 0.86875 2346
0.9 0.86875 2346
0.9 0.86875 2348
0.903125 0.875 2404
0.903125 0.875 2406
0.903125 0.875 2406
0.903125 0.875 2406
0.903125 0.875 2406
0.903125 0.875 2406
0.903125 0.875 2406
0.903125 0.875 2406
0.903125 0.875 2406
0.903125 0.875 2406
0.903125 0.875 2406
0.903125 0.875 2408
0.903125 0.871875 2428
0.903125 0.871875 2428
0.903125 0.875 2434
0.903125 0.875 2434
0.903125 0.875 2434
0.903125 0.86875 2454
0.903125 0.86875 2454
0.903125 0.86875 2454
0.903125 0.86875 2456
0.903125 0.86875 2456
0.903125 0.86875 2456
0.903125 0.871875 2456
0.903125 0.871875 2458
0.903125 0.871875 2458
0.903125 0.871875 2458
0.903125 0.871875 2458
0.903125 0.871875 2458
0.903125 0.86875 2460
0.903125 0.865625 2460
0.903125 0.865625 2460
0.903125 0.865625 2462
0.903125 0.865625 2474
0.903125 0.865625 2474
0.9 0.865625 2486
0.9 0.86875 2488
0.9 0.865625 2488
0.9 0.865625 2488
0.9 0.8625 2488
0.9 0.8625 2488
0.9 0.8625 2488
0.9 0.859375 2488
0.9 0.859375 2488
0.9 0.859375 2488
0.9 0.859375 2488
0.9 0.85625 2488
0.9 0.85625 2488
0.9 0.865625 2490
0.9 0.859375 2490
0.9 0.865625 2490
0.9 0.865625 2490
0.9 0.865625 2490
0.9 0.865625 2490
0.9 0.865625 2490
0.9 0.865625 2490
0.9 0.865625 2490
0.9 0.8625 2490
0.9 0.8625 2490
0.9 0.8625 2490
0.9 0.8625 2490
0.9 0.8625 2490
0.9 0.8625 2490
0.9 0.8625 2490
0.9 0.8625 2490
0.9 0.8625 2490
0.9 0.8625 2490
0.9 0.8625 2490
0.9 0.8625 2490
0.9 0.8625 2520
0.9 0.8625 2520
0.9 0.8625 2520
0.9 0.8625 2520
0.9 0.85 2540
0.9 0.85 2540
0.9 0.85 2540
0.896875 0.85 2546
0.896875 0.85 2552
0.896875 0.85 2552
0.896875 0.85 2552
0.896875 0.85 2552
0.896875 0.85 2552
0.896875 0.85 2552
0.896875 0.85 2552
0.896875 0.85 2552
0.896875 0.85 2552
0.896875 0.85 2552
0.896875 0.85 2552
0.896875 0.85 2554
0.896875 0.85 2554
0.896875 0.85 2554
0.896875 0.85 2554
0.896875 0.85 2554
0.896875 0.85 2554
0.896875 0.85 2556
0.896875 0.85 2556
0.896875 0.85 2556
0.896875 0.85 2556
0.896875 0.85 2556
0.896875 0.85 2576
0.896875 0.85 2578
0.896875 0.85 2578
0.896875 0.85 2578
0.896875 0.85 2578
0.896875 0.846875 2578
0.896875 0.846875 2578
0.896875 0.846875 2578
0.896875 0.846875 2584
0.896875 0.846875 2584
0.89375 0.846875 2586
0.89375 0.846875 2586
0.89375 0.846875 2592
0.89375 0.846875 2592
0.89375 0.846875 2592
0.89375 0.846875 2592
0.89375 0.85 2594
0.89375 0.85 2596
0.89375 0.85 2596
0.89375 0.85 2596
0.89375 0.85 2596
0.89375 0.85 2596
0.89375 0.84375 2596
0.89375 0.84375 2596
0.89375 0.84375 2596
0.89375 0.84375 2596
0.89375 0.84375 2598
0.89375 0.84375 2600
0.89375 0.84375 2600
0.89375 0.84375 2600
0.89375 0.84375 2612
0.89375 0.84375 2612
0.89375 0.84375 2612
0.89375 0.84375 2612
0.89375 0.84375 2612
0.89375 0.84375 2612
0.89375 0.84375 2612
0.89375 0.84375 2612
0.89375 0.84375 2612
0.89375 0.840625 2612
0.89375 0.8375 2612
0.89375 0.8375 2618
0.89375 0.8375 2618
0.890625 0.8375 2630
0.890625 0.8375 2630
0.890625 0.8375 2630
0.890625 0.8375 2630
0.890625 0.8375 2630
0.909375 0.859375 2660
0.909375 0.859375 2660
0.909375 0.8625 2672
0.909375 0.8625 2672
0.909375 0.8625 2672
0.909375 0.8625 2672
0.909375 0.865625 2672
0.909375 0.865625 2672
0.909375 0.865625 2672
0.909375 0.865625 2674
0.909375 0.86875 2676
0.909375 0.86875 2676
0.909375 0.86875 2676
0.909375 0.865625 2676
0.909375 0.865625 2676
0.909375 0.865625 2676
0.909375 0.865625 2676
0.909375 0.865625 2676
0.909375 0.865625 2676
0.909375 0.8625 2676
0.909375 0.8625 2676
0.909375 0.8625 2676
0.909375 0.8625 2676
0.909375 0.86875 2682
0.909375 0.86875 2682
0.909375 0.86875 2682
0.909375 0.86875 2682
0.909375 0.86875 2682
0.909375 0.86875 2684
0.909375 0.86875 2684
0.9125 0.86875 2686
0.9125 0.86875 2688
0.9125 0.86875 2690
0.9125 0.86875 2692
0.9125 0.86875 2694
0.9125 0.86875 2696
0.9125 0.871875 2702
0.909375 0.865625 2722
0.909375 0.865625 2722
0.909375 0.86875 2722
0.909375 0.86875 2722
0.909375 0.86875 2722
0.909375 0.875 2734
0.909375 0.875 2734
0.909375 0.875 2736
0.909375 0.875 2742
0.909375 0.875 2742
0.909375 0.875 2742
0.909375 0.875 2742
0.909375 0.875 2742
0.909375 0.875 2742
0.909375 0.875 2742
0.909375 0.875 2742
0.909375 0.875 2742
0.909375 0.86875 2754
0.909375 0.865625 2760
0.909375 0.865625 2760
0.909375 0.865625 2760
0.909375 0.865625 2760
0.909375 0.865625 2760
0.909375 0.865625 2760
0.909375 0.865625 2760
0.909375 0.865625 2760
0.909375 0.865625 2760
0.909375 0.865625 2760
0.909375 0.865625 2760
0.909375 0.8625 2772
0.909375 0.8625 2792
0.909375 0.8625 2792
0.909375 0.8625 2794
0.909375 0.8625 2800
0.909375 0.8625 2812
0.909375 0.8625 2812
0.90625 0.8625 2832
0.90625 0.8625 2852
0.90625 0.8625 2852
0.90625 0.8625 2852
0.90625 0.8625 2852
0.903125 0.8625 2872
0.903125 0.8625 2872
0.903125 0.8625 2874
0.903125 0.8625 2874
0.903125 0.8625 2874
0.903125 0.8625 2876
0.903125 0.8625 2876
0.903125 0.8625 2876
0.903125 0.8625 2876
0.903125 0.8625 2876
0.903125 0.8625 2876
0.903125 0.8625 2876
0.903125 0.8625 2876
0.903125 0.8625 2876
0.903125 0.8625 2876
0.903125 0.8625 2876
0.903125 0.8625 2876
0.903125 0.8625 2876
0.903125 0.8625 2876
0.903125 0.8625 2876
0.903125 0.8625 2876
0.903125 0.8625 2876
0.903125 0.8625 2882
0.903125 0.8625 2888
0.903125 0.865625 2900
0.903125 0.865625 2900
0.903125 0.865625 2900
0.903125 0.865625 2902
0.903125 0.8625 2908
0.903125 0.8625 2908
0.903125 0.8625 2964
0.903125 0.8625 2964
0.903125 0.8625 2964
0.903125 0.8625 2964
0.903125 0.8625 2964
0.903125 0.8625 2964
0.903125 0.8625 2964
0.903125 0.8625 2964
0.903125 0.8625 2964
0.903125 0.8625 2964
0.903125 0.8625 2964
0.903125 0.8625 2966
0.903125 0.8625 2966
0.903125 0.8625 2978
0.903125 0.8625 2978
0.903125 0.8625 2978
0.903125 0.8625 2978
0.903125 0.8625 2978
0.903125 0.8625 2978
0.903125 0.8625 2984
0.903125 0.8625 2984
0.903125 0.8625 2984
0.903125 0.8625 2984
0.903125 0.8625 2984
0.903125 0.8625 2984
0.903125 0.8625 2984
0.9 0.859375 3026
0.9 0.859375 3026
0.9 0.8625 3038
0.9 0.8625 3038
0.9 0.8625 3050
0.9 0.8625 3052
0.9 0.8625 3054
0.9 0.8625 3054
0.896875 0.8625 3164
0.896875 0.8625 3164
0.896875 0.8625 3164
0.896875 0.8625 3166
0.896875 0.8625 3166
0.896875 0.8625 3172
0.896875 0.8625 3172
0.896875 0.8625 3192
0.896875 0.8625 3192
0.896875 0.8625 3192
0.896875 0.8625 3192
0.896875 0.8625 3192
0.896875 0.8625 3192
0.896875 0.8625 3192
0.896875 0.8625 3204
0.896875 0.8625 3204
0.896875 0.8625 3204
0.896875 0.8625 3204
0.896875 0.865625 3204
0.896875 0.865625 3206
0.896875 0.865625 3208
0.896875 0.86875 3208
0.896875 0.86875 3208
0.896875 0.86875 3208
0.896875 0.86875 3208
0.896875 0.86875 3208
0.896875 0.86875 3208
0.896875 0.86875 3208
0.896875 0.86875 3208
0.896875 0.86875 3208
0.896875 0.86875 3208
0.896875 0.86875 3208
0.896875 0.86875 3208
0.896875 0.871875 3208
0.896875 0.871875 3208
0.896875 0.871875 3208
0.896875 0.865625 3220
0.896875 0.86875 3220
0.896875 0.86875 3220
0.896875 0.86875 3220
0.896875 0.86875 3220
0.896875 0.86875 3220
0.896875 0.86875 3220
0.896875 0.86875 3220
0.896875 0.86875 3220
0.896875 0.86875 3220
0.896875 0.86875 3220
0.896875 0.86875 3220
0.896875 0.871875 3220
0.896875 0.871875 3220
0.896875 0.871875 3220
0.896875 0.871875 3220
0.896875 0.871875 3220
0.896875 0.871875 3220
0.896875 0.871875 3222
0.896875 0.871875 3222
0.896875 0.871875 3228
0.896875 0.871875 3228
0.896875 0.871875 3228
0.896875 0.86875 3234
0.896875 0.86875 3234
0.896875 0.86875 3236
0.896875 0.86875 3236
0.896875 0.86875 3236
0.896875 0.86875 3242
0.896875 0.86875 3242
0.896875 0.86875 3242
0.896875 0.86875 3242
0.896875 0.86875 3242
0.896875 0.86875 3242
0.896875 0.871875 3242
0.896875 0.865625 3244
0.896875 0.865625 3244
0.896875 0.865625 3244
0.896875 0.865625 3246
0.896875 0.865625 3246
0.896875 0.865625 3246
0.896875 0.865625 3246
0.896875 0.865625 3246
0.896875 0.865625 3246
0.896875 0.865625 3246
0.896875 0.865625 3246
0.896875 0.865625 3246
0.896875 0.865625 3246
0.896875 0.865625 3248
0.9 0.86875 3260
0.896875 0.8625 3272
0.896875 0.8625 3272
0.896875 0.8625 3272
0.896875 0.8625 3272
0.896875 0.8625 3272
0.896875 0.8625 3272
0.896875 0.8625 3272
0.896875 0.8625 3328
0.896875 0.8625 3328
0.896875 0.8625 3328
0.896875 0.8625 3328
0.896875 0.8625 3328
0.896875 0.8625 3330
0.896875 0.8625 3332
0.896875 0.8625 3332
0.896875 0.8625 3332
0.896875 0.8625 3332
0.896875 0.8625 3332
0.896875 0.8625 3332
0.896875 0.8625 3332
0.896875 0.8625 3334
0.896875 0.8625 3336
0.896875 0.8625 3336
0.896875 0.8625 3336
0.896875 0.8625 3336
0.896875 0.8625 3336
0.896875 0.8625 3336
0.896875 0.8625 3336
0.896875 0.8625 3338
0.896875 0.8625 3338
0.896875 0.8625 3338
0.896875 0.8625 3338
0.896875 0.8625 3338
0.896875 0.859375 3338
0.896875 0.8625 3338
0.896875 0.85625 3350
0.896875 0.85625 3350
0.896875 0.85625 3350
0.896875 0.85625 3352
0.896875 0.85625 3352
0.896875 0.85625 3358
0.896875 0.85 3370
0.896875 0.85 3370
0.896875 0.85 3370
0.896875 0.85 3370
0.896875 0.85 3370
0.896875 0.85 3372
0.896875 0.85 3378
0.90625 0.85625 3450
0.90625 0.85625 3450
0.90625 0.85625 3450
0.90625 0.85625 3450
0.90625 0.85625 3450
0.90625 0.85625 3450
0.90625 0.859375 3450
0.90625 0.859375 3450
0.90625 0.859375 3450
0.90625 0.859375 3450
0.90625 0.859375 3452
0.903125 0.85625 3472
0.903125 0.85625 3472
0.903125 0.85625 3472
0.903125 0.85625 3472
0.903125 0.85625 3472
0.903125 0.85625 3478
0.903125 0.85625 3478
0.903125 0.85625 3478
0.903125 0.85625 3478
0.903125 0.85625 3478
0.903125 0.85625 3478
0.903125 0.85625 3478
0.903125 0.859375 3490
0.903125 0.859375 3490
0.903125 0.859375 3490
0.903125 0.859375 3490
0.903125 0.859375 3490
0.903125 0.859375 3490
0.903125 0.859375 3490
0.903125 0.85625 3492
0.903125 0.85625 3492
0.903125 0.85625 3492
0.903125 0.85625 3498
0.903125 0.859375 3504
0.903125 0.859375 3516
0.903125 0.859375 3528
0.903125 0.859375 3534
0.903125 0.859375 3534
0.903125 0.859375 3534
0.903125 0.859375 3534
0.903125 0.8625 3540
0.9 0.85625 3582
0.9 0.85625 3584
0.9 0.85625 3584
0.9 0.85625 3626
0.9 0.85625 3626
0.9 0.85625 3626
0.9 0.85625 3626
0.9 0.85625 3626
0.9 0.85625 3626
0.9 0.85625 3626
0.9 0.85625 3626
0.9 0.85625 3626
0.9 0.85625 3626
0.9 0.85625 3628
0.9 0.85625 3628
0.9 0.85625 3628
0.9 0.85625 3628
0.9 0.85625 3640
0.9 0.85625 3646
0.9 0.85625 3646
0.9 0.85625 3648
0.9 0.85625 3648
0.9 0.85625 3648
0.9 0.85625 3660
0.9 0.85625 3660
0.9 0.85625 3660
0.9 0.85625 3660
0.9 0.85625 3672
0.9 0.85625 3672
0.9 0.85625 3672
0.9 0.85625 3672
0.9 0.85625 3672
0.9 0.85625 3672
0.9 0.85625 3672
0.9 0.85625 3674
0.9 0.85625 3674
0.9 0.85625 3674
0.9 0.85625 3674
0.9 0.85625 3674
0.9 0.85625 3680
0.9 0.85625 3680
0.9 0.85625 3686
0.9 0.85625 3686
0.9 0.85625 3686
0.9 0.85625 3686
0.9 0.85625 3686
0.9 0.85625 3686
0.9 0.85625 3686
0.89375 0.85 3742
0.89375 0.85 3742
0.89375 0.85 3742
0.89375 0.85 3742
0.89375 0.85 3742
0.89375 0.85 3742
0.89375 0.85 3742
0.89375 0.84375 3784
0.89375 0.84375 3786
0.89375 0.84375 3786
0.89375 0.84375 3786
0.89375 0.84375 3786
0.89375 0.84375 3786
0.89375 0.84375 3786
0.89375 0.846875 3788
0.89375 0.846875 3788
0.89375 0.846875 3788
0.89375 0.846875 3790
0.89375 0.846875 3790
0.89375 0.846875 3790
0.89375 0.846875 3802
0.890625 0.846875 3814
0.890625 0.85 3814
0.890625 0.846875 3814
0.890625 0.85 3814
0.890625 0.85 3814
0.890625 0.85 3814
0.890625 0.85 3814
0.890625 0.846875 3826
0.890625 0.853125 3826
0.890625 0.853125 3826
0.890625 0.853125 3832
0.890625 0.85 3832
0.89375 0.84375 3844
0.89375 0.84375 3844
0.89375 0.84375 3844
0.89375 0.84375 3844
0.89375 0.84375 3844
0.89375 0.84375 3844
0.89375 0.84375 3844
0.89375 0.84375 3844
0.89375 0.84375 3844
0.89375 0.84375 3846
0.89375 0.84375 3846
0.89375 0.84375 3846
0.89375 0.84375 3848
0.89375 0.84375 3848
0.89375 0.84375 3848
0.89375 0.84375 3848
0.89375 0.84375 3848
0.89375 0.84375 3848
0.89375 0.84375 3850
0.89375 0.84375 3852
0.89375 0.84375 3852
0.89375 0.84375 3852
0.89375 0.84375 3852
0.89375 0.84375 3852
0.89375 0.84375 3864
0.89375 0.84375 3864
0.89375 0.84375 3876
0.89375 0.84375 3876
0.89375 0.84375 3882
0.89375 0.84375 3882
0.89375 0.84375 3882
0.89375 0.84375 3882
0.89375 0.84375 3882
0.89375 0.84375 3882
0.89375 0.84375 3882
0.89375 0.84375 3882
0.89375 0.84375 3882
0.89375 0.84375 3884
0.89375 0.84375 3884
0.89375 0.84375 3886
0.89375 0.84375 3886
0.89375 0.84375 3886
0.89375 0.84375 3886
0.89375 0.84375 3886
0.89375 0.84375 3886
0.89375 0.84375 3886
0.89375 0.84375 3886
0.89375 0.84375 3886
0.89375 0.84375 3886
0.89375 0.84375 3886
0.89375 0.84375 3886
0.89375 0.84375 3886
0.89375 0.84375 3886
0.89375 0.84375 3892
0.89375 0.84375 3892
0.89375 0.840625 3892
0.89375 0.840625 3904
0.89375 0.8375 3904
0.89375 0.840625 3904
0.89375 0.840625 3904
0.89375 0.840625 3904
0.89375 0.840625 3904
0.89375 0.840625 3904
0.89375 0.840625 3904
0.89375 0.840625 3904
0.89375 0.840625 3904
0.89375 0.840625 3904
0.89375 0.84375 3904
0.89375 0.84375 3904
0.89375 0.84375 3904
0.89375 0.84375 3916
0.89375 0.846875 3916
0.89375 0.846875 3922
0.89375 0.85 3922
0.89375 0.85 3922
0.89375 0.85 3922
0.890625 0.85 3942
0.890625 0.85 3942
0.890625 0.84375 3954
0.890625 0.84375 3954
0.890625 0.84375 3954
0.890625 0.84375 3956
0.890625 0.85 3958
0.890625 0.85 3958
0.890625 0.85 3970
0.890625 0.84375 3972
0.890625 0.84375 3972
0.890625 0.84375 3974
0.890625 0.84375 3974
0.890625 0.84375 3974
0.890625 0.84375 3974
0.890625 0.84375 3974
0.890625 0.84375 3976
0.890625 0.84375 3978
0.890625 0.84375 3978
0.890625 0.84375 3980
0.890625 0.84375 3980
0.890625 0.84375 3982
0.890625 0.84375 3982
0.890625 0.84375 3984
0.890625 0.84375 3984
0.890625 0.84375 3984
0.890625 0.84375 3986
0.890625 0.84375 3986
0.890625 0.84375 3988
0.890625 0.85 3990
0.890625 0.85 3990
0.890625 0.85 3990
0.890625 0.85 3990
0.890625 0.85 3996
0.890625 0.85 3998
0.890625 0.85 3998
0.890625 0.85 3998
0.890625 0.85 3998
0.890625 0.85 3998
0.890625 0.85 4000
0.8875 0.865625 4020
0.88125 0.7875 4526
0.88125 0.7875 4526
0.88125 0.7875 4532
0.88125 0.7875 4534
0.88125 0.7875 4534
0.88125 0.7875 4536
0.88125 0.78125 4556
0.88125 0.78125 4556
0.88125 0.78125 4562
0.88125 0.78125 4562
0.88125 0.78125 4564
0.88125 0.78125 4564
0.88125 0.78125 4564
0.88125 0.7875 4594
0.88125 0.7875 4594
0.88125 0.7875 4594
0.8875 0.79375 4606
0.8875 0.79375 4606
0.8875 0.79375 4606
0.8875 0.79375 4606
0.8875 0.79375 4608
0.8875 0.79375 4608
0.8875 0.79375 4620
0.8875 0.79375 4620
0.8875 0.79375 4620
0.8875 0.79375 4620
0.8875 0.79375 4632
0.8875 0.79375 4632
0.8875 0.79375 4632
0.8875 0.79375 4632
0.8875 0.79375 4632
0.8875 0.79375 4632
0.8875 0.790625 4632
0.8875 0.790625 4632
0.8875 0.790625 4634
0.890625 0.803125 4636
0.890625 0.803125 4636
0.890625 0.8 4642
0.890625 0.8 4642
0.890625 0.8 4642
0.890625 0.8 4642
0.890625 0.8 4648
0.890625 0.8 4648
0.890625 0.8 4648
0.890625 0.8 4648
0.890625 0.7875 4780
0.890625 0.7875 4780
0.890625 0.784375 4780
0.890625 0.784375 4780
0.890625 0.784375 4792
0.890625 0.784375 4792
0.890625 0.78125 4792
0.890625 0.78125 4792
0.890625 0.78125 4792
0.890625 0.78125 4792
0.890625 0.78125 4798
0.890625 0.78125 4804
0.890625 0.78125 4804
0.890625 0.78125 4804
0.890625 0.78125 4804
0.890625 0.78125 4804
0.890625 0.78125 4804
0.890625 0.78125 4804
0.890625 0.78125 4804
0.890625 0.78125 4804
0.890625 0.78125 4804
0.890625 0.784375 4810
0.890625 0.78125 4810
0.890625 0.7875 4812
0.890625 0.7875 4814
0.890625 0.7875 4814
0.890625 0.790625 4814
0.890625 0.7875 4816
0.890625 0.7875 4816
0.890625 0.7875 4818
0.890625 0.7875 4818
0.890625 0.7875 4818
0.890625 0.7875 4820
0.890625 0.7875 4820
0.890625 0.7875 4820
0.890625 0.7875 4820
0.890625 0.784375 4820
0.890625 0.784375 4820
0.890625 0.78125 4820
0.890625 0.78125 4820
0.890625 0.78125 4820
0.890625 0.78125 4822
0.890625 0.78125 4822
0.890625 0.778125 4822
0.890625 0.778125 4822
0.890625 0.778125 4852
0.890625 0.78125 4852
0.890625 0.778125 4852
0.890625 0.778125 4854
0.890625 0.778125 4854
0.890625 0.775 4854
0.890625 0.775 4854
0.890625 0.775 4854
0.890625 0.775 4874
0.890625 0.775 4874
0.890625 0.775 4874
0.890625 0.775 4874
0.890625 0.775 4894
0.890625 0.775 4894
0.890625 0.778125 4914
0.890625 0.778125 4920
0.890625 0.778125 4920
0.890625 0.784375 4920
0.890625 0.78125 4920
0.890625 0.78125 4922
0.890625 0.78125 4924
0.890625 0.7875 4936
0.890625 0.790625 4978
0.890625 0.7875 4978
0.890625 0.7875 4978
0.890625 0.7875 4978
0.890625 0.7875 4978
0.8875 0.7875 5020
0.8875 0.7875 5022
0.8875 0.7875 5034
0.8875 0.7875 5036
0.8875 0.7875 5036
0.8875 0.7875 5038
0.8875 0.7875 5038
0.8875 0.7875 5038
0.8875 0.784375 5058
0.8875 0.784375 5058
0.8875 0.784375 5058
0.8875 0.78125 5058
0.8875 0.78125 5058
0.8875 0.78125 5058
0.8875 0.78125 5060
0.8875 0.78125 5060
0.8875 0.78125 5060
0.8875 0.78125 5090
0.8875 0.7875 5090
0.8875 0.784375 5090
0.8875 0.7875 5092
0.8875 0.80625 5148
0.8875 0.80625 5148
0.8875 0.80625 5150
0.8875 0.80625 5150
0.8875 0.80625 5150
0.8875 0.803125 5150
0.8875 0.803125 5150
0.8875 0.8 5150
0.8875 0.8 5150
0.8875 0.8 5156
0.8875 0.8 5158
0.8875 0.8 5158
0.8875 0.8 5188
0.8875 0.8 5208
0.8875 0.8125 5228
0.8875 0.8125 5228
0.8875 0.8125 5228
0.8875 0.8125 5228
0.8875 0.8125 5228
0.8875 0.8125 5228
0.8875 0.8125 5228
0.8875 0.8125 5228
0.8875 0.8125 5230
0.8875 0.8125 5232
0.8875 0.8125 5232
0.890625 0.8125 5238
0.890625 0.8125 5238
0.890625 0.8125 5238
0.890625 0.8125 5238
0.89375 0.80625 5258
0.89375 0.80625 5270
0.89375 0.80625 5270
0.89375 0.80625 5270
0.89375 0.8125 5270
0.89375 0.8125 5276
0.890625 0.81875 5288
0.890625 0.81875 5290
0.890625 0.815625 5290
0.890625 0.8125 5290
0.890625 0.8125 5290
0.890625 0.8125 5290
0.890625 0.8125 5292
0.890625 0.8125 5292
0.890625 0.8125 5294
0.890625 0.8125 5294
0.890625 0.8125 5294
0.8875 0.8125 5306
0.8875 0.8125 5306
0.8875 0.8125 5306
0.8875 0.8125 5306
0.8875 0.8125 5306
0.8875 0.8125 5306
0.8875 0.8125 5306
0.8875 0.8125 5306
0.8875 0.8125 5306
0.8875 0.8125 5312
0.8875 0.8125 5312
0.8875 0.8125 5312
0.8875 0.8125 5312
0.8875 0.8125 5312
0.8875 0.8125 5312
0.890625 0.8125 5318
0.890625 0.8125 5318
0.890625 0.8125 5318
0.890625 0.8125 5318
0.890625 0.8125 5318
0.890625 0.8125 5318
0.8875 0.8125 5428
0.8875 0.8125 5428
0.8875 0.8125 5428
0.8875 0.8125 5430
0.8875 0.8125 5430
0.8875 0.8125 5430
0.8875 0.8125 5432
0.8875 0.8125 5432
0.8875 0.8125 5432
0.8875 0.8125 5432
0.8875 0.8125 5432
0.8875 0.8125 5432
0.8875 0.8125 5434
0.8875 0.8125 5434
0.8875 0.8125 5440
0.8875 0.8125 5440
0.8875 0.8125 5440
0.8875 0.8125 5440
0.8875 0.8125 5440
0.8875 0.80625 5442
0.8875 0.80625 5442
0.8875 0.80625 5442
0.8875 0.80625 5442
0.8875 0.8125 5442
0.8875 0.8125 5442
0.8875 0.8125 5442
0.8875 0.8125 5444
0.8875 0.8125 5444
0.8875 0.809375 5446
0.884375 0.809375 5458
0.884375 0.809375 5460
0.884375 0.80625 5460
0.884375 0.80625 5460
0.884375 0.80625 5462
0.88125 0.80625 5474
0.88125 0.80625 5476
0.88125 0.80625 5476
0.88125 0.80625 5476
0.88125 0.80625 5482
0.88125 0.80625 5482
0.88125 0.80625 5482
0.88125 0.80625 5482
0.88125 0.80625 5482
0.88125 0.80625 5482
0.88125 0.809375 5482
0.88125 0.809375 5512
0.88125 0.80625 5524
0.88125 0.80625 5524
0.88125 0.80625 5526
0.88125 0.80625 5526
0.88125 0.80625 5528
0.88125 0.80625 5528
0.878125 0.8 5584
0.878125 0.8 5584
0.878125 0.8 5584
0.878125 0.8 5586
0.878125 0.8 5586
0.878125 0.8 5586
0.878125 0.8 5586
0.878125 0.8 5586
0.878125 0.8 5586
0.878125 0.8 5586
0.878125 0.8 5586
0.878125 0.8 5586
0.878125 0.8 5588
0.878125 0.8 5588
0.875 0.8 5644
0.875 0.8 5646
0.875 0.8 5646
0.875 0.8 5646
0.875 0.8 5646
0.875 0.8 5646
0.875 0.8 5646
0.875 0.8 5648
0.875 0.8 5648
0.875 0.8 5648
0.875 0.8 5648
0.875 0.8 5758
0.875 0.8 5758
0.875 0.8 5758
0.875 0.8 5770
0.875 0.8 5772
0.875 0.8 5772
0.878125 0.80625 5784
0.878125 0.80625 5786
0.878125 0.80625 5828
0.878125 0.8 5848
0.878125 0.8 5848
0.878125 0.8 5848
0.878125 0.8 5848
0.878125 0.8 5848
0.878125 0.8 5850
0.878125 0.8 5850
0.878125 0.8 5850
0.878125 0.8 5856
0.878125 0.8 5856
0.878125 0.8 5856
0.878125 0.8 5856
0.878125 0.8 5856
0.878125 0.8 5856
0.88125 0.8125 5988
0.88125 0.8125 5988
0.88125 0.8125 6018
0.88125 0.8125 6018
0.88125 0.8125 6018
0.88125 0.8125 6018
0.88125 0.8125 6018
0.88125 0.8125 6018
0.88125 0.8125 6020
0.88125 0.8125 6020
0.88125 0.8125 6020
0.88125 0.8125 6032
0.88125 0.8125 6034
0.88125 0.8125 6036
0.88125 0.8125 6038
0.88125 0.8125 6038
0.88125 0.8125 6038
0.88125 0.8125 6038
0.88125 0.8125 6038
0.88125 0.8125 6038
0.88125 0.8125 6038
0.88125 0.8125 6038
0.884375 0.81875 6080
0.884375 0.81875 6080
0.884375 0.81875 6080
0.884375 0.81875 6080
0.884375 0.81875 6080
0.884375 0.81875 6080
0.884375 0.81875 6082
0.884375 0.8125 6094
0.884375 0.8125 6094
0.884375 0.8125 6094
0.884375 0.8125 6094
0.884375 0.8125 6094
0.884375 0.8125 6124
0.884375 0.8125 6124
0.884375 0.8125 6126
0.884375 0.8125 6128
0.884375 0.8125 6128
0.884375 0.8125 6130
0.884375 0.8125 6136
0.884375 0.8125 6136
0.884375 0.8125 6136
0.884375 0.8125 6136
0.884375 0.8125 6138
0.884375 0.8125 6138
0.8875 0.8125 6150
0.8875 0.8125 6150
0.8875 0.8125 6150
0.8875 0.8125 6170
0.8875 0.8125 6170
0.8875 0.8125 6170
0.8875 0.8125 6170
0.8875 0.8125 6170
0.8875 0.8125 6170
0.8875 0.8125 6176
0.8875 0.8125 6176
0.8875 0.8125 6176
0.8875 0.8125 6176
0.8875 0.8125 6176
0.8875 0.8125 6178
0.8875 0.8125 6178
0.8875 0.8125 6180
0.8875 0.8125 6180
0.8875 0.8125 6180
0.8875 0.8125 6180
0.8875 0.8125 6180
0.8875 0.8125 6180
0.8875 0.8125 6180
0.8875 0.8125 6180
0.8875 0.8125 6180
0.8875 0.8125 6180
0.8875 0.8125 6180
0.8875 0.8125 6180
0.8875 0.8125 6180
0.8875 0.8125 6180
0.8875 0.8125 6182
0.8875 0.8125 6182
0.8875 0.8125 6182
0.8875 0.8125 6182
0.8875 0.8125 6182
0.8875 0.8125 6188
0.8875 0.8125 6188
0.8875 0.8125 6188
0.8875 0.8125 6188
0.8875 0.8125 6188
0.8875 0.8125 6190
0.8875 0.8125 6190
0.8875 0.8125 6210
0.8875 0.8125 6210
0.8875 0.8125 6210
0.8875 0.81875 6240
0.8875 0.81875 6240
0.8875 0.81875 6240
0.8875 0.81875 6246
0.8875 0.81875 6248
0.8875 0.81875 6250
0.8875 0.81875 6252
0.8875 0.81875 6252
0.8875 0.81875 6252
0.8875 0.81875 6252
0.8875 0.81875 6252
0.8875 0.81875 6252
0.8875 0.81875 6252
0.8875 0.81875 6252
0.8875 0.81875 6252
0.8875 0.81875 6252
0.8875 0.81875 6252
0.8875 0.81875 6252
0.8875 0.81875 6252
0.8875 0.81875 6252
0.8875 0.81875 6258
0.8875 0.81875 6258
0.8875 0.81875 6258
0.8875 0.815625 6260
0.8875 0.815625 6260
0.8875 0.815625 6260
0.8875 0.815625 6260
0.8875 0.815625 6266
0.8875 0.815625 6266
0.8875 0.815625 6268
0.8875 0.815625 6268
0.8875 0.81875 6280
0.8875 0.81875 6280
0.8875 0.81875 6282
0.8875 0.83125 6312
0.8875 0.83125 6314
0.8875 0.83125 6314
0.8875 0.83125 6314
0.8875 0.83125 6314
0.8875 0.825 6386
0.8875 0.825 6386
0.8875 0.83125 6386
0.8875 0.83125 6386
0.8875 0.83125 6386
0.884375 0.83125 6392
0.884375 0.83125 6392
0.884375 0.83125 6392
0.884375 0.83125 6394
0.884375 0.83125 6394
0.884375 0.83125 6394
0.884375 0.83125 6406
0.884375 0.83125 6406
0.884375 0.83125 6406
0.884375 0.83125 6406
0.884375 0.83125 6406
0.884375 0.83125 6418
0.884375 0.83125 6420
0.884375 0.83125 6420
0.884375 0.83125 6420
0.884375 0.83125 6420
0.884375 0.83125 6420
0.884375 0.83125 6420
0.884375 0.83125 6420
0.884375 0.83125 6432
0.884375 0.83125 6432
0.884375 0.84375 6452
0.884375 0.84375 6452
0.884375 0.84375 6452
0.884375 0.84375 6454
0.884375 0.84375 6454
0.8875 0.84375 6460
0.8875 0.84375 6460
0.8875 0.84375 6460
0.8875 0.84375 6460
0.8875 0.84375 6462
0.8875 0.84375 6462
0.8875 0.84375 6468
0.8875 0.84375 6468
0.8875 0.84375 6468
0.8875 0.84375 6468
0.8875 0.84375 6468
0.8875 0.84375 6468
0.8875 0.84375 6468
0.8875 0.84375 6468
0.8875 0.84375 6480
0.8875 0.84375 6480
0.8875 0.84375 6480
0.8875 0.84375 6480
0.8875 0.84375 6480
0.8875 0.84375 6480
0.8875 0.84375 6480
0.8875 0.84375 6480
0.8875 0.84375 6482
0.8875 0.84375 6482
0.8875 0.84375 6482
0.8875 0.84375 6512
0.8875 0.84375 6512
0.8875 0.84375 6514
0.8875 0.84375 6514
0.8875 0.84375 6526
0.8875 0.84375 6526
0.8875 0.84375 6526
0.8875 0.84375 6526
0.8875 0.84375 6526
0.8875 0.84375 6526
0.8875 0.84375 6526
0.8875 0.84375 6526
0.8875 0.84375 6526
0.8875 0.84375 6528
0.8875 0.84375 6528
0.884375 0.84375 6534
0.884375 0.84375 6540
0.884375 0.84375 6540
0.884375 0.84375 6540
0.884375 0.84375 6540
0.884375 0.84375 6540
0.884375 0.84375 6540
0.884375 0.84375 6542
0.884375 0.84375 6542
0.884375 0.84375 6542
0.884375 0.84375 6544
0.884375 0.84375 6544
0.884375 0.84375 6550
0.884375 0.84375 6550
0.884375 0.84375 6550
0.884375 0.84375 6550
0.884375 0.84375 6550
0.884375 0.84375 6556
0.884375 0.84375 6556
0.884375 0.84375 6556
0.884375 0.84375 6562
0.884375 0.84375 6562
0.884375 0.84375 6564
0.884375 0.84375 6564
0.884375 0.84375 6564
0.884375 0.84375 6564
0.884375 0.84375 6564
0.884375 0.84375 6564
0.884375 0.84375 6564
0.884375 0.84375 6564
0.884375 0.84375 6564
0.884375 0.84375 6564
0.884375 0.84375 6576
0.884375 0.84375 6576
0.8875 0.84375 6588
0.8875 0.84375 6588
0.8875 0.84375 6588
0.8875 0.840625 6588
0.8875 0.840625 6588
0.8875 0.840625 6588
0.8875 0.840625 6588
0.8875 0.840625 6588
0.8875 0.8375 6588
0.8875 0.8375 6588
0.8875 0.8375 6594
0.8875 0.8375 6596
0.8875 0.8375 6596
0.8875 0.8375 6596
0.8875 0.8375 6602
0.8875 0.83125 6658
0.8875 0.83125 6658
0.8875 0.83125 6660
0.8875 0.83125 6660
0.8875 0.83125 6660
0.8875 0.83125 6660
0.8875 0.83125 6660
0.8875 0.83125 6662
0.8875 0.83125 6662
0.8875 0.83125 6664
0.8875 0.8375 6666
0.8875 0.8375 6666
0.8875 0.8375 6672
0.8875 0.8375 6672
0.8875 0.8375 6672
0.8875 0.8375 6674
0.8875 0.8375 6674
0.8875 0.8375 6674
0.8875 0.8375 6674
0.8875 0.8375 6674
0.8875 0.8375 6674
0.8875 0.8375 6674
0.8875 0.8375 6674
0.8875 0.8375 6674
0.8875 0.8375 6674
0.8875 0.8375 6674
0.8875 0.8375 6676
0.8875 0.8375 6688
0.8875 0.8375 6694
0.8875 0.8375 6694
0.8875 0.8375 6694
0.8875 0.8375 6694
0.8875 0.8375 6694
0.8875 0.8375 6694
0.8875 0.8375 6694
0.8875 0.8375 6694
0.8875 0.8375 6706
0.8875 0.8375 6706
0.8875 0.8375 6706
0.8875 0.8375 6726
0.8875 0.8375 6728
0.8875 0.8375 6728
0.8875 0.8375 6728
0.8875 0.8375 6728
0.8875 0.8375 6748
0.8875 0.8375 6748
0.8875 0.8375 6748
0.8875 0.8375 6748
0.8875 0.834375 6748
0.8875 0.834375 6748
0.8875 0.834375 6754
0.8875 0.83125 6754
0.8875 0.83125 6754
0.8875 0.83125 6754
0.8875 0.83125 6754
0.8875 0.83125 6756
0.8875 0.83125 6762
0.8875 0.83125 6762
0.8875 0.83125 6764
0.8875 0.83125 6764
0.8875 0.83125 6764
0.8875 0.83125 6764
0.8875 0.83125 6764
0.8875 0.83125 6764
0.8875 0.83125 6764
0.8875 0.83125 6764
0.8875 0.83125 6764
0.8875 0.83125 6766
0.8875 0.83125 6766
0.8875 0.83125 6766
0.8875 0.83125 6766
0.8875 0.8375 6786
0.8875 0.8375 6786
0.8875 0.8375 6788
0.8875 0.8375 6790
0.8875 0.8375 6790
0.8875 0.8375 6790
0.8875 0.8375 6790
0.8875 0.8375 6792
0.8875 0.8375 6792
0.8875 0.8375 6792
0.8875 0.8375 6792
0.8875 0.8375 6794
0.8875 0.8375 6794
0.8875 0.8375 6794
0.8875 0.8375 6806
0.8875 0.8375 6826
0.8875 0.8375 6826
0.8875 0.8375 6826
0.8875 0.8375 6826
0.8875 0.8375 6826
0.8875 0.8375 6826
0.8875 0.8375 6826
0.8875 0.8375 6826
0.8875 0.8375 6826
0.8875 0.8375 6868
0.8875 0.8375 6868
0.8875 0.8375 6874
0.884375 0.8375 6880
0.884375 0.8375 6882
0.884375 0.8375 6902
0.884375 0.8375 6902
0.884375 0.8375 6902
0.884375 0.8375 6902
0.884375 0.8375 6902
0.884375 0.8375 6902
0.884375 0.8375 6902
0.884375 0.8375 6922
0.884375 0.8375 6922
0.884375 0.8375 6924
0.884375 0.8375 6926
0.884375 0.8375 6928
0.884375 0.8375 6928
0.884375 0.8375 6930
0.884375 0.8375 6930
0.884375 0.8375 6930
0.884375 0.8375 6930
0.884375 0.8375 6942
0.884375 0.8375 6942
0.884375 0.8375 6942
0.884375 0.8375 6942
0.884375 0.8375 6942
0.884375 0.8375 6942
0.884375 0.84375 6954
0.884375 0.84375 6954
0.884375 0.84375 6954
0.884375 0.84375 6954
0.884375 0.84375 6954
0.884375 0.84375 6954
0.884375 0.84375 6954
0.884375 0.84375 6954
0.884375 0.84375 6954
0.884375 0.84375 6954
0.884375 0.84375 6956
0.884375 0.84375 6958
0.884375 0.84375 6958
0.884375 0.84375 6958
0.884375 0.84375 6958
0.884375 0.84375 6958
0.884375 0.84375 6958
0.884375 0.84375 6958
0.884375 0.84375 6958
0.884375 0.84375 6958
0.884375 0.84375 6958
0.884375 0.84375 6960
0.884375 0.84375 6960
0.884375 0.84375 6960
0.884375 0.84375 6960
0.884375 0.84375 6962
0.884375 0.84375 6962
0.884375 0.84375 6962
0.884375 0.84375 6962
0.884375 0.84375 6968
0.884375 0.84375 6974
0.884375 0.84375 6974
0.884375 0.84375 6986
0.884375 0.84375 6992
0.884375 0.84375 6992
0.884375 0.84375 6994
0.884375 0.84375 6994
0.884375 0.84375 6994
0.884375 0.84375 6994
0.884375 0.84375 6994
0.884375 0.84375 7006
0.884375 0.84375 7006
0.884375 0.84375 7006
0.88125 0.84375 7012
0.88125 0.84375 7012
0.88125 0.84375 7012
0.88125 0.84375 7012
0.88125 0.84375 7012
0.88125 0.84375 7012
0.88125 0.84375 7012
0.88125 0.84375 7012
0.88125 0.84375 7012
0.88125 0.840625 7012
0.88125 0.840625 7012
0.88125 0.840625 7012
0.88125 0.840625 7014
0.88125 0.840625 7014
0.88125 0.840625 7016
0.88125 0.840625 7016
0.88125 0.840625 7016
0.88125 0.840625 7016
0.88125 0.853125 7106
0.88125 0.853125 7108
0.890625 0.853125 7138
0.890625 0.853125 7138
0.890625 0.853125 7138
0.890625 0.853125 7138
0.890625 0.853125 7138
0.890625 0.853125 7138
0.890625 0.853125 7138
0.890625 0.853125 7138
0.890625 0.85 7138
0.890625 0.85 7138
0.890625 0.85 7138
0.89375 0.85 7150
0.89375 0.85 7152
0.89375 0.85 7152
0.89375 0.85 7152
0.89375 0.85 7152
0.89375 0.85 7152
0.89375 0.85 7154
0.89375 0.85 7184
0.89375 0.85 7186
0.89375 0.85 7186
0.89375 0.85 7188
0.89375 0.85 7188
0.89375 0.85 7194
0.89375 0.85 7194
0.89375 0.85 7196
0.89375 0.85 7202
0.89375 0.85 7202
0.89375 0.85 7202
0.89375 0.85 7202
0.89375 0.85 7202
0.890625 0.85 7312
0.890625 0.853125 7312
0.890625 0.853125 7324
0.890625 0.853125 7324
0.890625 0.853125 7336
0.890625 0.853125 7338
0.890625 0.853125 7340
0.890625 0.853125 7370
0.890625 0.85625 7390
0.890625 0.85625 7396
0.890625 0.853125 7396
0.890625 0.85625 7396
0.890625 0.85625 7396
0.890625 0.85625 7398
0.890625 0.85625 7398
0.890625 0.85625 7398
0.890625 0.85625 7398
0.890625 0.85625 7398
0.890625 0.85625 7404
0.890625 0.85625 7404
0.890625 0.85625 7404
0.890625 0.85625 7404
0.890625 0.85625 7404
0.890625 0.85625 7404
0.890625 0.85625 7404
0.890625 0.85625 7404
0.890625 0.85625 7404
0.890625 0.85625 7406
0.890625 0.85625 7406
0.890625 0.85625 7408
0.890625 0.85625 7410
0.890625 0.85625 7410
0.890625 0.85625 7410
0.890625 0.85625 7410
0.890625 0.85625 7410
0.890625 0.85625 7410
0.890625 0.85625 7410
0.890625 0.85625 7410
0.890625 0.85625 7410
0.890625 0.85625 7410
0.890625 0.85625 7410
0.890625 0.85625 7410
0.890625 0.853125 7410
0.890625 0.853125 7410
0.890625 0.853125 7410
0.890625 0.853125 7410
0.890625 0.85 7410
0.890625 0.85 7410
0.890625 0.85 7410
0.890625 0.85 7416
0.890625 0.85 7416
0.890625 0.85 7416
0.890625 0.85 7416
0.890625 0.85 7416
0.890625 0.85 7418
0.890625 0.85 7418
0.890625 0.85 7418
0.890625 0.853125 7418
0.890625 0.853125 7430
0.890625 0.853125 7430
0.890625 0.853125 7430
0.890625 0.853125 7430
0.890625 0.853125 7430
0.890625 0.853125 7436
0.890625 0.85625 7436
0.890625 0.85625 7436
0.890625 0.85625 7438
0.890625 0.85625 7438
0.890625 0.85625 7438
0.890625 0.85625 7438
0.890625 0.85625 7438
0.890625 0.85625 7438
0.890625 0.85625 7438
0.890625 0.85625 7438
0.890625 0.85625 7438
0.890625 0.85625 7438
0.890625 0.85625 7438
0.890625 0.85625 7438
0.890625 0.85625 7438
0.890625 0.85625 7438
0.890625 0.85625 7438
0.890625 0.85625 7440
0.890625 0.85625 7446
0.890625 0.85625 7446
0.890625 0.85625 7446
0.890625 0.85625 7446
0.890625 0.85625 7446
0.890625 0.85625 7446
0.890625 0.85625 7466
0.890625 0.85625 7466
0.890625 0.85625 7466
0.890625 0.85625 7466
0.890625 0.85625 7466
0.890625 0.85625 7466
0.890625 0.85625 7466
0.890625 0.85625 7466
0.890625 0.85625 7478
0.890625 0.85625 7478
0.890625 0.85625 7480
0.890625 0.85625 7480
0.890625 0.85625 7480
0.890625 0.85625 7480
0.890625 0.85625 7480
0.890625 0.85625 7480
0.890625 0.85625 7480
0.890625 0.85625 7482
0.890625 0.85625 7482
0.890625 0.85625 7482
0.890625 0.85625 7488
0.890625 0.85625 7488
0.890625 0.85625 7500
0.890625 0.85625 7500
0.890625 0.85625 7500
0.890625 0.85625 7500
0.890625 0.85625 7500
0.890625 0.85625 7512
0.8875 0.85625 7554
0.8875 0.85625 7554
0.8875 0.85625 7556
0.8875 0.85625 7556
0.8875 0.85625 7556
0.890625 0.85625 7586
0.890625 0.853125 7586
0.890625 0.853125 7586
0.890625 0.853125 7588
0.890625 0.85 7588
0.890625 0.85 7588
0.890625 0.85 7590
0.890625 0.85 7590
0.890625 0.85 7590
0.890625 0.85 7590
0.890625 0.85 7590
0.890625 0.85 7590
0.890625 0.85 7590
0.890625 0.85 7590
0.890625 0.85 7592
0.890625 0.85 7594
0.890625 0.85 7594
0.890625 0.85 7594
0.884375 0.85 7624
0.8875 0.85 7654
0.884375 0.85 7786
0.884375 0.85 7786
0.884375 0.85 7786
0.884375 0.85 7786
0.884375 0.85 7786
0.884375 0.85 7786
0.884375 0.85 7786
0.884375 0.85 7786
0.884375 0.85 7786
0.884375 0.84375 7786
0.884375 0.84375 7786
0.884375 0.84375 7786
0.884375 0.84375 7788
0.884375 0.84375 7788
0.884375 0.85 7790
0.884375 0.85 7790
0.884375 0.85 7790
0.884375 0.85 7796
0.884375 0.85 7796
0.884375 0.85 7796
0.884375 0.85 7796
0.884375 0.85 7796
0.884375 0.85 7796
0.884375 0.85 7796
0.884375 0.85 7796
0.884375 0.85 7796
0.884375 0.85 7798
0.884375 0.85 7798
0.884375 0.85 7798
0.884375 0.85 7798
0.884375 0.85 7798
0.884375 0.85 7798
0.884375 0.85 7798
0.884375 0.85 7798
0.884375 0.85 7800
0.884375 0.85 7812
0.884375 0.85 7814
0.884375 0.85 7814
0.884375 0.85 7814
0.884375 0.85 7814
0.884375 0.85 7814
0.884375 0.85 7814
0.884375 0.85 7816
0.884375 0.85 7846
0.884375 0.85 7846
0.884375 0.85 7846
0.884375 0.85 7846
0.884375 0.85 7846
0.884375 0.85 7848
0.884375 0.85 7848
0.884375 0.85 7848
0.884375 0.85 7848
0.884375 0.85 7848
0.884375 0.85 7848
0.884375 0.85 7848
0.884375 0.85 7848
0.884375 0.85 7848
0.884375 0.85 7848
0.884375 0.85 7848
0.884375 0.85 7848
0.884375 0.85 7850
0.884375 0.85 7850
0.884375 0.85 7850
0.884375 0.85 7850
0.88125 0.85 7852
0.88125 0.85 7852
0.88125 0.85 7852
0.88125 0.85 7852
0.88125 0.85 7852
0.88125 0.85 7852
0.88125 0.85 7852
0.88125 0.85 7852
0.88125 0.85 7852
0.88125 0.85 7852
0.88125 0.85 7852
0.88125 0.85 7852
0.88125 0.85 7852
0.88125 0.85 7854
0.88125 0.85 7856
0.88125 0.85 7856
0.88125 0.85 7856
0.88125 0.85 7856
0.88125 0.85 7876
0.88125 0.85 7876
0.88125 0.85 7876
0.88125 0.85 7876
0.884375 0.85 7906
0.884375 0.85 7906
0.884375 0.85 7906
0.884375 0.85 7906
0.884375 0.85 7908
0.884375 0.85 7908
0.884375 0.85 7914
0.884375 0.85 7914
0.884375 0.85 7914
0.884375 0.85 7914
0.884375 0.85 7916
0.884375 0.85 7916
0.884375 0.85 7916
0.884375 0.85 7916
0.884375 0.85 7916
0.884375 0.85 7916
0.884375 0.85 7916
0.884375 0.85 7928
0.884375 0.85 7928
0.884375 0.85 7928
0.884375 0.85 7928
0.884375 0.85 7928
0.884375 0.85 7928
0.884375 0.84375 7928
0.884375 0.84375 7928
0.884375 0.85 7934
0.884375 0.85 7934
0.884375 0.85 7934
0.884375 0.85 7946
0.884375 0.85 7958
0.884375 0.85 7960
0.884375 0.85 7960
0.884375 0.85 7962
0.884375 0.85 7962
0.884375 0.85 7964
0.884375 0.85 7966
0.884375 0.85 7966
0.884375 0.85 7968
0.884375 0.85 7968
0.884375 0.85 7968
0.884375 0.85 7968
0.884375 0.85 7968
0.8875 0.85 7970
0.8875 0.85 7976
0.8875 0.85 7976
0.8875 0.85 7976
0.8875 0.85 7976
0.8875 0.85 7976
0.8875 0.85 7976
0.8875 0.85 7982
0.8875 0.85 7982
0.8875 0.85 7982
0.8875 0.846875 7988
0.88125 0.8375 8144
0.88125 0.8375 8144
0.88125 0.8375 8146
0.88125 0.8375 8146
0.88125 0.8375 8146
0.88125 0.8375 8146
0.88125 0.8375 8146
0.88125 0.8375 8148
0.88125 0.8375 8148
0.88125 0.8375 8148
0.88125 0.8375 8148
0.88125 0.8375 8150
0.88125 0.8375 8150
0.88125 0.8375 8152
0.88125 0.8375 8152
0.88125 0.8375 8152
0.88125 0.8375 8152
0.88125 0.8375 8152
0.88125 0.8375 8152
0.88125 0.8375 8152
0.88125 0.8375 8154
0.88125 0.8375 8154
0.88125 0.8375 8154
0.88125 0.8375 8156
0.88125 0.8375 8156
0.88125 0.8375 8162
0.88125 0.8375 8162
0.88125 0.8375 8164
0.88125 0.8375 8164
0.88125 0.8375 8166
0.88125 0.8375 8168
0.88125 0.8375 8168
0.88125 0.85625 8188
0.88125 0.85625 8188
0.88125 0.85625 8188
0.88125 0.85625 8188
0.88125 0.85625 8190
0.88125 0.85625 8190
0.88125 0.85625 8190
0.88125 0.85625 8190
0.88125 0.85625 8190
0.88125 0.85625 8190
0.88125 0.85625 8190
0.88125 0.85625 8192
0.88125 0.85625 8192
0.88125 0.85625 8204
0.88125 0.85625 8204
0.878125 0.85625 8224
0.878125 0.85625 8224
0.878125 0.85625 8224
0.878125 0.85625 8224
0.878125 0.85625 8224
0.878125 0.85625 8224
0.878125 0.85625 8224
0.878125 0.85625 8224
0.878125 0.85625 8224
0.878125 0.85625 8224
0.878125 0.85625 8224
0.878125 0.85625 8224
0.878125 0.85625 8224
0.878125 0.85625 8224
0.878125 0.85625 8224
0.878125 0.85625 8224
0.878125 0.85625 8224
0.878125 0.85625 8224
0.878125 0.85625 8224
0.878125 0.85625 8266
0.878125 0.85625 8266
0.878125 0.85625 8272
0.878125 0.85625 8274
0.878125 0.85625 8276
0.878125 0.85625 8276
0.878125 0.85625 8278
0.878125 0.85625 8280
0.878125 0.85625 8280
0.878125 0.85625 8280
0.878125 0.85625 8280
0.878125 0.85 8280
0.878125 0.85 8280
0.878125 0.85 8280
0.878125 0.853125 8280
0.878125 0.846875 8300
0.878125 0.84375 8320
0.878125 0.84375 8320
0.878125 0.84375 8320
0.878125 0.84375 8320
0.878125 0.84375 8320
0.878125 0.84375 8320
0.878125 0.84375 8320
0.878125 0.84375 8322
0.878125 0.84375 8324
0.878125 0.84375 8324
0.878125 0.84375 8326
0.878125 0.84375 8326
0.878125 0.84375 8326
0.878125 0.84375 8326
0.875 0.83125 8382
0.875 0.83125 8382
0.875 0.83125 8394
0.875 0.83125 8394
0.875 0.83125 8396
0.875 0.83125 8396
0.875 0.83125 8396
0.875 0.83125 8396
0.875 0.83125 8398
0.875 0.83125 8400
0.875 0.83125 8412
0.875 0.8375 8424
0.875 0.8375 8424
0.875 0.8375 8424
0.875 0.8375 8424
0.875 0.8375 8444
0.875 0.8375 8444
0.875 0.8375 8444
0.875 0.8375 8444
0.875 0.8375 8444
0.875 0.8375 8444
0.875 0.8375 8450
0.875 0.8375 8450
0.875 0.8375 8506
0.875 0.8375 8506
0.875 0.8375 8506
0.875 0.8375 8506
0.875 0.8375 8512
0.875 0.8375 8512
0.875 0.8375 8512
0.875 0.8375 8512
0.875 0.8375 8512
0.875 0.8375 8512
0.875 0.8375 8512
0.875 0.8375 8518
0.875 0.8375 8560
0.875 0.8375 8560
0.875 0.8375 8560
0.875 0.8375 8560
0.875 0.8375 8560
0.875 0.8375 8560
0.875 0.8375 8560
0.875 0.8375 8560
0.875 0.8375 8560
0.875 0.8375 8560
0.875 0.8375 8560
0.875 0.8375 8560
0.875 0.8375 8560
0.875 0.8375 8560
0.875 0.8375 8560
0.875 0.8375 8560
0.875 0.8375 8562
0.875 0.8375 8574
0.875 0.8375 8574
0.875 0.8375 8574
0.875 0.84375 8616
0.875 0.84375 8616
0.875 0.84375 8616
0.875 0.84375 8628
0.875 0.84375 8630
0.875 0.84375 8630
0.875 0.84375 8630
0.875 0.84375 8630
0.875 0.84375 8630
0.875 0.84375 8630
0.875 0.84375 8642
0.875 0.84375 8644
0.875 0.84375 8644
0.875 0.84375 8644
0.875 0.84375 8646
0.875 0.84375 8646
0.875 0.84375 8646
0.875 0.84375 8646
0.875 0.84375 8646
0.875 0.84375 8646
0.875 0.84375 8646
0.875 0.84375 8646
0.875 0.84375 8646
0.884375 0.84375 8802
0.884375 0.84375 8802
0.884375 0.84375 8802
0.884375 0.84375 8802
0.884375 0.84375 8802
0.884375 0.84375 8802
0.884375 0.84375 8802
0.884375 0.84375 8802
0.884375 0.84375 8802
0.884375 0.84375 8802
0.884375 0.84375 8802
0.884375 0.84375 8804
0.884375 0.84375 8804
0.884375 0.84375 8806
0.884375 0.84375 8806
0.884375 0.84375 8818
0.884375 0.84375 8818
0.884375 0.84375 8818
0.884375 0.84375 8820
0.884375 0.84375 8820
0.884375 0.84375 8822
0.884375 0.84375 8822
0.884375 0.8375 8822
0.884375 0.8375 8824
0.884375 0.8375 8824
0.884375 0.8375 8824
0.88125 0.8375 8836
0.88125 0.8375 8836
0.88125 0.8375 8836
0.88125 0.84375 8848
0.88125 0.84375 8848
0.88125 0.84375 8848
0.88125 0.84375 8848
0.88125 0.84375 8860
0.88125 0.840625 8860
0.88125 0.8375 8862
0.88125 0.8375 8862
0.88125 0.8375 8862
0.88125 0.8375 8862
0.88125 0.8375 8862
0.88125 0.8375 8862
0.88125 0.8375 8864
0.88125 0.8375 8870
0.88125 0.8375 8870
0.88125 0.8375 8870
0.88125 0.84375 8870
0.88125 0.84375 8870
0.88125 0.84375 8870
0.88125 0.84375 8870
0.88125 0.84375 8870
0.88125 0.84375 8870
0.88125 0.84375 8870
0.88125 0.84375 8870
0.88125 0.84375 8870
0.88125 0.84375 8870
0.88125 0.84375 8870
0.88125 0.84375 8872
0.88125 0.84375 8872
0.88125 0.84375 8872
0.88125 0.84375 8872
0.88125 0.84375 8872
0.88125 0.84375 8872
0.88125 0.84375 8872
0.878125 0.8375 8878
0.878125 0.8375 8880
0.878125 0.8375 8880
0.878125 0.8375 8880
0.878125 0.8375 8880
0.878125 0.8375 8880
0.878125 0.8375 8880
0.878125 0.8375 8952
0.878125 0.8375 8952
0.878125 0.8375 8958
0.878125 0.8375 8958
0.878125 0.8375 8964
0.878125 0.8375 8966
0.878125 0.8375 8966
0.878125 0.8375 8966
0.878125 0.8375 8966
0.878125 0.8375 8966
0.878125 0.834375 8968
0.878125 0.834375 8968
0.878125 0.834375 8974
0.875 0.8375 9046
0.875 0.8375 9046
0.875 0.8375 9046
0.875 0.8375 9046
0.875 0.8375 9048
0.875 0.8375 9054
0.875 0.8375 9054
0.875 0.8375 9054
0.875 0.8375 9054
0.875 0.8375 9054
0.875 0.8375 9060
0.875 0.8375 9060
0.875 0.8375 9060
0.875 0.8375 9060
0.875 0.83125 9062
0.875 0.83125 9062
0.875 0.83125 9062
0.875 0.83125 9062
0.875 0.83125 9062
0.875 0.83125 9062
0.875 0.834375 9062
0.875 0.834375 9064
0.875 0.83125 9064
0.875 0.83125 9064
0.875 0.83125 9064
0.875 0.83125 9064
0.875 0.83125 9064
0.875 0.83125 9064
0.875 0.83125 9064
0.875 0.83125 9064
0.875 0.83125 9064
0.875 0.83125 9064
0.875 0.83125 9064
0.875 0.83125 9064
0.875 0.83125 9064
0.875 0.83125 9076
0.875 0.83125 9076
0.875 0.83125 9076
0.875 0.83125 9076
0.875 0.83125 9076
0.875 0.83125 9076
0.875 0.83125 9076
0.875 0.83125 9078
0.875 0.83125 9078
0.875 0.83125 9078
0.875 0.83125 9080
0.875 0.83125 9080
0.875 0.83125 9080
0.875 0.83125 9080
0.875 0.83125 9080
0.875 0.83125 9080
0.875 0.83125 9110
0.875 0.83125 9110
0.875 0.83125 9110
0.875 0.83125 9110
0.875 0.825 9116
0.875 0.825 9128
0.875 0.83125 9140
0.875 0.83125 9140
0.875 0.83125 9140
0.875 0.83125 9140
0.871875 0.83125 9152
0.871875 0.83125 9152
0.871875 0.8375 9194
0.871875 0.8375 9196
0.871875 0.8375 9196
0.871875 0.8375 9196
0.871875 0.8375 9196
0.871875 0.8375 9196
0.871875 0.8375 9196
0.871875 0.8375 9196
0.871875 0.8375 9196
0.871875 0.8375 9198
0.871875 0.8375 9198
0.871875 0.8375 9198
0.871875 0.8375 9204
0.871875 0.8375 9206
0.871875 0.8375 9206
0.871875 0.8375 9206
0.871875 0.8375 9206
0.871875 0.8375 9206
0.871875 0.8375 9206
0.871875 0.8375 9212
0.871875 0.8375 9212
0.871875 0.8375 9224
0.871875 0.8375 9224
0.871875 0.8375 9224
0.871875 0.8375 9224
0.871875 0.8375 9224
0.871875 0.8375 9236
0.871875 0.8375 9238
0.871875 0.8375 9238
0.871875 0.8375 9238
0.871875 0.8375 9244
0.871875 0.8375 9244
0.871875 0.8375 9246
0.871875 0.8375 9246
0.871875 0.8375 9248
0.871875 0.8375 9248
0.871875 0.8375 9248
0.871875 0.8375 9248
0.871875 0.8375 9248
0.871875 0.8375 9248
0.871875 0.8375 9248
0.871875 0.8375 9248
0.871875 0.8375 9248
0.871875 0.8375 9248
0.871875 0.8375 9248
0.871875 0.8375 9248
0.871875 0.8375 9248
0.871875 0.8375 9248
0.871875 0.8375 9248
0.871875 0.8375 9248
0.871875 0.8375 9248
0.871875 0.8375 9254
0.871875 0.8375 9254
0.871875 0.8375 9254
0.871875 0.8375 9254
0.871875 0.8375 9254
0.871875 0.8375 9266
0.871875 0.8375 9266
0.871875 0.8375 9266
0.871875 0.8375 9286
0.871875 0.8375 9286
0.871875 0.8375 9298
0.871875 0.8375 9298
0.871875 0.8375 9298
0.871875 0.8375 9304
0.871875 0.8375 9306
0.871875 0.8375 9306
0.871875 0.8375 9306
0.871875 0.8375 9308
0.871875 0.8375 9308
0.871875 0.8375 9308
0.871875 0.8375 9310
0.871875 0.8375 9312
0.871875 0.8375 9312
0.871875 0.8375 9312
0.871875 0.8375 9312
0.871875 0.8375 9332
0.871875 0.8375 9332
0.871875 0.8375 9332
0.871875 0.83125 9362
0.871875 0.83125 9364
0.871875 0.83125 9370
0.871875 0.83125 9370
0.871875 0.83125 9370
0.871875 0.83125 9370
0.871875 0.83125 9370
0.871875 0.83125 9372
0.871875 0.83125 9372
0.871875 0.83125 9374
0.871875 0.83125 9374
0.871875 0.83125 9374
0.871875 0.83125 9374
0.871875 0.83125 9404
0.871875 0.83125 9410
0.871875 0.83125 9410
0.871875 0.83125 9410
0.871875 0.83125 9416
0.871875 0.83125 9416
0.871875 0.83125 9416
0.871875 0.83125 9416
0.875 0.83125 9436
0.875 0.83125 9436
0.875 0.83125 9448
0.875 0.83125 9448
0.875 0.8375 9468
0.875 0.83125 9524
0.875 0.83125 9524
0.875 0.83125 9524
0.875 0.83125 9524
0.875 0.83125 9524
0.875 0.83125 9524
0.875 0.83125 9524
0.875 0.83125 9524
0.875 0.8375 9526
0.875 0.8375 9526
0.875 0.8375 9526
0.875 0.8375 9546
0.875 0.8375 9546
0.875 0.8375 9546
0.875 0.8375 9546
0.875 0.8375 9546
0.875 0.8375 9546
0.875 0.8375 9552
0.875 0.8375 9554
0.875 0.8375 9554
0.875 0.8375 9554
0.875 0.8375 9554
0.875 0.8375 9556
0.875 0.8375 9556
0.875 0.8375 9556
0.875 0.8375 9556
0.875 0.8375 9556
0.875 0.8375 9568
0.875 0.8375 9568
0.875 0.8375 9568
0.875 0.8375 9568
0.875 0.8375 9568
0.875 0.84375 9574
0.875 0.84375 9574
0.875 0.84375 9576
0.875 0.84375 9576
0.875 0.84375 9576
0.875 0.84375 9578
0.875 0.84375 9578
0.875 0.84375 9578
0.875 0.84375 9578
0.875 0.84375 9620
0.875 0.84375 9622
0.875 0.84375 9622
0.875 0.84375 9622
0.875 0.84375 9622
0.875 0.8375 9642
0.878125 0.8375 9654
0.878125 0.8375 9654
0.878125 0.8375 9656
0.878125 0.8375 9656
0.878125 0.8375 9656
0.878125 0.8375 9656
0.878125 0.8375 9656
0.878125 0.8375 9656
0.878125 0.8375 9662
0.878125 0.8375 9662
0.878125 0.8375 9662
0.878125 0.8375 9668
0.878125 0.8375 9668
0.878125 0.8375 9668
0.878125 0.8375 9668
0.878125 0.8375 9668
0.878125 0.8375 9668
0.878125 0.8375 9670
0.878125 0.8375 9670
0.878125 0.8375 9670
0.878125 0.8375 9670
0.878125 0.8375 9672
0.878125 0.8375 9672
0.878125 0.8375 9672
0.878125 0.8375 9672
0.878125 0.8375 9672
0.878125 0.8375 9672
0.878125 0.8375 9672
0.878125 0.8375 9672
0.878125 0.8375 9672
0.878125 0.8375 9672
0.878125 0.8375 9672
0.878125 0.8375 9672
0.878125 0.8375 9672
0.878125 0.8375 9672
0.878125 0.8375 9674
0.878125 0.8375 9674
0.878125 0.8375 9680
0.878125 0.8375 9680
0.878125 0.8375 9700
0.878125 0.8375 9700
0.875 0.8375 9772
0.875 0.8375 9772
0.875 0.8375 9778
0.875 0.8375 9778
0.875 0.8375 9778
0.875 0.8375 9778
0.875 0.8375 9778
0.875 0.8375 9778
0.878125 0.85 9834
0.878125 0.85 9834
0.878125 0.85 9836
0.878125 0.85 9836
0.878125 0.85 9836
0.878125 0.85 9836
0.878125 0.85 9836
0.878125 0.85 9836
0.878125 0.85 9842
0.878125 0.85 9842
0.878125 0.85 9842
0.878125 0.85 9872
0.878125 0.85 9872
0.878125 0.85 9872
0.878125 0.85 9872
0.878125 0.85 9872
0.878125 0.85 9872
0.878125 0.85 9872
0.878125 0.85 9872
0.878125 0.85 9878
0.878125 0.85 9878
0.878125 0.85 9878
0.878125 0.85 9878
0.878125 0.85 9878
0.878125 0.85 9878
0.878125 0.85 9878
0.878125 0.84375 9878
0.878125 0.84375 9878
0.878125 0.84375 9878
0.878125 0.84375 9878
0.878125 0.84375 9878
0.878125 0.84375 9878
0.878125 0.84375 9880
0.878125 0.84375 9880
0.878125 0.84375 9880
0.878125 0.84375 9880
0.878125 0.84375 9880
0.878125 0.84375 9880
0.878125 0.84375 9880
0.878125 0.84375 9880
0.878125 0.84375 9880
0.878125 0.84375 9880
0.878125 0.84375 9880
0.878125 0.84375 9882
0.878125 0.84375 9882
0.878125 0.84375 9888
0.878125 0.84375 9888
0.878125 0.84375 9888
0.878125 0.84375 9894
0.878125 0.84375 9894
0.878125 0.84375 9894
0.878125 0.84375 9894
0.878125 0.84375 9894
0.878125 0.84375 9894
0.878125 0.84375 9894
0.878125 0.84375 9894
0.878125 0.84375 9896
0.878125 0.84375 9898
0.878125 0.84375 9898
0.878125 0.84375 9900
0.878125 0.84375 9900
0.878125 0.84375 9900
0.878125 0.84375 9900
0.878125 0.84375 9900
0.878125 0.84375 9900
0.878125 0.84375 9930
0.878125 0.84375 9930
0.88125 0.84375 9942
0.88125 0.84375 9942
0.88125 0.84375 9942
0.88125 0.84375 9942
0.88125 0.84375 9942
0.88125 0.84375 9942
0.88125 0.84375 9948
0.88125 0.84375 9990
0.88125 0.84375 9990
0.88125 0.84375 9990
0.88125 0.84375 9992
0.88125 0.84375 9992
0.88125 0.84375 9992
0.88125 0.84375 9992
0.88125 0.84375 9992
0.88125 0.84375 9992
0.88125 0.84375 9998
0.88125 0.84375 10000
0.88125 0.84375 10000
0.88125 0.84375 10000
0.88125 0.84375 10000
0.88125 0.84375 10000
0.88125 0.84375 10000
0.88125 0.84375 10000
0.88125 0.84375 10000
0.88125 0.84375 10000
0.88125 0.84375 10000
0.88125 0.84375 10000
0.88125 0.84375 10000
0.88125 0.84375 10000
0.88125 0.84375 10002
0.88125 0.84375 10002
0.88125 0.84375 10002
0.88125 0.84375 10002
0.88125 0.84375 10014
0.88125 0.84375 10014
0.88125 0.84375 10014
0.88125 0.84375 10014
0.88125 0.84375 10014
0.88125 0.84375 10014
0.88125 0.84375 10014
0.88125 0.84375 10014
0.88125 0.84375 10014
0.88125 0.84375 10014
0.88125 0.84375 10020
0.88125 0.84375 10020
0.88125 0.84375 10020
0.88125 0.84375 10020
0.88125 0.8375 10050
0.88125 0.8375 10050
0.88125 0.8375 10050
0.88125 0.8375 10052
0.88125 0.8375 10052
0.88125 0.8375 10052
0.88125 0.8375 10054
0.88125 0.8375 10054
0.88125 0.8375 10054
0.88125 0.8375 10054
0.88125 0.8375 10054
0.88125 0.8375 10054
0.88125 0.8375 10054
0.88125 0.8375 10054
0.88125 0.8375 10054
0.88125 0.8375 10054
0.88125 0.8375 10054
0.88125 0.8375 10054
0.88125 0.8375 10054
0.88125 0.8375 10054
0.88125 0.8375 10054
0.88125 0.8375 10054
0.88125 0.8375 10054
0.88125 0.8375 10054
0.88125 0.8375 10054
0.88125 0.8375 10054
0.88125 0.8375 10054
0.88125 0.8375 10054
0.88125 0.8375 10066
0.88125 0.8375 10066
0.88125 0.8375 10066
0.88125 0.8375 10066
0.88125 0.8375 10066
0.88125 0.8375 10068
0.88125 0.8375 10068
0.88125 0.8375 10070
0.88125 0.8375 10072
0.88125 0.8375 10074
0.88125 0.8375 10074
0.88125 0.8375 10074
0.88125 0.8375 10074
0.88125 0.8375 10074
0.88125 0.8375 10074
0.88125 0.8375 10076
0.88125 0.8375 10076
0.88125 0.8375 10078
0.88125 0.8375 10078
0.88125 0.8375 10084
0.88125 0.8375 10084
0.88125 0.8375 10084
0.88125 0.8375 10096
0.88125 0.8375 10096
0.88125 0.8375 10096
0.88125 0.8375 10096
0.88125 0.8375 10096
0.88125 0.8375 10098
0.88125 0.8375 10098
0.88125 0.8375 10100
0.88125 0.8375 10102
0.88125 0.8375 10102
0.88125 0.8375 10104
0.88125 0.8375 10104
0.88125 0.8375 10104
0.88125 0.8375 10104
0.88125 0.8375 10104
0.88125 0.8375 10104
0.88125 0.8375 10104
0.88125 0.8375 10104
0.88125 0.8375 10104
0.88125 0.8375 10104
0.88125 0.8375 10104
0.88125 0.8375 10110
0.88125 0.8375 10110
0.88125 0.8375 10110
0.88125 0.8375 10112
0.88125 0.8375 10112
0.88125 0.8375 10112
0.88125 0.8375 10112
0.88125 0.8375 10112
0.88125 0.8375 10112
0.88125 0.8375 10114
0.88125 0.8375 10114
0.88125 0.8375 10114
0.88125 0.8375 10114
0.88125 0.8375 10126
0.88125 0.8375 10146
0.88125 0.8375 10146
0.88125 0.8375 10146
0.88125 0.8375 10146
0.88125 0.8375 10146
0.88125 0.8375 10146
0.88125 0.8375 10146
0.88125 0.8375 10146
0.88125 0.8375 10146
0.88125 0.8375 10148
0.88125 0.8375 10148
0.88125 0.8375 10148
0.88125 0.8375 10148
0.88125 0.8375 10148
0.88125 0.8375 10148
0.88125 0.8375 10148
0.88125 0.8375 10148
0.88125 0.8375 10148
0.88125 0.8375 10148
0.88125 0.8375 10148
0.88125 0.8375 10148
0.88125 0.8375 10148
0.88125 0.8375 10148
0.88125 0.8375 10148
0.88125 0.8375 10148
0.88125 0.8375 10148
0.88125 0.8375 10148
0.88125 0.8375 10160
0.88125 0.8375 10160
0.88125 0.8375 10160
0.88125 0.8375 10160
0.88125 0.8375 10160
0.88125 0.8375 10162
0.88125 0.8375 10162
0.88125 0.8375 10168
0.88125 0.8375 10168
0.88125 0.8375 10174
0.88125 0.8375 10174
0.88125 0.8375 10176
0.88125 0.8375 10178
0.88125 0.8375 10178
0.88125 0.8375 10178
0.88125 0.8375 10184
0.88125 0.8375 10184
0.88125 0.8375 10184
0.88125 0.8375 10184
0.88125 0.8375 10186
0.88125 0.8375 10186
0.88125 0.8375 10186
0.88125 0.8375 10192
0.88125 0.8375 10194
0.88125 0.8375 10194
0.88125 0.8375 10194
0.88125 0.8375 10200
0.88125 0.8375 10202
0.88125 0.8375 10202
0.88125 0.8375 10258
0.88125 0.8375 10258
0.88125 0.8375 10258
0.88125 0.8375 10260
0.88125 0.8375 10272
0.88125 0.8375 10272
0.88125 0.8375 10272
0.88125 0.8375 10272
0.88125 0.8375 10272
0.88125 0.8375 10302
0.88125 0.8375 10322
0.88125 0.8375 10322
0.88125 0.8375 10328
0.88125 0.8375 10328
0.88125 0.8375 10328
0.88125 0.8375 10328
0.88125 0.8375 10328
0.88125 0.8375 10328
0.88125 0.8375 10330
0.88125 0.8375 10330
0.88125 0.8375 10330
0.88125 0.8375 10330
0.88125 0.8375 10330
0.88125 0.8375 10330
0.88125 0.8375 10330
0.88125 0.8375 10330
0.88125 0.8375 10330
0.88125 0.8375 10330
0.88125 0.8375 10330
0.88125 0.8375 10330
0.88125 0.8375 10330
0.88125 0.8375 10330
0.88125 0.8375 10330
0.88125 0.8375 10330
0.88125 0.8375 10330
0.88125 0.8375 10330
0.88125 0.8375 10330
0.88125 0.8375 10330
0.88125 0.8375 10330
0.88125 0.8375 10330
0.88125 0.8375 10330
0.88125 0.8375 10330
0.88125 0.8375 10332
0.88125 0.8375 10332
0.88125 0.8375 10332
0.88125 0.8375 10332
0.88125 0.8375 10332
0.88125 0.8375 10332
0.88125 0.8375 10344
0.88125 0.8375 10346
0.88125 0.8375 10358
0.88125 0.8375 10358
0.88125 0.8375 10400
0.88125 0.8375 10400
0.88125 0.8375 10400
0.88125 0.8375 10400
0.88125 0.8375 10400
0.88125 0.8375 10400
0.88125 0.8375 10400
0.88125 0.8375 10402
0.88125 0.8375 10402
0.88125 0.8375 10402
0.88125 0.8375 10402
0.88125 0.8375 10404
0.88125 0.8375 10404
0.88125 0.8375 10404
0.88125 0.8375 10404
0.88125 0.8375 10404
0.88125 0.8375 10446
0.88125 0.8375 10448
0.88125 0.8375 10450
0.88125 0.8375 10450
0.88125 0.8375 10450
0.88125 0.8375 10462
0.88125 0.8375 10462
0.88125 0.8375 10462
0.88125 0.8375 10462
0.88125 0.8375 10464
0.88125 0.8375 10464
0.88125 0.8375 10494
0.88125 0.8375 10494
0.88125 0.8375 10494
0.88125 0.8375 10494
0.88125 0.8375 10494
0.88125 0.8375 10494
0.88125 0.8375 10494
0.88125 0.8375 10494
0.88125 0.8375 10496
0.88125 0.8375 10496
0.88125 0.8375 10496
0.88125 0.8375 10508
0.88125 0.8375 10528
0.88125 0.8375 10528
0.88125 0.8375 10528
0.88125 0.8375 10528
0.88125 0.8375 10540
0.88125 0.8375 10540
0.88125 0.8375 10542
0.88125 0.8375 10542
0.88125 0.8375 10542
0.88125 0.8375 10542
0.88125 0.8375 10542
0.88125 0.8375 10542
0.88125 0.8375 10542
0.88125 0.8375 10542
0.88125 0.8375 10542
0.88125 0.8375 10542
0.88125 0.8375 10548
0.88125 0.8375 10548
0.88125 0.8375 10548
0.88125 0.8375 10548
0.88125 0.8375 10548
0.88125 0.8375 10548
0.88125 0.8375 10548
0.88125 0.8375 10548
0.88125 0.8375 10620
0.88125 0.8375 10620
0.88125 0.8375 10620
0.88125 0.8375 10620
0.88125 0.8375 10626
0.88125 0.8375 10632
0.88125 0.8375 10652
0.88125 0.8375 10652
0.88125 0.8375 10652
0.88125 0.8375 10652
0.88125 0.8375 10654
0.88125 0.8375 10654
0.88125 0.8375 10654
0.88125 0.8375 10654
0.88125 0.8375 10660
0.88125 0.8375 10660
0.88125 0.8375 10660
0.88125 0.8375 10660
0.88125 0.8375 10666
0.88125 0.8375 10668
0.88125 0.8375 10668
0.88125 0.8375 10668
0.88125 0.8375 10668
0.88125 0.8375 10668
0.88125 0.8375 10668
0.88125 0.8375 10668
0.88125 0.8375 10668
0.88125 0.8375 10668
0.88125 0.8375 10668
0.88125 0.8375 10668
0.88125 0.8375 10668
0.88125 0.8375 10668
0.88125 0.8375 10668
0.88125 0.8375 10668
0.88125 0.8375 10668
0.88125 0.8375 10668
0.88125 0.8375 10668
0.88125 0.8375 10668
0.88125 0.8375 10668
0.88125 0.8375 10670
0.88125 0.8375 10670
0.88125 0.8375 10670
0.88125 0.8375 10672
0.88125 0.8375 10672
0.88125 0.8375 10672
0.88125 0.8375 10672
0.884375 0.8375 10684
0.884375 0.8375 10690
0.884375 0.8375 10690
0.884375 0.8375 10690
0.884375 0.8375 10690
0.884375 0.8375 10690
0.884375 0.8375 10690
0.884375 0.8375 10696
0.884375 0.8375 10696
0.884375 0.8375 10696
0.884375 0.8375 10696
0.884375 0.8375 10696
0.884375 0.8375 10696
0.884375 0.8375 10696
0.884375 0.8375 10702
0.884375 0.8375 10704
0.884375 0.8375 10704
0.884375 0.8375 10704
0.884375 0.8375 10706
0.884375 0.8375 10712
0.884375 0.8375 10712
0.884375 0.8375 10712
0.884375 0.8375 10712
0.884375 0.8375 10712
0.884375 0.8375 10712
0.884375 0.8375 10714
0.884375 0.8375 10714
0.884375 0.8375 10714
0.884375 0.8375 10716
0.884375 0.8375 10722
0.884375 0.8375 10722
0.884375 0.8375 10722
0.884375 0.8375 10742
0.884375 0.8375 10742
0.884375 0.8375 10742
0.884375 0.8375 10742
0.884375 0.8375 10744
0.884375 0.8375 10744
0.884375 0.8375 10744
0.884375 0.8375 10744
0.884375 0.8375 10744
0.884375 0.8375 10744
0.884375 0.8375 10750
0.884375 0.8375 10750
0.884375 0.8375 10750
0.884375 0.8375 10750
0.884375 0.8375 10750
0.884375 0.8375 10750
0.884375 0.8375 10770
0.884375 0.8375 10800
0.884375 0.8375 10800
0.884375 0.8375 10800
0.884375 0.8375 10800
0.884375 0.8375 10800
0.884375 0.8375 10820
0.884375 0.8375 10820
0.884375 0.8375 10820
0.884375 0.8375 10820
0.884375 0.8375 10820
0.884375 0.8375 10826
0.884375 0.8375 10826
0.884375 0.8375 10826
0.884375 0.8375 10826
0.884375 0.8375 10828
0.884375 0.8375 10828
0.884375 0.8375 10828
0.884375 0.8375 10828
0.884375 0.8375 10828
0.884375 0.8375 10830
0.884375 0.8375 10830
0.884375 0.8375 10832
0.884375 0.8375 10832
0.884375 0.8375 10832
0.884375 0.8375 10834
0.884375 0.8375 10864
0.884375 0.8375 10866
0.884375 0.8375 10866
0.884375 0.8375 10866
0.884375 0.8375 10866
0.884375 0.8375 10866
0.884375 0.8375 10866
0.884375 0.8375 10866
0.884375 0.8375 10886
0.884375 0.8375 10886
0.884375 0.84375 10886
0.884375 0.84375 10886
0.884375 0.84375 10886
0.884375 0.84375 10886
0.884375 0.84375 10886
0.884375 0.84375 10886
0.884375 0.84375 10888
0.884375 0.84375 10888
0.884375 0.84375 10888
0.884375 0.84375 10888
0.884375 0.84375 10888
0.884375 0.84375 10888
0.884375 0.8375 10888
0.884375 0.8375 10894
0.884375 0.8375 10894
0.884375 0.8375 10894
0.884375 0.8375 10894
0.884375 0.8375 10894
0.884375 0.8375 10896
0.884375 0.8375 10908
0.884375 0.8375 10908
0.884375 0.8375 10914
0.884375 0.8375 10914
0.884375 0.8375 10914
0.884375 0.8375 10914
0.884375 0.8375 10914
0.884375 0.8375 10914
0.884375 0.8375 10914
0.884375 0.8375 10914
0.884375 0.8375 10914
0.884375 0.8375 10914
0.884375 0.84375 10914
0.884375 0.84375 10914
0.884375 0.84375 10914
0.884375 0.84375 10914
0.884375 0.84375 10926
0.884375 0.84375 10926
0.884375 0.84375 10926
0.884375 0.84375 10926
0.884375 0.84375 10926
0.884375 0.84375 10926
0.884375 0.84375 10926
0.884375 0.84375 10926
0.884375 0.84375 10926
0.884375 0.84375 10926
0.884375 0.84375 10932
0.884375 0.84375 10932
0.884375 0.8375 10932
0.884375 0.8375 10932
0.884375 0.8375 10932
0.884375 0.8375 10932
0.884375 0.8375 10932
0.884375 0.8375 10932
0.884375 0.8375 10932
0.884375 0.8375 10932
0.884375 0.8375 10934
0.884375 0.8375 10934
0.884375 0.8375 10954
0.884375 0.8375 10954
0.884375 0.8375 10954
0.884375 0.8375 10954
0.884375 0.8375 10954
0.884375 0.8375 10954
0.884375 0.8375 10954
0.884375 0.8375 10954
0.884375 0.8375 10954
0.884375 0.8375 10954
0.884375 0.8375 10954
0.884375 0.8375 10954
0.884375 0.8375 10954
0.884375 0.8375 10960
0.884375 0.8375 10972
0.884375 0.8375 10972
0.884375 0.8375 10972
0.884375 0.8375 10972
0.884375 0.8375 10972
0.884375 0.8375 10972
0.884375 0.8375 10974
0.884375 0.8375 10976
0.884375 0.8375 10978
0.884375 0.8375 10978
0.884375 0.8375 10978
0.884375 0.8375 10980
0.884375 0.8375 10986
0.884375 0.8375 10986
0.884375 0.8375 10986
0.884375 0.8375 10986
0.884375 0.8375 10986
0.884375 0.8375 10986
0.884375 0.8375 10986
0.884375 0.8375 10992
0.884375 0.8375 10992
0.884375 0.8375 10992
0.884375 0.8375 10994
0.884375 0.8375 11000
0.884375 0.8375 11000
0.884375 0.8375 11000
0.884375 0.8375 11000
0.884375 0.8375 11000
0.884375 0.8375 11000
0.884375 0.8375 11000
0.884375 0.8375 11002
0.884375 0.8375 11004
0.884375 0.8375 11004
0.884375 0.8375 11004
0.884375 0.8375 11006
0.884375 0.8375 11008
0.884375 0.8375 11008
0.884375 0.8375 11010
0.884375 0.8375 11010
0.884375 0.8375 11016
0.884375 0.8375 11018
0.884375 0.8375 11018
0.884375 0.8375 11018
0.884375 0.8375 11018
0.884375 0.8375 11020
0.884375 0.8375 11020
0.884375 0.8375 11020
0.884375 0.8375 11020
0.884375 0.8375 11020
0.884375 0.8375 11022
0.884375 0.8375 11022
0.884375 0.8375 11022
0.884375 0.8375 11022
0.884375 0.8375 11024
0.884375 0.8375 11024
0.884375 0.8375 11024
0.884375 0.8375 11024
0.884375 0.8375 11024
0.884375 0.8375 11024
0.884375 0.8375 11024
0.884375 0.8375 11026
0.884375 0.8375 11026
0.884375 0.8375 11026
0.884375 0.8375 11026
0.884375 0.8375 11026
0.884375 0.8375 11026
0.884375 0.8375 11026
0.884375 0.8375 11026
0.884375 0.8375 11026
0.884375 0.8375 11026
0.884375 0.8375 11026
0.884375 0.8375 11026
0.884375 0.83125 11032
0.884375 0.83125 11032
0.884375 0.83125 11032
0.884375 0.83125 11032
0.884375 0.83125 11032
0.884375 0.83125 11032
0.884375 0.83125 11052
0.884375 0.83125 11054
0.884375 0.83125 11054
0.884375 0.83125 11054
0.884375 0.83125 11060
0.884375 0.83125 11060
0.884375 0.83125 11060
0.884375 0.83125 11060
0.884375 0.83125 11060
0.884375 0.83125 11060
0.884375 0.83125 11060
0.884375 0.83125 11060
0.884375 0.83125 11062
0.884375 0.83125 11062
0.884375 0.83125 11062
0.884375 0.83125 11062
0.884375 0.83125 11062
0.884375 0.8375 11068
0.884375 0.8375 11068
0.884375 0.8375 11068
0.884375 0.8375 11068
0.884375 0.8375 11068
0.884375 0.8375 11068
0.884375 0.8375 11068
0.884375 0.8375 11068
0.884375 0.8375 11074
0.884375 0.8375 11074
0.884375 0.8375 11076
0.884375 0.8375 11076
0.884375 0.8375 11076
0.884375 0.8375 11082
0.884375 0.8375 11082
0.884375 0.8375 11088
0.884375 0.8375 11090
0.884375 0.8375 11090
0.884375 0.8375 11090
0.884375 0.8375 11090
0.884375 0.8375 11090
0.884375 0.8375 11092
0.884375 0.8375 11092
0.884375 0.8375 11092
0.884375 0.8375 11094
0.884375 0.8375 11094
0.884375 0.8375 11094
0.884375 0.8375 11096
0.884375 0.8375 11102
0.884375 0.8375 11102
0.884375 0.8375 11122
0.884375 0.8375 11134
0.884375 0.8375 11134
0.884375 0.8375 11134
0.884375 0.8375 11134
0.884375 0.8375 11136
0.884375 0.8375 11136
0.884375 0.8375 11136
0.884375 0.8375 11136
0.884375 0.8375 11136
0.884375 0.8375 11166
0.884375 0.8375 11166
0.884375 0.8375 11166
0.884375 0.8375 11166
0.884375 0.8375 11166
0.884375 0.8375 11166
0.884375 0.8375 11166
0.884375 0.8375 11166
0.884375 0.8375 11166
0.884375 0.8375 11166
0.884375 0.8375 11166
0.884375 0.8375 11166
0.884375 0.8375 11166
0.884375 0.8375 11166
0.884375 0.8375 11166
0.884375 0.8375 11166
0.884375 0.8375 11166
0.884375 0.8375 11166
0.884375 0.8375 11166
0.884375 0.8375 11168
0.884375 0.8375 11168
0.884375 0.8375 11168
0.884375 0.8375 11168
0.884375 0.8375 11170
0.884375 0.8375 11170
0.8875 0.8375 11190
0.8875 0.8375 11190
0.8875 0.8375 11190
0.8875 0.8375 11190
0.8875 0.8375 11190
0.8875 0.8375 11190
0.8875 0.8375 11190
0.8875 0.8375 11190
0.8875 0.8375 11190
0.8875 0.8375 11190
0.8875 0.8375 11190
0.8875 0.8375 11190
0.8875 0.8375 11190
0.8875 0.8375 11192
0.8875 0.8375 11192
0.8875 0.8375 11194
0.8875 0.8375 11194
0.8875 0.8375 11194
0.8875 0.8375 11194
0.890625 0.8375 11200
0.890625 0.8375 11200
0.890625 0.8375 11200
0.890625 0.8375 11200
0.890625 0.8375 11206
0.890625 0.8375 11206
0.890625 0.8375 11208
0.890625 0.8375 11208
0.8875 0.8375 11250
0.8875 0.8375 11250
0.8875 0.8375 11250
0.8875 0.8375 11250
0.8875 0.8375 11252
0.8875 0.8375 11252
0.8875 0.8375 11252
0.8875 0.8375 11264
0.8875 0.8375 11264
0.8875 0.8375 11264
0.8875 0.8375 11264
0.8875 0.8375 11264
0.8875 0.8375 11264
0.8875 0.8375 11270
0.8875 0.8375 11270
0.8875 0.8375 11270
0.8875 0.8375 11270
0.8875 0.8375 11270
0.8875 0.8375 11270
0.8875 0.8375 11270
0.8875 0.8375 11270
0.8875 0.8375 11270
0.8875 0.8375 11270
0.8875 0.8375 11270
0.8875 0.8375 11270
0.8875 0.8375 11272
0.8875 0.8375 11272
0.8875 0.8375 11272
0.8875 0.8375 11272
0.8875 0.8375 11272
0.8875 0.8375 11272
0.8875 0.8375 11272
0.8875 0.8375 11272
0.8875 0.8375 11272
0.8875 0.8375 11272
0.8875 0.8375 11272
0.8875 0.8375 11272
0.8875 0.8375 11272
0.8875 0.8375 11272
0.8875 0.8375 11274
0.8875 0.8375 11274
0.8875 0.8375 11286
0.8875 0.8375 11286
0.8875 0.8375 11286
0.8875 0.8375 11288
0.8875 0.8375 11290
0.8875 0.8375 11292
0.8875 0.8375 11294
0.8875 0.8375 11314
0.8875 0.8375 11314
0.8875 0.8375 11316
0.8875 0.8375 11316
0.8875 0.8375 11316
0.8875 0.8375 11316
0.8875 0.8375 11318
0.8875 0.8375 11318
0.8875 0.8375 11318
0.8875 0.8375 11324
0.8875 0.8375 11324
0.8875 0.8375 11324
0.8875 0.8375 11324
0.8875 0.8375 11324
0.884375 0.8375 11336
0.884375 0.8375 11336
0.884375 0.8375 11336
0.884375 0.8375 11336
0.884375 0.8375 11336
0.884375 0.8375 11336
0.884375 0.8375 11336
0.884375 0.8375 11336
0.884375 0.8375 11338
0.884375 0.8375 11344
0.884375 0.8375 11344
0.884375 0.834375 11344
0.884375 0.83125 11346
0.884375 0.83125 11346
0.884375 0.83125 11346
0.884375 0.83125 11358
0.884375 0.83125 11358
0.884375 0.83125 11370
0.884375 0.83125 11372
0.884375 0.83125 11372
0.884375 0.83125 11378
0.884375 0.83125 11380
0.884375 0.83125 11380
0.884375 0.83125 11380
0.884375 0.83125 11380
0.884375 0.83125 11380
0.884375 0.83125 11380
0.884375 0.83125 11380
0.884375 0.83125 11380
0.884375 0.83125 11380
0.884375 0.83125 11380
0.884375 0.83125 11380
0.884375 0.83125 11380
0.884375 0.83125 11380
0.884375 0.83125 11380
0.884375 0.83125 11380
0.884375 0.83125 11380
0.884375 0.83125 11410
0.884375 0.83125 11410
0.884375 0.83125 11410
0.884375 0.83125 11410
0.884375 0.83125 11410
0.884375 0.83125 11412
0.884375 0.83125 11412
0.884375 0.83125 11412
0.884375 0.83125 11432
0.884375 0.83125 11432
0.884375 0.83125 11432
0.884375 0.83125 11452
0.884375 0.83125 11452
0.884375 0.83125 11464
0.884375 0.83125 11464
0.884375 0.83125 11464
0.884375 0.83125 11464
0.884375 0.83125 11464
0.884375 0.83125 11464
0.884375 0.83125 11464
0.884375 0.83125 11466
0.884375 0.83125 11466
0.884375 0.83125 11472
0.884375 0.83125 11472
0.884375 0.83125 11472
0.884375 0.83125 11478
0.884375 0.83125 11490
0.884375 0.83125 11492
0.884375 0.83125 11492
0.884375 0.83125 11492
0.884375 0.83125 11492
0.884375 0.83125 11492
0.884375 0.83125 11498
0.884375 0.83125 11498
0.884375 0.83125 11498
0.884375 0.83125 11500
0.884375 0.83125 11502
0.884375 0.83125 11502
0.884375 0.83125 11502
0.884375 0.83125 11502
0.884375 0.83125 11504
0.884375 0.83125 11504
0.884375 0.83125 11504
0.884375 0.83125 11504
0.884375 0.83125 11504
0.884375 0.83125 11506
0.884375 0.83125 11506
0.884375 0.83125 11506
0.884375 0.83125 11506
0.884375 0.83125 11506
0.884375 0.83125 11536
0.884375 0.83125 11542
0.884375 0.83125 11542
0.884375 0.83125 11542
0.884375 0.83125 11544
0.884375 0.83125 11544
0.884375 0.83125 11544
0.884375 0.83125 11546
0.884375 0.83125 11546
0.884375 0.83125 11546
0.884375 0.83125 11546
0.884375 0.83125 11546
0.884375 0.83125 11546
0.884375 0.83125 11548
0.884375 0.83125 11548
0.884375 0.83125 11548
0.884375 0.83125 11548
0.884375 0.83125 11548
0.884375 0.83125 11548
0.884375 0.83125 11548
0.884375 0.83125 11560
0.884375 0.83125 11560
0.884375 0.83125 11560
0.884375 0.83125 11560
0.884375 0.83125 11560
0.884375 0.83125 11562
0.884375 0.83125 11562
0.884375 0.83125 11562
0.884375 0.83125 11562
0.884375 0.83125 11562
0.884375 0.83125 11562
0.884375 0.83125 11562
0.884375 0.83125 11562
0.884375 0.83125 11564
0.884375 0.83125 11564
0.884375 0.83125 11564
0.884375 0.83125 11564
0.884375 0.83125 11564
0.884375 0.83125 11564
0.884375 0.83125 11564
0.884375 0.83125 11564
0.884375 0.83125 11564
0.884375 0.83125 11564
0.884375 0.83125 11564
0.884375 0.83125 11566
0.884375 0.83125 11566
0.884375 0.83125 11568
0.884375 0.83125 11568
0.884375 0.83125 11570
0.884375 0.83125 11570
0.884375 0.83125 11576
0.884375 0.83125 11576
0.884375 0.83125 11576
0.884375 0.83125 11576
0.884375 0.83125 11576
0.884375 0.83125 11576
0.884375 0.83125 11576
0.884375 0.83125 11576
0.884375 0.83125 11576
0.884375 0.83125 11576
0.884375 0.83125 11576
0.884375 0.83125 11576
0.884375 0.83125 11576
0.884375 0.83125 11576
0.884375 0.83125 11576
0.884375 0.83125 11576
0.884375 0.83125 11576
0.884375 0.83125 11576
0.884375 0.83125 11576
0.884375 0.83125 11576
0.884375 0.83125 11576
0.884375 0.83125 11576
0.884375 0.83125 11578
0.884375 0.83125 11578
0.884375 0.83125 11578
0.884375 0.83125 11578
0.884375 0.83125 11590
0.884375 0.83125 11590
0.884375 0.83125 11592
0.884375 0.83125 11594
0.884375 0.83125 11596
0.884375 0.83125 11596
0.884375 0.83125 11596
0.884375 0.83125 11598
0.884375 0.83125 11598
0.884375 0.83125 11598
0.884375 0.83125 11598
0.884375 0.83125 11598
0.884375 0.83125 11600
0.884375 0.83125 11600
0.884375 0.83125 11600
0.884375 0.83125 11600
0.884375 0.83125 11612
0.884375 0.83125 11612
0.884375 0.83125 11612
0.884375 0.83125 11612
0.884375 0.83125 11614
0.884375 0.83125 11614
0.884375 0.83125 11614
0.884375 0.83125 11614
0.884375 0.83125 11614
0.88125 0.83125 11644
0.89375 0.84375 11686
0.89375 0.84375 11686
0.89375 0.84375 11686
0.89375 0.84375 11686
0.89375 0.84375 11686
0.89375 0.84375 11686
0.89375 0.84375 11692
0.89375 0.84375 11698
0.89375 0.84375 11698
0.89375 0.84375 11698
0.89375 0.84375 11698
0.89375 0.84375 11698
0.89375 0.84375 11698
0.89375 0.84375 11698
0.89375 0.84375 11704
0.89375 0.84375 11704
0.89375 0.84375 11704
0.89375 0.84375 11704
0.89375 0.84375 11704
0.89375 0.84375 11704
0.89375 0.84375 11716
0.89375 0.84375 11716
0.89375 0.84375 11716
0.89375 0.84375 11718
0.89375 0.84375 11718
0.89375 0.84375 11720
0.89375 0.84375 11720
0.89375 0.84375 11722
0.89375 0.84375 11728
0.89375 0.84375 11728
0.89375 0.84375 11728
0.89375 0.84375 11728
0.89375 0.84375 11728
0.89375 0.84375 11728
0.89375 0.84375 11728
0.89375 0.84375 11728
0.89375 0.84375 11728
0.89375 0.84375 11730
0.89375 0.84375 11732
0.89375 0.84375 11732
0.89375 0.84375 11732
0.89375 0.84375 11732
0.89375 0.84375 11732
0.89375 0.84375 11732
0.89375 0.84375 11732
0.89375 0.84375 11732
0.89375 0.84375 11732
0.89375 0.84375 11732
0.89375 0.84375 11732
0.89375 0.84375 11738
0.89375 0.84375 11738
0.89375 0.84375 11738
0.89375 0.84375 11740
0.89375 0.84375 11740
0.89375 0.84375 11742
0.89375 0.84375 11742
0.89375 0.84375 11742
0.89375 0.84375 11742
0.89375 0.84375 11744
0.89375 0.84375 11744
0.89375 0.84375 11746
0.89375 0.84375 11748
0.89375 0.84375 11750
0.89375 0.84375 11762
0.89375 0.84375 11762
0.89375 0.84375 11762
0.89375 0.84375 11762
0.89375 0.84375 11762
0.89375 0.84375 11774
0.89375 0.84375 11774
0.89375 0.84375 11774
0.89375 0.84375 11776
0.89375 0.84375 11782
0.89375 0.84375 11782
0.89375 0.84375 11782
0.89375 0.84375 11782
0.89375 0.84375 11782
0.89375 0.84375 11782
0.89375 0.84375 11782
0.89375 0.84375 11782
0.89375 0.84375 11788
0.89375 0.84375 11790
0.89375 0.84375 11792
0.89375 0.84375 11792
0.89375 0.84375 11792
0.89375 0.84375 11792
0.89375 0.84375 11792
0.89375 0.84375 11792
0.89375 0.84375 11792
0.89375 0.84375 11792
0.89375 0.84375 11794
0.89375 0.84375 11794
0.89375 0.84375 11796
0.89375 0.84375 11796
0.89375 0.84375 11796
0.89375 0.84375 11796
0.89375 0.84375 11796
0.89375 0.84375 11796
0.89375 0.84375 11802
0.89375 0.84375 11802
0.89375 0.85 11822
0.89375 0.85 11822
0.89375 0.85 11822
0.89375 0.85 11824
0.89375 0.85 11830
0.89375 0.85 11830
0.89375 0.85 11830
0.89375 0.85 11830
0.89375 0.85 11830
0.89375 0.85 11830
0.89375 0.85 11830
0.89375 0.85 11830
0.89375 0.85 11830
0.89375 0.85 11830
0.89375 0.85 11830
0.89375 0.85 11830
0.89375 0.85 11830
0.89375 0.85 11830
0.89375 0.85 11830
0.89375 0.85 11832
0.89375 0.85 11832
0.89375 0.85 11862
0.89375 0.85 11862
0.89375 0.85 11868
0.89375 0.85 11868
0.89375 0.85 11868
0.89375 0.85 11868
0.89375 0.85 11868
0.89375 0.85 11868
0.89375 0.85 11888
0.89375 0.85 11888
0.89375 0.85 11888
0.89375 0.85 11890
0.89375 0.85 11890
0.89375 0.85 11892
0.89375 0.85 11894
0.89375 0.85 11894
0.89375 0.85 11894
0.89375 0.85 11894
0.89375 0.85 11894
0.89375 0.85 11896
0.89375 0.85 11896
0.89375 0.85 11896
0.89375 0.85 11896
0.890625 0.84375 11926
0.890625 0.84375 11926
0.890625 0.84375 11926
0.890625 0.84375 11926
0.890625 0.84375 11928
0.890625 0.84375 11928
0.890625 0.84375 11928
0.890625 0.84375 11928
0.890625 0.84375 11928
0.890625 0.84375 11930
0.890625 0.84375 11930
0.890625 0.84375 11930
0.890625 0.84375 11930
0.890625 0.84375 11930
0.890625 0.84375 11930
0.890625 0.84375 11930
0.890625 0.84375 11930
0.890625 0.84375 11936
0.890625 0.84375 11938
0.89375 0.83125 11994
0.89375 0.83125 11994
0.89375 0.83125 11994
0.89375 0.83125 11994
0.89375 0.83125 11996
0.89375 0.83125 11996
0.89375 0.83125 11996
0.89375 0.83125 11996
0.89375 0.83125 11996
0.89375 0.83125 11996
0.89375 0.83125 11996
0.89375 0.83125 11996
0.89375 0.83125 11996
0.89375 0.83125 11996
0.89375 0.83125 11996
0.89375 0.83125 12002
0.89375 0.83125 12002
0.89375 0.83125 12004
0.89375 0.83125 12004
0.89375 0.83125 12004
0.89375 0.83125 12010
0.89375 0.83125 12010
0.89375 0.83125 12012
0.89375 0.83125 12018
0.89375 0.83125 12018
0.89375 0.83125 12150
0.89375 0.83125 12150
0.89375 0.83125 12150
0.89375 0.83125 12156
0.89375 0.83125 12156
0.89375 0.83125 12156
0.89375 0.83125 12156
0.89375 0.83125 12156
0.89375 0.83125 12156
0.89375 0.83125 12156
0.89375 0.83125 12156
0.89375 0.83125 12156
0.89375 0.83125 12156
0.89375 0.83125 12156
0.89375 0.83125 12158
0.89375 0.83125 12158
0.89375 0.83125 12158
0.89375 0.83125 12164
0.89375 0.83125 12164
0.89375 0.83125 12164
0.89375 0.83125 12164
0.89375 0.83125 12164
0.89375 0.83125 12164
0.89375 0.83125 12164
0.89375 0.83125 12164
0.89375 0.83125 12164
0.89375 0.83125 12164
0.89375 0.83125 12176
0.89375 0.83125 12176
0.89375 0.83125 12176
0.89375 0.83125 12176
0.89375 0.83125 12178
0.89375 0.83125 12178
0.89375 0.83125 12184
0.89375 0.83125 12184
0.89375 0.83125 12184
0.89375 0.83125 12184
0.89375 0.83125 12184
0.89375 0.83125 12184
0.89375 0.83125 12184
0.89375 0.83125 12184
0.89375 0.83125 12184
0.89375 0.83125 12184
0.89375 0.83125 12184
0.89375 0.83125 12184
0.89375 0.83125 12184
0.89375 0.83125 12186
0.89375 0.83125 12192
0.89375 0.83125 12192
0.89375 0.83125 12192
0.89375 0.83125 12192
0.89375 0.83125 12192
0.89375 0.83125 12192
0.89375 0.83125 12192
0.89375 0.83125 12192
0.89375 0.83125 12192
0.89375 0.83125 12198
0.89375 0.83125 12198
0.89375 0.83125 12200
0.896875 0.83125 12212
0.896875 0.83125 12212
0.896875 0.83125 12214
0.896875 0.83125 12216
0.896875 0.83125 12216
0.896875 0.83125 12216
0.896875 0.83125 12216
0.896875 0.83125 12216
0.896875 0.83125 12216
0.896875 0.83125 12218
0.896875 0.83125 12218
0.896875 0.83125 12230
0.896875 0.825 12230
0.896875 0.83125 12230
0.896875 0.83125 12230
0.896875 0.83125 12230
0.896875 0.83125 12230
0.896875 0.83125 12230
0.896875 0.83125 12230
0.896875 0.83125 12242
0.896875 0.83125 12254
0.896875 0.83125 12256
0.896875 0.83125 12256
0.896875 0.83125 12256
0.896875 0.83125 12256
0.896875 0.83125 12258
0.896875 0.83125 12258
0.896875 0.83125 12264
0.896875 0.83125 12266
0.896875 0.83125 12266
0.896875 0.83125 12266
0.896875 0.825 12266
0.896875 0.825 12268
0.896875 0.825 12268
0.896875 0.825 12268
0.896875 0.825 12268
0.896875 0.825 12268
0.896875 0.825 12268
0.8875 0.8125 12730
0.8875 0.8125 12730
0.8875 0.8125 12730
0.8875 0.8125 12730
0.8875 0.8125 12730
0.8875 0.8125 12730
0.8875 0.8125 12732
0.8875 0.8125 12732
0.8875 0.8125 12732
0.8875 0.8125 12732
0.8875 0.8125 12734
0.8875 0.8125 12734
0.8875 0.8125 12734
0.8875 0.8125 12734
0.8875 0.80625 12734
0.8875 0.80625 12740
0.8875 0.80625 12746
0.8875 0.80625 12746
0.8875 0.80625 12746
0.8875 0.80625 12746
0.8875 0.80625 12746
0.8875 0.80625 12746
0.8875 0.80625 12746
0.8875 0.80625 12746
0.8875 0.80625 12748
0.8875 0.80625 12754
0.8875 0.80625 12756
0.8875 0.80625 12756
0.8875 0.80625 12756
0.8875 0.81875 12776
0.8875 0.81875 12776
0.8875 0.81875 12782
0.8875 0.81875 12782
0.8875 0.81875 12782
0.8875 0.81875 12784
0.8875 0.81875 12784
0.8875 0.81875 12784
0.8875 0.81875 12784
0.8875 0.81875 12784
0.8875 0.81875 12784
0.8875 0.81875 12784
0.8875 0.81875 12784
0.8875 0.81875 12784
0.8875 0.81875 12784
0.8875 0.81875 12786
0.8875 0.81875 12786
0.8875 0.81875 12788
0.8875 0.81875 12788
0.8875 0.81875 12788
0.8875 0.81875 12790
0.8875 0.81875 12790
0.8875 0.81875 12796
0.8875 0.81875 12796
0.8875 0.81875 12796
0.8875 0.81875 12796
0.8875 0.81875 12796
0.8875 0.81875 12796
0.8875 0.81875 12796
0.8875 0.81875 12796
0.8875 0.81875 12796
0.8875 0.81875 12798
0.8875 0.81875 12798
0.8875 0.81875 12800
0.8875 0.81875 12806
0.8875 0.81875 12806
0.8875 0.81875 12806
0.8875 0.81875 12806
0.8875 0.81875 12808
0.8875 0.81875 12808
0.8875 0.81875 12808
0.8875 0.81875 12808
0.8875 0.81875 12814
0.8875 0.81875 12814
0.8875 0.81875 12814
0.8875 0.81875 12814
0.8875 0.81875 12814
0.8875 0.81875 12814
0.8875 0.81875 12814
0.8875 0.81875 12814
0.8875 0.81875 12814
0.8875 0.81875 12816
0.8875 0.81875 12816
0.8875 0.81875 12816
0.8875 0.81875 12816
0.8875 0.81875 12816
0.8875 0.81875 12818
0.8875 0.81875 12818
0.8875 0.81875 12818
0.8875 0.81875 12818
0.8875 0.81875 12818
0.8875 0.81875 12818
0.8875 0.81875 12820
0.8875 0.81875 12822
0.8875 0.81875 12822
0.8875 0.81875 12822
0.8875 0.81875 12822
0.8875 0.81875 12822
0.8875 0.81875 12824
0.8875 0.81875 12824
0.8875 0.81875 12830
0.8875 0.81875 12830
0.8875 0.81875 12830
0.8875 0.81875 12830
0.8875 0.81875 12830
0.8875 0.81875 12830
0.8875 0.81875 12830
0.8875 0.81875 12850
0.8875 0.81875 12850
0.8875 0.81875 12850
0.8875 0.81875 12850
0.8875 0.81875 12850
0.8875 0.81875 12850
0.8875 0.81875 12892
0.8875 0.81875 12892
0.8875 0.81875 12892
0.8875 0.81875 12892
0.8875 0.81875 12892
0.8875 0.81875 12894
0.8875 0.81875 12894
0.8875 0.81875 12894
0.8875 0.81875 12894
0.8875 0.81875 12894
0.8875 0.81875 12894
0.8875 0.81875 12894
0.8875 0.81875 12896
0.8875 0.81875 12968
0.8875 0.81875 12968
0.8875 0.81875 12970
0.8875 0.81875 12970
0.8875 0.81875 12970
0.8875 0.81875 12970
0.8875 0.81875 12970
0.8875 0.81875 12970
0.8875 0.81875 12970
0.8875 0.81875 12970
0.8875 0.81875 12970
0.8875 0.81875 12970
0.8875 0.81875 12970
0.8875 0.81875 13060
0.8875 0.81875 13062
0.8875 0.81875 13068
0.8875 0.81875 13070
0.8875 0.81875 13070
0.8875 0.81875 13070
0.8875 0.81875 13070
0.8875 0.81875 13070
0.8875 0.81875 13072
0.8875 0.81875 13078
0.8875 0.81875 13080
0.8875 0.81875 13080
0.8875 0.81875 13080
0.8875 0.81875 13082
0.8875 0.81875 13084
0.8875 0.81875 13086
0.8875 0.81875 13106
0.8875 0.81875 13106
0.8875 0.81875 13106
0.8875 0.81875 13106
0.8875 0.81875 13106
0.8875 0.81875 13106
0.8875 0.81875 13108
0.8875 0.81875 13108
0.8875 0.81875 13108
0.8875 0.81875 13108
0.8875 0.81875 13110
0.8875 0.81875 13110
0.8875 0.81875 13110
0.8875 0.81875 13110
0.8875 0.81875 13112
0.8875 0.81875 13112
0.8875 0.81875 13112
0.8875 0.81875 13112
0.8875 0.81875 13112
0.8875 0.81875 13112
0.8875 0.81875 13112
0.8875 0.81875 13112
0.8875 0.81875 13114
0.8875 0.81875 13114
0.8875 0.81875 13114
0.8875 0.81875 13114
0.8875 0.81875 13134
0.8875 0.81875 13136
0.8875 0.81875 13136
0.8875 0.81875 13136
0.8875 0.81875 13136
0.8875 0.81875 13136
0.8875 0.81875 13138
0.8875 0.81875 13138
0.8875 0.81875 13138
0.8875 0.81875 13138
0.8875 0.81875 13138
0.8875 0.81875 13138
0.8875 0.81875 13158
0.8875 0.81875 13158
0.8875 0.81875 13158
0.8875 0.81875 13158
0.8875 0.81875 13158
0.8875 0.81875 13158
0.8875 0.81875 13158
0.8875 0.81875 13158
0.8875 0.81875 13158
0.8875 0.81875 13158
0.8875 0.81875 13160
0.8875 0.81875 13160
0.8875 0.81875 13160
0.8875 0.81875 13160
0.8875 0.81875 13202
0.8875 0.81875 13202
0.8875 0.81875 13202
0.8875 0.81875 13202
0.8875 0.81875 13208
0.8875 0.81875 13220
0.8875 0.81875 13222
0.8875 0.81875 13222
0.8875 0.81875 13242
0.8875 0.81875 13242
0.8875 0.81875 13244
0.8875 0.81875 13250
0.8875 0.81875 13250
0.8875 0.81875 13250
0.8875 0.81875 13252
0.8875 0.81875 13252
0.8875 0.81875 13282
0.8875 0.81875 13302
0.8875 0.81875 13302
0.8875 0.81875 13304
0.8875 0.81875 13304
0.8875 0.81875 13304
0.8875 0.81875 13304
0.8875 0.81875 13304
0.8875 0.81875 13304
0.8875 0.81875 13310
0.8875 0.81875 13310
0.8875 0.81875 13316
0.8875 0.81875 13316
0.8875 0.81875 13316
0.8875 0.81875 13322
0.8875 0.81875 13324
0.8875 0.81875 13324
0.8875 0.81875 13324
0.8875 0.81875 13324
0.8875 0.81875 13324
0.8875 0.81875 13326
0.8875 0.81875 13326
0.8875 0.81875 13326
0.8875 0.81875 13326
0.8875 0.81875 13326
0.8875 0.81875 13326
0.8875 0.81875 13326
0.8875 0.81875 13338
0.8875 0.81875 13340
0.8875 0.81875 13340
0.8875 0.81875 13352
0.8875 0.81875 13352
0.8875 0.81875 13352
0.8875 0.81875 13352
0.8875 0.81875 13352
0.8875 0.81875 13352
0.8875 0.81875 13354
0.8875 0.81875 13354
0.8875 0.81875 13354
0.8875 0.81875 13356
0.8875 0.81875 13358
0.8875 0.81875 13388
0.8875 0.81875 13390
0.8875 0.81875 13390
0.8875 0.81875 13390
0.8875 0.81875 13390
0.8875 0.81875 13392
