0.828125 0.825 596
0.790625 0.784375 1102
0.75625 0.71875 1564
0.790625 0.790625 1720
0.759375 0.759375 1876
0.746875 0.753125 2008
0.74375 0.7625 2140
0.753125 0.75 2272
0.7625 0.765625 2404
0.759375 0.759375 2536
0.7625 0.75625 2668
0.75625 0.775 2778
0.753125 0.775 2888
0.753125 0.771875 2998
0.75 0.778125 3108
0.765625 0.7875 3198
0.765625 0.7875 3288
0.78125 0.7875 3378
0.78125 0.7875 3450
0.784375 0.79375 3522
0.78125 0.7875 3594
0.78125 0.79375 3666
0.778125 0.790625 3738
0.78125 0.79375 3810
0.778125 0.796875 3882
0.771875 0.8 3954
0.771875 0.79375 4026
0.765625 0.790625 4082
0.76875 0.796875 4138
0.78125 0.79375 4194
0.790625 0.81875 4250
0.790625 0.821875 4306
0.790625 0.821875 4362
0.790625 0.81875 4418
0.790625 0.81875 4474
0.790625 0.80625 4530
0.790625 0.8125 4586
0.7875 0.803125 4642
0.7875 0.8 4698
0.7875 0.8 4754
0.78125 0.79375 4810
0.784375 0.8 4866
0.778125 0.790625 4922
0.778125 0.790625 4964
0.79375 0.8 5006
0.81875 0.859375 5048
0.815625 0.8625 5090
0.815625 0.8625 5132
0.815625 0.859375 5174
0.815625 0.859375 5216
0.8125 0.86875 5258
0.8125 0.8625 5300
0.815625 0.859375 5342
0.809375 0.86875 5384
0.8 0.86875 5426
0.803125 0.86875 5468
0.796875 0.871875 5510
0.796875 0.875 5552
0.79375 0.878125 5594
0.79375 0.871875 5636
0.79375 0.86875 5678
0.790625 0.8625 5720
0.790625 0.8625 5762
0.8 0.853125 5804
0.803125 0.84375 5846
0.809375 0.853125 5888
0.80625 0.846875 5930
0.80625 0.846875 5972
0.80625 0.853125 6002
0.809375 0.859375 6032
0.803125 0.865625 6062
0.803125 0.86875 6092
0.803125 0.871875 6122
0.803125 0.865625 6152
0.803125 0.8625 6182
0.815625 0.865625 6212
0.81875 0.86875 6242
0.81875 0.865625 6272
0.81875 0.865625 6302
0.815625 0.853125 6332
0.815625 0.853125 6362
0.81875 0.853125 6392
0.825 0.86875 6422
0.828125 0.875 6452
0.828125 0.875 6482
0.828125 0.875 6512
0.828125 0.878125 6542
0.83125 0.878125 6572
0.83125 0.884375 6602
0.825 0.88125 6632
0.821875 0.8625 6662
0.815625 0.8625 6692
0.815625 0.865625 6722
0.815625 0.8625 6752
0.815625 0.859375 6782
0.8375 0.9125 6812
0.8375 0.9125 6842
0.8375 0.91875 6872
0.8375 0.91875 6902
0.83125 0.9125 6932
0.834375 0.9125 6962
0.840625 0.915625 6992
0.840625 0.915625 7022
0.840625 0.915625 7052
0.84375 0.915625 7082
0.840625 0.91875 7112
0.846875 0.91875 7142
0.846875 0.91875 7172
0.846875 0.91875 7202
0.846875 0.90625 7232
0.846875 0.9125 7262
0.84375 0.9125 7292
0.84375 0.9125 7312
0.84375 0.91875 7332
0.84375 0.915625 7352
0.84375 0.91875 7372
0.84375 0.91875 7392
0.840625 0.91875 7412
0.840625 0.909375 7432
0.84375 0.921875 7452
0.84375 0.921875 7472
0.84375 0.91875 7492
0.840625 0.9125 7512
0.840625 0.9125 7532
0.84375 0.9125 7552
0.84375 0.9125 7572
0.84375 0.9125 7592
0.84375 0.9125 7612
0.84375 0.9125 7632
0.84375 0.9125 7652
0.84375 0.909375 7672
0.84375 0.90625 7692
0.84375 0.90625 7712
0.84375 0.903125 7732
0.84375 0.903125 7752
0.84375 0.903125 7772
0.84375 0.903125 7792
0.84375 0.903125 7812
0.84375 0.903125 7832
0.846875 0.903125 7852
0.846875 0.903125 7872
0.846875 0.903125 7892
0.846875 0.903125 7912
0.846875 0.903125 7932
0.846875 0.90625 7952
0.84375 0.90625 7972
0.84375 0.90625 7992
0.84375 0.90625 8012
0.840625 0.90625 8032
0.840625 0.903125 8052
0.840625 0.9 8072
0.840625 0.89375 8092
0.840625 0.89375 8112
0.840625 0.890625 8132
0.840625 0.890625 8152
0.840625 0.890625 8172
0.840625 0.890625 8192
0.84375 0.890625 8212
0.84375 0.890625 8232
0.84375 0.89375 8252
0.84375 0.89375 8272
0.84375 0.89375 8292
0.84375 0.89375 8312
0.84375 0.9 8332
0.84375 0.896875 8352
0.84375 0.89375 8372
0.84375 0.89375 8392
0.84375 0.89375 8412
0.84375 0.89375 8432
0.84375 0.89375 8452
0.84375 0.89375 8472
0.84375 0.89375 8492
0.84375 0.8875 8512
0.84375 0.8875 8532
0.84375 0.8875 8552
0.84375 0.890625 8572
0.84375 0.89375 8592
0.84375 0.89375 8612
0.84375 0.89375 8632
0.84375 0.89375 8652
0.846875 0.89375 8672
0.846875 0.89375 8692
0.846875 0.89375 8712
0.846875 0.89375 8732
0.84375 0.8875 8752
0.84375 0.8875 8772
0.84375 0.8875 8792
0.84375 0.8875 8812
0.84375 0.8875 8832
0.84375 0.8875 8852
0.84375 0.8875 8872
0.84375 0.8875 8892
0.840625 0.8875 8912
0.840625 0.8875 8932
0.840625 0.8875 8944
0.840625 0.8875 8956
0.840625 0.8875 8968
0.840625 0.8875 8980
0.840625 0.890625 8992
0.840625 0.89375 9004
0.840625 0.8875 9016
0.840625 0.8875 9028
0.840625 0.8875 9040
0.840625 0.8875 9052
0.840625 0.8875 9064
0.840625 0.8875 9076
0.840625 0.8875 9088
0.840625 0.8875 9100
0.8375 0.8875 9112
0.8375 0.8875 9124
0.8375 0.8875 9136
0.8375 0.8875 9148
0.8375 0.8875 9160
0.8375 0.8875 9172
0.8375 0.8875 9184
0.8375 0.8875 9196
0.8375 0.8875 9208
0.8375 0.8875 9220
0.8375 0.8875 9232
0.8375 0.8875 9244
0.8375 0.8875 9256
0.8375 0.8875 9268
0.8375 0.8875 9280
0.8375 0.8875 9292
0.8375 0.8875 9304
0.8375 0.8875 9316
0.8375 0.890625 9328
0.8375 0.89375 9340
0.8375 0.89375 9352
0.8375 0.89375 9364
0.8375 0.89375 9376
0.8375 0.89375 9388
0.8375 0.89375 9400
0.8375 0.89375 9412
0.8375 0.89375 9424
0.8375 0.89375 9436
0.8375 0.89375 9448
0.8375 0.89375 9460
0.8375 0.89375 9472
0.8375 0.89375 9484
0.8375 0.89375 9496
0.8375 0.89375 9508
0.8375 0.89375 9520
0.8375 0.89375 9532
0.8375 0.890625 9544
0.853125 0.9125 9556
0.865625 0.91875 9568
0.865625 0.91875 9580
0.865625 0.925 9592
0.865625 0.925 9604
0.86875 0.925 9616
0.86875 0.925 9628
0.86875 0.925 9640
0.86875 0.925 9652
0.86875 0.925 9664
0.86875 0.91875 9676
0.86875 0.91875 9688
0.86875 0.91875 9700
0.86875 0.91875 9712
0.86875 0.91875 9724
0.86875 0.91875 9736
0.86875 0.91875 9748
0.86875 0.91875 9760
0.86875 0.91875 9772
0.86875 0.91875 9784
0.86875 0.91875 9796
0.86875 0.91875 9808
0.86875 0.91875 9820
0.86875 0.91875 9832
0.86875 0.91875 9844
0.86875 0.91875 9856
0.86875 0.91875 9868
0.86875 0.91875 9880
0.86875 0.91875 9892
0.86875 0.91875 9904
0.86875 0.91875 9916
0.86875 0.91875 9928
0.86875 0.91875 9940
0.86875 0.91875 9952
0.86875 0.925 9964
0.871875 0.925 9976
0.871875 0.925 9988
0.871875 0.925 10000
0.871875 0.925 10012
0.871875 0.921875 10024
0.871875 0.921875 10036
0.871875 0.921875 10048
0.871875 0.921875 10060
0.871875 0.921875 10072
0.871875 0.921875 10084
0.871875 0.91875 10096
0.871875 0.91875 10108
0.871875 0.91875 10120
0.871875 0.91875 10132
0.871875 0.91875 10144
0.871875 0.91875 10156
0.871875 0.91875 10168
0.871875 0.91875 10180
0.871875 0.91875 10192
0.871875 0.91875 10204
0.871875 0.91875 10216
0.871875 0.91875 10228
0.871875 0.91875 10240
0.871875 0.91875 10252
0.871875 0.91875 10264
0.871875 0.91875 10276
0.871875 0.91875 10288
0.871875 0.91875 10300
0.871875 0.91875 10312
0.871875 0.91875 10324
0.871875 0.91875 10336
0.871875 0.91875 10348
0.871875 0.91875 10360
0.871875 0.91875 10372
0.871875 0.91875 10384
0.871875 0.91875 10396
0.871875 0.925 10408
0.871875 0.925 10420
0.871875 0.925 10432
0.871875 0.925 10444
0.871875 0.925 10456
0.871875 0.925 10468
0.871875 0.921875 10480
0.871875 0.91875 10492
0.871875 0.91875 10504
0.871875 0.91875 10516
0.871875 0.91875 10528
0.871875 0.925 10540
0.871875 0.925 10552
0.871875 0.925 10564
0.871875 0.925 10576
0.871875 0.925 10588
0.871875 0.925 10600
0.871875 0.925 10612
0.871875 0.925 10624
0.871875 0.925 10636
0.871875 0.925 10648
0.871875 0.925 10660
0.871875 0.925 10672
0.871875 0.925 10684
0.871875 0.925 10696
0.871875 0.925 10708
0.871875 0.925 10720
0.871875 0.925 10732
0.871875 0.925 10744
0.871875 0.925 10756
0.871875 0.925 10762
0.871875 0.925 10768
0.871875 0.925 10774
0.871875 0.925 10780
0.871875 0.925 10786
0.871875 0.925 10792
0.871875 0.925 10798
0.871875 0.925 10804
0.871875 0.925 10810
0.871875 0.925 10816
0.871875 0.925 10822
0.871875 0.925 10828
0.871875 0.925 10834
0.871875 0.925 10840
0.871875 0.925 10846
0.871875 0.925 10852
0.871875 0.925 10858
0.871875 0.925 10864
0.871875 0.925 10870
0.871875 0.925 10876
0.871875 0.925 10882
0.871875 0.925 10888
0.871875 0.925 10894
0.871875 0.925 10900
0.871875 0.925 10906
0.871875 0.925 10912
0.871875 0.925 10918
0.871875 0.925 10924
0.871875 0.925 10930
0.871875 0.925 10936
0.871875 0.925 10942
0.871875 0.925 10948
0.871875 0.925 10954
0.871875 0.925 10960
0.871875 0.925 10966
0.871875 0.925 10972
0.871875 0.925 10978
0.871875 0.925 10984
0.871875 0.925 10990
0.871875 0.925 10996
0.871875 0.925 11002
0.871875 0.925 11008
0.86875 0.925 11014
0.86875 0.925 11020
0.86875 0.925 11026
0.86875 0.925 11032
0.86875 0.925 11038
0.86875 0.925 11044
0.86875 0.925 11050
0.865625 0.925 11056
0.865625 0.925 11062
0.865625 0.925 11068
0.865625 0.925 11074
0.865625 0.9125 11080
0.865625 0.9125 11086
0.865625 0.9125 11092
0.865625 0.9125 11098
0.865625 0.9125 11104
0.865625 0.9125 11110
0.865625 0.9125 11116
0.865625 0.9125 11122
0.865625 0.9125 11128
0.865625 0.9125 11134
0.865625 0.9125 11140
0.865625 0.9125 11146
0.865625 0.9125 11152
0.865625 0.9125 11158
0.865625 0.9125 11164
0.865625 0.9125 11170
0.865625 0.9125 11176
0.865625 0.9125 11182
0.865625 0.9125 11188
0.865625 0.9125 11194
0.8625 0.9125 11200
0.8625 0.9125 11206
0.8625 0.9125 11212
0.8625 0.9125 11218
0.8625 0.9125 11224
0.8625 0.9125 11230
0.8625 0.9125 11236
0.8625 0.9125 11242
0.8625 0.90625 11248
0.8625 0.90625 11254
0.8625 0.90625 11260
0.8625 0.90625 11266
0.8625 0.90625 11272
0.8625 0.90625 11278
0.8625 0.90625 11284
0.859375 0.90625 11290
0.859375 0.90625 11296
0.859375 0.903125 11302
0.859375 0.903125 11308
0.859375 0.903125 11314
0.859375 0.903125 11320
0.859375 0.903125 11326
0.859375 0.903125 11332
0.859375 0.903125 11338
0.859375 0.903125 11344
0.859375 0.903125 11350
0.859375 0.903125 11356
0.859375 0.903125 11362
0.859375 0.903125 11368
0.859375 0.9 11374
0.859375 0.9 11380
0.859375 0.9 11386
0.859375 0.9 11392
0.859375 0.89375 11398
0.859375 0.89375 11404
0.859375 0.89375 11410
0.859375 0.89375 11416
0.859375 0.89375 11422
0.859375 0.89375 11428
0.85625 0.9 11434
0.85625 0.9 11440
0.85625 0.9 11446
0.85625 0.9 11452
0.85625 0.9 11458
0.85625 0.9 11464
0.85625 0.9 11470
0.85625 0.9 11476
0.85625 0.9 11482
0.85625 0.9 11488
0.85625 0.9 11494
0.85625 0.9 11500
0.85625 0.896875 11506
0.85625 0.89375 11512
0.85625 0.89375 11518
0.85625 0.89375 11524
0.85625 0.89375 11530
0.85625 0.89375 11536
0.859375 0.89375 11542
0.859375 0.89375 11548
0.859375 0.89375 11554
0.859375 0.89375 11560
0.859375 0.89375 11566
0.859375 0.89375 11572
0.859375 0.89375 11578
0.859375 0.89375 11584
0.859375 0.89375 11590
0.859375 0.89375 11596
0.859375 0.89375 11602
0.859375 0.89375 11608
0.859375 0.89375 11614
0.859375 0.89375 11620
0.859375 0.89375 11626
0.859375 0.89375 11632
0.859375 0.9 11638
0.859375 0.9 11644
0.859375 0.9 11650
0.859375 0.9 11656
0.859375 0.9 11662
0.859375 0.9 11668
0.859375 0.9 11674
0.859375 0.9 11680
0.859375 0.9 11686
0.859375 0.9 11692
0.859375 0.9 11698
0.859375 0.9 11704
0.859375 0.9 11710
0.859375 0.89375 11716
0.859375 0.89375 11722
0.859375 0.8875 11728
0.859375 0.8875 11734
0.859375 0.8875 11740
0.859375 0.8875 11746
0.859375 0.8875 11752
0.859375 0.8875 11758
0.859375 0.8875 11764
0.859375 0.8875 11770
0.859375 0.8875 11776
0.859375 0.8875 11782
0.859375 0.8875 11788
0.859375 0.8875 11794
0.859375 0.8875 11800
0.859375 0.8875 11806
0.859375 0.8875 11812
0.859375 0.8875 11818
0.859375 0.8875 11824
0.859375 0.8875 11830
0.859375 0.8875 11836
0.859375 0.8875 11842
0.859375 0.8875 11848
0.859375 0.8875 11854
0.859375 0.8875 11860
0.859375 0.8875 11866
0.859375 0.8875 11872
0.859375 0.8875 11878
0.859375 0.8875 11884
0.859375 0.8875 11890
0.859375 0.8875 11896
0.859375 0.8875 11902
0.859375 0.8875 11908
0.859375 0.8875 11914
0.859375 0.8875 11920
0.859375 0.8875 11926
0.859375 0.8875 11932
0.859375 0.8875 11938
0.859375 0.8875 11944
0.859375 0.8875 11950
0.859375 0.8875 11956
0.859375 0.8875 11962
0.859375 0.8875 11968
0.859375 0.8875 11974
0.859375 0.8875 11980
0.859375 0.8875 11986
0.859375 0.8875 11992
0.859375 0.8875 11998
0.859375 0.8875 12004
0.859375 0.8875 12010
0.859375 0.8875 12016
0.859375 0.8875 12022
0.859375 0.8875 12028
0.859375 0.8875 12034
0.859375 0.8875 12040
0.859375 0.8875 12046
0.859375 0.8875 12052
0.859375 0.8875 12058
0.859375 0.8875 12064
0.859375 0.8875 12070
0.859375 0.8875 12076
0.859375 0.8875 12082
0.859375 0.8875 12088
0.859375 0.890625 12094
0.859375 0.89375 12100
0.859375 0.89375 12106
0.859375 0.89375 12112
0.859375 0.89375 12118
0.859375 0.89375 12124
0.859375 0.89375 12130
0.859375 0.9 12136
0.859375 0.9 12142
0.859375 0.9 12148
0.859375 0.9 12154
0.859375 0.9 12160
0.859375 0.9 12166
0.859375 0.9 12172
0.859375 0.9 12178
0.859375 0.9 12184
0.859375 0.9 12190
0.859375 0.9 12196
0.859375 0.9 12202
0.859375 0.9 12208
0.859375 0.9 12214
0.859375 0.9 12220
0.859375 0.9 12226
0.859375 0.9 12232
0.859375 0.9 12238
0.859375 0.9 12244
0.859375 0.9 12246
0.859375 0.9 12248
0.859375 0.9 12250
0.859375 0.9 12252
0.859375 0.9 12254
0.859375 0.9 12256
0.859375 0.9 12258
0.859375 0.9 12260
0.859375 0.9 12262
0.859375 0.9 12264
0.859375 0.9 12266
0.859375 0.9 12268
0.859375 0.9 12270
0.859375 0.9 12272
0.859375 0.9 12274
0.859375 0.9 12276
0.859375 0.903125 12278
0.859375 0.90625 12280
0.859375 0.90625 12282
0.859375 0.90625 12284
0.859375 0.90625 12286
0.859375 0.90625 12288
0.859375 0.90625 12290
0.859375 0.90625 12292
0.859375 0.90625 12294
0.859375 0.90625 12296
0.859375 0.90625 12298
0.859375 0.90625 12300
0.859375 0.90625 12302
0.859375 0.90625 12304
0.859375 0.90625 12306
0.859375 0.90625 12308
0.859375 0.90625 12310
0.859375 0.90625 12312
0.859375 0.90625 12314
0.859375 0.90625 12316
0.859375 0.90625 12318
0.859375 0.90625 12320
0.859375 0.90625 12322
0.859375 0.90625 12324
0.859375 0.90625 12326
0.859375 0.90625 12328
0.859375 0.90625 12330
0.859375 0.90625 12332
0.859375 0.90625 12334
0.859375 0.90625 12336
0.859375 0.90625 12338
0.859375 0.90625 12340
0.859375 0.90625 12342
0.859375 0.90625 12344
0.859375 0.90625 12346
0.859375 0.90625 12348
0.859375 0.90625 12350
0.859375 0.90625 12352
0.859375 0.90625 12354
0.859375 0.90625 12356
0.859375 0.90625 12358
0.859375 0.90625 12360
0.859375 0.90625 12362
0.859375 0.90625 12364
0.859375 0.90625 12366
0.859375 0.90625 12368
0.859375 0.90625 12370
0.859375 0.90625 12372
0.859375 0.90625 12374
0.859375 0.90625 12376
0.859375 0.90625 12378
0.859375 0.90625 12380
0.859375 0.90625 12382
0.859375 0.90625 12384
0.859375 0.90625 12386
0.859375 0.90625 12388
0.859375 0.90625 12390
0.859375 0.90625 12392
0.859375 0.903125 12394
0.859375 0.9 12396
0.859375 0.9 12398
0.859375 0.9 12400
0.859375 0.9 12402
0.859375 0.89375 12404
0.859375 0.8875 12406
0.859375 0.8875 12408
0.86875 0.9 12410
0.86875 0.9 12412
0.86875 0.9 12414
0.86875 0.9 12416
0.86875 0.9 12418
0.86875 0.90625 12420
0.86875 0.90625 12422
0.871875 0.90625 12424
0.871875 0.90625 12426
0.875 0.90625 12428
0.875 0.90625 12430
0.875 0.90625 12432
0.875 0.90625 12434
0.875 0.90625 12436
0.875 0.90625 12438
0.875 0.90625 12440
0.875 0.90625 12442
0.875 0.90625 12444
0.875 0.90625 12446
0.875 0.90625 12448
0.875 0.90625 12450
0.875 0.90625 12452
0.875 0.90625 12454
0.875 0.90625 12456
0.875 0.90625 12458
0.875 0.90625 12460
0.875 0.90625 12462
0.875 0.90625 12464
0.875 0.90625 12466
0.875 0.90625 12468
0.875 0.90625 12470
0.875 0.90625 12472
0.875 0.90625 12474
0.875 0.90625 12476
0.875 0.90625 12478
0.875 0.90625 12480
0.875 0.90625 12482
0.875 0.90625 12484
0.875 0.90625 12486
0.875 0.90625 12488
0.875 0.90625 12490
0.875 0.90625 12492
0.875 0.90625 12494
0.875 0.90625 12496
0.875 0.90625 12498
0.875 0.90625 12500
0.875 0.90625 12502
0.875 0.90625 12504
0.875 0.90625 12506
0.875 0.90625 12508
0.875 0.90625 12510
0.875 0.90625 12512
0.875 0.90625 12514
0.875 0.90625 12516
0.875 0.90625 12518
0.875 0.90625 12520
0.875 0.90625 12522
0.875 0.90625 12524
0.875 0.90625 12526
0.875 0.90625 12528
0.875 0.90625 12530
0.875 0.90625 12532
0.875 0.90625 12534
0.875 0.90625 12536
0.875 0.90625 12538
0.875 0.90625 12540
0.875 0.90625 12542
0.875 0.90625 12544
0.875 0.90625 12546
0.875 0.90625 12548
0.875 0.90625 12550
0.875 0.903125 12552
0.875 0.9 12554
0.875 0.9 12556
0.875 0.9 12558
0.875 0.9 12560
0.875 0.9 12562
0.875 0.9 12564
0.875 0.9 12566
0.875 0.89375 12568
0.875 0.89375 12570
0.875 0.89375 12572
0.875 0.89375 12574
0.875 0.89375 12576
0.875 0.89375 12578
0.875 0.89375 12580
0.875 0.89375 12582
0.875 0.89375 12584
0.875 0.89375 12586
0.875 0.89375 12588
0.875 0.89375 12590
0.875 0.89375 12592
0.875 0.89375 12594
0.875 0.89375 12596
0.875 0.89375 12598
0.875 0.89375 12600
0.875 0.89375 12602
0.875 0.89375 12604
0.875 0.89375 12606
0.875 0.89375 12608
0.875 0.89375 12610
0.875 0.89375 12612
0.875 0.89375 12614
0.875 0.89375 12616
0.875 0.89375 12618
0.875 0.89375 12620
0.875 0.89375 12622
0.875 0.89375 12624
0.875 0.89375 12626
0.875 0.89375 12628
0.875 0.89375 12630
0.875 0.89375 12632
0.875 0.89375 12634
0.875 0.89375 12636
0.875 0.89375 12638
0.875 0.89375 12640
0.875 0.89375 12642
0.875 0.89375 12644
0.875 0.89375 12646
0.875 0.89375 12648
0.875 0.89375 12650
0.875 0.89375 12652
0.875 0.89375 12654
0.875 0.89375 12656
0.875 0.89375 12658
0.875 0.89375 12660
0.875 0.89375 12662
0.875 0.89375 12664
0.875 0.8875 12666
0.875 0.8875 12668
0.875 0.8875 12670
0.875 0.8875 12672
0.875 0.8875 12674
0.875 0.8875 12676
0.875 0.88125 12678
0.875 0.88125 12680
0.875 0.88125 12682
0.875 0.878125 12684
0.875 0.875 12686
0.875 0.875 12688
0.875 0.875 12690
0.875 0.875 12692
0.875 0.875 12694
0.875 0.875 12696
0.875 0.875 12698
0.875 0.875 12700
0.875 0.875 12702
0.875 0.875 12704
0.875 0.875 12706
0.875 0.875 12708
0.875 0.875 12710
0.875 0.875 12712
0.875 0.875 12714
0.875 0.875 12716
0.875 0.875 12718
0.875 0.875 12720
0.875 0.875 12722
0.875 0.875 12724
0.875 0.875 12726
0.875 0.875 12728
0.875 0.875 12730
0.875 0.875 12732
0.875 0.875 12734
0.875 0.875 12736
0.875 0.875 12738
0.875 0.8875 12740
0.875 0.8875 12742
0.875 0.8875 12744
0.875 0.8875 12746
0.875 0.8875 12748
0.875 0.8875 12750
0.875 0.8875 12752
0.875 0.8875 12754
0.875 0.8875 12756
0.875 0.8875 12758
0.875 0.8875 12760
0.875 0.8875 12762
0.875 0.8875 12764
0.875 0.8875 12766
0.875 0.8875 12768
0.875 0.8875 12770
0.875 0.8875 12772
0.875 0.8875 12774
0.875 0.8875 12776
0.875 0.8875 12778
0.875 0.8875 12780
0.875 0.8875 12782
0.875 0.8875 12784
0.875 0.890625 12786
0.875 0.890625 12788
0.875 0.890625 12790
0.875 0.890625 12792
0.875 0.890625 12794
0.875 0.890625 12796
0.875 0.890625 12798
0.875 0.890625 12800
0.875 0.890625 12802
0.875 0.890625 12804
0.875 0.890625 12806
0.875 0.89375 12808
0.875 0.89375 12810
0.875 0.89375 12812
0.875 0.89375 12814
0.875 0.89375 12816
0.875 0.89375 12818
0.875 0.89375 12820
0.875 0.89375 12822
0.875 0.89375 12824
0.875 0.89375 12826
0.875 0.89375 12828
0.875 0.89375 12830
0.875 0.89375 12832
0.875 0.89375 12834
0.875 0.890625 12836
0.875 0.890625 12838
0.875 0.890625 12840
0.875 0.890625 12842
0.875 0.890625 12844
0.875 0.890625 12846
0.875 0.890625 12848
0.875 0.890625 12850
0.875 0.890625 12852
0.875 0.890625 12854
0.875 0.890625 12856
0.875 0.890625 12858
0.875 0.890625 12860
0.875 0.890625 12862
0.875 0.890625 12864
0.875 0.890625 12866
0.875 0.890625 12868
0.875 0.890625 12870
0.875 0.890625 12872
0.875 0.890625 12874
0.875 0.890625 12876
0.875 0.890625 12878
0.875 0.890625 12880
0.875 0.890625 12882
0.875 0.890625 12884
0.875 0.890625 12886
0.875 0.890625 12888
0.875 0.890625 12890
0.875 0.890625 12892
0.875 0.890625 12894
0.875 0.890625 12896
0.875 0.890625 12898
0.875 0.890625 12900
0.875 0.890625 12902
0.875 0.890625 12904
0.875 0.890625 12906
0.875 0.890625 12908
0.875 0.896875 12910
0.875 0.8875 12912
0.875 0.8875 12914
0.875 0.8875 12916
0.875 0.8875 12918
0.875 0.8875 12920
0.875 0.8875 12922
0.875 0.8875 12924
0.875 0.8875 12926
0.875 0.8875 12928
0.875 0.8875 12930
0.875 0.8875 12932
0.875 0.8875 12934
0.875 0.8875 12936
0.875 0.8875 12938
0.875 0.8875 12940
0.875 0.8875 12942
0.875 0.8875 12944
0.875 0.8875 12946
0.875 0.8875 12948
0.875 0.8875 12950
0.875 0.8875 12952
0.875 0.8875 12954
0.875 0.8875 12956
0.875 0.8875 12958
0.875 0.8875 12960
0.875 0.8875 12962
0.875 0.8875 12964
0.875 0.8875 12966
0.875 0.8875 12968
0.875 0.8875 12970
0.875 0.8875 12972
0.875 0.8875 12974
0.875 0.8875 12976
0.875 0.8875 12978
0.875 0.8875 12980
0.875 0.8875 12982
0.875 0.8875 12984
0.875 0.8875 12986
0.875 0.8875 12988
0.875 0.8875 12990
0.875 0.88125 12992
0.875 0.88125 12994
0.875 0.88125 12996
0.875 0.88125 12998
0.875 0.88125 13000
0.875 0.88125 13002
0.875 0.88125 13004
0.875 0.88125 13006
0.875 0.88125 13008
0.875 0.88125 13010
0.875 0.88125 13012
0.875 0.88125 13014
0.875 0.88125 13016
0.875 0.88125 13018
0.875 0.88125 13020
0.875 0.88125 13022
0.875 0.88125 13024
0.875 0.88125 13026
0.875 0.88125 13028
0.875 0.88125 13030
0.875 0.88125 13032
0.875 0.88125 13034
0.875 0.88125 13036
0.875 0.88125 13038
0.875 0.88125 13040
0.875 0.88125 13042
0.875 0.88125 13044
0.875 0.88125 13046
0.875 0.88125 13048
0.875 0.88125 13050
0.875 0.88125 13052
0.875 0.88125 13054
0.875 0.88125 13056
0.875 0.88125 13058
0.875 0.88125 13060
0.875 0.88125 13062
0.875 0.88125 13064
0.875 0.88125 13066
0.875 0.88125 13068
0.875 0.88125 13070
0.875 0.88125 13072
0.875 0.88125 13074
0.875 0.88125 13076
0.875 0.88125 13078
0.875 0.88125 13080
0.875 0.88125 13082
0.875 0.88125 13084
0.875 0.88125 13086
0.875 0.88125 13088
0.875 0.88125 13090
0.875 0.88125 13092
0.875 0.88125 13094
0.875 0.88125 13096
0.875 0.88125 13098
0.875 0.88125 13100
0.875 0.88125 13102
0.875 0.88125 13104
0.875 0.88125 13106
0.875 0.88125 13108
0.875 0.884375 13110
0.875 0.8875 13112
0.875 0.8875 13114
0.875 0.8875 13116
0.875 0.8875 13118
0.875 0.8875 13120
0.875 0.8875 13122
0.875 0.8875 13124
0.875 0.8875 13126
0.875 0.8875 13128
0.875 0.8875 13130
0.875 0.8875 13132
0.875 0.8875 13134
0.875 0.8875 13136
0.875 0.8875 13138
0.875 0.8875 13140
0.875 0.8875 13142
0.875 0.8875 13144
0.875 0.8875 13146
0.875 0.8875 13148
0.875 0.8875 13150
0.875 0.8875 13152
0.875 0.8875 13154
0.875 0.8875 13156
0.875 0.8875 13158
0.875 0.8875 13160
0.875 0.8875 13162
0.875 0.8875 13164
0.875 0.89375 13166
0.875 0.89375 13168
0.875 0.89375 13170
0.875 0.9 13172
0.875 0.9 13174
0.875 0.9 13176
0.875 0.9 13178
0.875 0.9 13180
0.875 0.9 13182
0.875 0.9 13184
0.875 0.9 13186
0.875 0.9 13188
0.875 0.9 13190
0.875 0.9 13192
0.875 0.9 13194
0.875 0.9 13196
0.875 0.9 13198
0.875 0.9 13200
0.875 0.9 13202
0.875 0.9 13204
0.875 0.9 13206
0.875 0.9 13208
0.875 0.9 13210
0.875 0.9 13212
0.875 0.9 13214
0.875 0.9 13216
0.875 0.9 13218
0.875 0.9 13220
0.875 0.9 13222
0.875 0.9 13224
0.875 0.9 13226
0.875 0.9 13228
0.875 0.9 13230
0.875 0.9 13232
0.875 0.9 13234
0.875 0.9 13236
0.875 0.9 13238
0.875 0.903125 13240
0.875 0.90625 13242
0.875 0.90625 13244
0.875 0.90625 13246
0.875 0.90625 13248
0.875 0.90625 13250
0.875 0.90625 13252
0.875 0.90625 13254
0.875 0.90625 13256
0.875 0.90625 13258
0.875 0.90625 13260
0.875 0.90625 13262
0.875 0.90625 13264
0.875 0.90625 13266
0.875 0.90625 13268
0.875 0.90625 13270
0.875 0.90625 13272
0.875 0.90625 13274
0.875 0.90625 13276
0.875 0.90625 13278
0.875 0.90625 13280
0.875 0.90625 13282
0.875 0.90625 13284
0.875 0.90625 13286
0.875 0.90625 13288
0.875 0.90625 13290
0.875 0.90625 13292
0.875 0.90625 13294
0.875 0.90625 13296
0.875 0.90625 13298
0.875 0.90625 13300
0.875 0.90625 13302
0.875 0.90625 13304
0.875 0.90625 13306
0.875 0.90625 13308
0.875 0.90625 13310
0.875 0.90625 13312
0.875 0.90625 13314
0.875 0.90625 13316
0.875 0.90625 13318
0.875 0.90625 13320
0.875 0.90625 13322
0.875 0.90625 13324
0.875 0.90625 13326
0.875 0.90625 13328
0.875 0.90625 13330
0.875 0.90625 13332
0.875 0.90625 13334
0.875 0.90625 13336
0.875 0.90625 13338
0.875 0.90625 13340
0.875 0.90625 13342
0.875 0.90625 13344
0.875 0.90625 13346
0.875 0.90625 13348
0.875 0.90625 13350
0.875 0.90625 13352
0.875 0.90625 13354
0.875 0.90625 13356
0.875 0.90625 13358
0.875 0.90625 13360
0.875 0.90625 13362
0.875 0.90625 13364
0.875 0.90625 13366
0.875 0.90625 13368
0.875 0.90625 13370
0.875 0.90625 13372
0.875 0.90625 13374
0.875 0.90625 13376
0.875 0.90625 13378
0.875 0.90625 13380
0.875 0.90625 13382
0.875 0.90625 13384
0.875 0.90625 13386
0.875 0.90625 13388
0.875 0.903125 13390
0.875 0.9 13392
0.875 0.9 13392
0.875 0.9 13392
0.875 0.9 13392
0.875 0.9 13392
0.875 0.9 13392
0.875 0.9 13392
0.875 0.9 13392
0.875 0.9 13392
0.875 0.903125 13392
0.875 0.90625 13392
0.875 0.90625 13392
0.875 0.90625 13392
0.875 0.90625 13392
0.875 0.90625 13392
0.875 0.90625 13392
0.875 0.90625 13392
0.875 0.90625 13392
0.875 0.90625 13392
0.875 0.90625 13392
0.875 0.90625 13392
0.875 0.90625 13392
0.875 0.90625 13392
0.875 0.90625 13392
0.875 0.90625 13392
0.875 0.90625 13392
0.875 0.90625 13392
0.875 0.90625 13392
0.875 0.90625 13392
0.875 0.90625 13392
0.875 0.90625 13392
0.875 0.90625 13392
0.875 0.90625 13392
0.875 0.90625 13392
0.875 0.90625 13392
0.875 0.90625 13392
0.875 0.90625 13392
0.875 0.90625 13392
0.875 0.90625 13392
0.875 0.90625 13392
0.875 0.90625 13392
0.875 0.90625 13392
0.875 0.90625 13392
0.875 0.90625 13392
0.875 0.90625 13392
0.875 0.90625 13392
0.875 0.90625 13392
0.875 0.90625 13392
0.875 0.90625 13392
0.875 0.90625 13392
0.875 0.90625 13392
0.875 0.90625 13392
0.875 0.90625 13392
0.875 0.90625 13392
0.875 0.90625 13392
0.875 0.90625 13392
0.875 0.90625 13392
0.875 0.90625 13392
0.875 0.90625 13392
0.875 0.90625 13392
0.875 0.90625 13392
0.875 0.90625 13392
0.875 0.90625 13392
0.875 0.90625 13392
0.875 0.90625 13392
0.875 0.90625 13392
0.875 0.90625 13392
0.875 0.90625 13392
0.875 0.90625 13392
0.875 0.90625 13392
0.875 0.90625 13392
0.875 0.90625 13392
0.875 0.90625 13392
0.875 0.90625 13392
0.875 0.90625 13392
0.875 0.90625 13392
0.875 0.90625 13392
0.875 0.9125 13392
0.875 0.9125 13392
0.875 0.9125 13392
0.875 0.9125 13392
0.875 0.9125 13392
0.875 0.9125 13392
0.875 0.9125 13392
0.875 0.9125 13392
0.875 0.9125 13392
0.875 0.9125 13392
0.875 0.9125 13392
0.875 0.9125 13392
0.875 0.9125 13392
0.875 0.9125 13392
0.875 0.9125 13392
0.875 0.9125 13392
0.875 0.9125 13392
0.875 0.9125 13392
0.875 0.9125 13392
0.875 0.9125 13392
0.875 0.9125 13392
0.875 0.9125 13392
0.875 0.9125 13392
0.875 0.9125 13392
0.875 0.9125 13392
0.875 0.9125 13392
0.875 0.9125 13392
0.875 0.9125 13392
0.875 0.9125 13392
0.875 0.9125 13392
0.875 0.9125 13392
0.875 0.9125 13392
0.875 0.9125 13392
0.875 0.9125 13392
0.875 0.9125 13392
0.875 0.9125 13392
0.875 0.9125 13392
0.875 0.9125 13392
0.875 0.9125 13392
0.875 0.9125 13392
0.875 0.9125 13392
0.875 0.9125 13392
0.875 0.9125 13392
0.875 0.9125 13392
0.875 0.9125 13392
0.875 0.9125 13392
0.875 0.9125 13392
0.875 0.9125 13392
0.875 0.9125 13392
0.875 0.9125 13392
0.875 0.9125 13392
0.875 0.9125 13392
0.875 0.9125 13392
0.875 0.9125 13392
0.875 0.9125 13392
0.875 0.9125 13392
0.875 0.9125 13392
0.875 0.9125 13392
0.875 0.9125 13392
0.875 0.9125 13392
0.875 0.9125 13392
0.875 0.9125 13392
0.875 0.9125 13392
0.875 0.90625 13392
0.875 0.90625 13392
0.875 0.90625 13392
0.875 0.90625 13392
0.875 0.903125 13392
0.875 0.9 13392
0.875 0.9 13392
0.875 0.9 13392
0.875 0.9 13392
0.875 0.9 13392
0.875 0.9 13392
0.875 0.9 13392
0.875 0.9 13392
0.875 0.9 13392
0.875 0.9 13392
0.875 0.9 13392
0.875 0.9 13392
0.875 0.9 13392
0.875 0.9 13392
0.875 0.9 13392
0.875 0.9 13392
0.875 0.896875 13392
0.875 0.89375 13392
0.875 0.89375 13392
0.875 0.89375 13392
0.875 0.89375 13392
0.875 0.89375 13392
0.875 0.89375 13392
0.875 0.89375 13392
0.875 0.89375 13392
0.875 0.8875 13392
0.875 0.8875 13392
0.875 0.8875 13392
0.875 0.8875 13392
0.875 0.8875 13392
0.875 0.8875 13392
0.875 0.8875 13392
0.875 0.8875 13392
0.875 0.8875 13392
0.875 0.8875 13392
0.875 0.8875 13392
0.875 0.8875 13392
0.875 0.8875 13392
0.875 0.8875 13392
0.875 0.8875 13392
0.875 0.8875 13392
0.875 0.8875 13392
0.875 0.8875 13392
0.875 0.8875 13392
0.875 0.8875 13392
0.875 0.8875 13392
0.875 0.8875 13392
0.875 0.8875 13392
0.875 0.8875 13392
0.875 0.8875 13392
0.875 0.8875 13392
0.875 0.8875 13392
0.875 0.8875 13392
0.875 0.8875 13392
0.875 0.8875 13392
0.875 0.8875 13392
0.875 0.8875 13392
0.875 0.8875 13392
0.875 0.8875 13392
0.875 0.8875 13392
0.875 0.8875 13392
0.875 0.8875 13392
0.875 0.8875 13392
0.875 0.8875 13392
0.875 0.8875 13392
0.875 0.8875 13392
0.875 0.8875 13392
0.875 0.8875 13392
0.875 0.8875 13392
0.875 0.8875 13392
0.875 0.8875 13392
0.875 0.8875 13392
0.875 0.8875 13392
0.875 0.8875 13392
0.875 0.8875 13392
0.875 0.8875 13392
0.875 0.8875 13392
0.875 0.8875 13392
0.875 0.8875 13392
0.875 0.8875 13392
0.875 0.8875 13392
0.875 0.8875 13392
0.875 0.8875 13392
0.875 0.8875 13392
0.875 0.8875 13392
0.875 0.8875 13392
0.875 0.8875 13392
0.875 0.8875 13392
0.875 0.8875 13392
0.875 0.8875 13392
0.875 0.8875 13392
0.875 0.8875 13392
0.875 0.8875 13392
0.875 0.8875 13392
0.875 0.8875 13392
0.875 0.8875 13392
0.875 0.8875 13392
0.875 0.8875 13392
0.875 0.8875 13392
0.875 0.8875 13392
0.875 0.8875 13392
0.875 0.8875 13392
0.875 0.8875 13392
0.875 0.8875 13392
0.875 0.8875 13392
0.875 0.8875 13392
0.875 0.8875 13392
0.875 0.8875 13392
0.875 0.8875 13392
0.875 0.8875 13392
0.875 0.8875 13392
0.875 0.8875 13392
0.875 0.8875 13392
0.875 0.8875 13392
0.875 0.8875 13392
0.875 0.8875 13392
0.875 0.8875 13392
0.875 0.8875 13392
0.875 0.8875 13392
0.875 0.8875 13392
0.875 0.8875 13392
0.875 0.8875 13392
0.875 0.8875 13392
0.875 0.8875 13392
0.875 0.8875 13392
0.875 0.8875 13392
0.875 0.884375 13392
0.875 0.88125 13392
0.875 0.88125 13392
0.875 0.88125 13392
0.875 0.88125 13392
0.875 0.88125 13392
0.875 0.88125 13392
0.875 0.88125 13392
0.875 0.88125 13392
0.875 0.88125 13392
0.875 0.88125 13392
0.875 0.88125 13392
0.875 0.88125 13392
0.875 0.88125 13392
0.875 0.88125 13392
0.875 0.88125 13392
0.875 0.88125 13392
0.875 0.88125 13392
0.875 0.88125 13392
0.875 0.88125 13392
0.875 0.88125 13392
0.875 0.88125 13392
0.875 0.88125 13392
0.875 0.88125 13392
0.875 0.88125 13392
0.875 0.88125 13392
0.875 0.88125 13392
0.875 0.88125 13392
0.875 0.88125 13392
0.875 0.88125 13392
0.875 0.88125 13392
0.875 0.88125 13392
0.875 0.88125 13392
0.875 0.88125 13392
0.875 0.88125 13392
0.875 0.88125 13392
0.875 0.88125 13392
0.875 0.88125 13392
0.875 0.88125 13392
0.875 0.88125 13392
0.875 0.88125 13392
0.875 0.88125 13392
0.875 0.88125 13392
0.875 0.88125 13392
0.875 0.88125 13392
0.875 0.88125 13392
0.875 0.88125 13392
0.875 0.88125 13392
0.875 0.88125 13392
0.875 0.88125 13392
0.875 0.88125 13392
0.875 0.88125 13392
0.875 0.88125 13392
0.875 0.88125 13392
0.875 0.88125 13392
0.875 0.88125 13392
0.875 0.88125 13392
0.875 0.88125 13392
0.875 0.88125 13392
0.875 0.88125 13392
0.875 0.88125 13392
0.875 0.88125 13392
0.875 0.88125 13392
0.875 0.88125 13392
0.875 0.88125 13392
0.875 0.88125 13392
0.875 0.88125 13392
0.875 0.88125 13392
0.875 0.88125 13392
0.875 0.88125 13392
0.875 0.88125 13392
0.875 0.88125 13392
0.875 0.88125 13392
0.875 0.88125 13392
0.875 0.88125 13392
0.875 0.88125 13392
0.875 0.88125 13392
0.875 0.88125 13392
0.875 0.88125 13392
0.875 0.88125 13392
0.875 0.88125 13392
0.875 0.88125 13392
0.875 0.88125 13392
0.875 0.875 13392
0.875 0.86875 13392
0.875 0.86875 13392
0.875 0.86875 13392
0.875 0.86875 13392
0.875 0.86875 13392
0.875 0.86875 13392
0.875 0.86875 13392
0.875 0.86875 13392
0.875 0.86875 13392
0.875 0.86875 13392
0.875 0.86875 13392
0.875 0.865625 13392
0.875 0.8625 13392
0.875 0.8625 13392
0.875 0.8625 13392
0.875 0.8625 13392
0.875 0.8625 13392
0.875 0.8625 13392
0.875 0.8625 13392
0.875 0.8625 13392
0.875 0.8625 13392
0.875 0.8625 13392
0.875 0.8625 13392
0.875 0.8625 13392
0.875 0.8625 13392
0.875 0.8625 13392
0.875 0.8625 13392
0.875 0.8625 13392
0.875 0.8625 13392
0.875 0.8625 13392
0.875 0.8625 13392
0.875 0.8625 13392
0.875 0.8625 13392
0.875 0.8625 13392
0.875 0.8625 13392
0.875 0.8625 13392
0.875 0.8625 13392
0.875 0.8625 13392
0.875 0.8625 13392
0.875 0.8625 13392
0.875 0.8625 13392
0.875 0.8625 13392
0.875 0.8625 13392
0.875 0.8625 13392
0.875 0.8625 13392
0.875 0.8625 13392
0.875 0.8625 13392
0.875 0.8625 13392
0.875 0.8625 13392
0.875 0.8625 13392
0.875 0.8625 13392
0.875 0.8625 13392
0.875 0.8625 13392
0.875 0.8625 13392
0.875 0.8625 13392
0.875 0.8625 13392
0.875 0.8625 13392
0.875 0.8625 13392
0.875 0.8625 13392
0.875 0.8625 13392
0.875 0.8625 13392
0.875 0.8625 13392
0.875 0.8625 13392
0.875 0.8625 13392
0.875 0.8625 13392
0.875 0.8625 13392
0.875 0.8625 13392
0.875 0.8625 13392
0.875 0.8625 13392
0.875 0.8625 13392
0.875 0.8625 13392
0.875 0.8625 13392
0.875 0.8625 13392
0.875 0.8625 13392
0.875 0.8625 13392
0.875 0.8625 13392
0.875 0.8625 13392
0.875 0.8625 13392
0.875 0.8625 13392
0.875 0.8625 13392
0.875 0.8625 13392
0.875 0.8625 13392
0.875 0.8625 13392
0.875 0.8625 13392
0.875 0.8625 13392
0.875 0.8625 13392
0.875 0.8625 13392
0.875 0.8625 13392
0.875 0.8625 13392
0.875 0.8625 13392
0.875 0.8625 13392
0.875 0.8625 13392
0.875 0.8625 13392
0.875 0.8625 13392
0.875 0.8625 13392
0.875 0.8625 13392
0.875 0.8625 13392
0.875 0.8625 13392
0.875 0.8625 13392
0.875 0.8625 13392
0.875 0.86875 13392
0.875 0.86875 13392
0.875 0.86875 13392
0.875 0.8625 13392
0.875 0.8625 13392
0.875 0.8625 13392
0.875 0.8625 13392
0.875 0.8625 13392
0.875 0.8625 13392
0.875 0.8625 13392
0.875 0.8625 13392
0.875 0.8625 13392
0.875 0.8625 13392
0.875 0.8625 13392
0.875 0.8625 13392
0.875 0.8625 13392
0.875 0.8625 13392
0.875 0.8625 13392
0.875 0.8625 13392
0.875 0.8625 13392
0.875 0.8625 13392
0.875 0.8625 13392
0.875 0.8625 13392
0.875 0.8625 13392
0.875 0.8625 13392
0.875 0.8625 13392
0.875 0.8625 13392
0.875 0.8625 13392
0.875 0.8625 13392
0.875 0.8625 13392
0.875 0.8625 13392
0.875 0.8625 13392
0.875 0.8625 13392
0.875 0.8625 13392
0.875 0.8625 13392
0.875 0.8625 13392
0.875 0.8625 13392
0.875 0.8625 13392
0.875 0.8625 13392
0.875 0.8625 13392
0.875 0.8625 13392
0.875 0.8625 13392
0.875 0.8625 13392
0.875 0.8625 13392
0.875 0.8625 13392
0.875 0.8625 13392
0.875 0.8625 13392
0.875 0.85625 13392
0.875 0.85625 13392
0.875 0.85625 13392
0.875 0.85625 13392
0.875 0.85625 13392
0.875 0.85625 13392
0.875 0.85625 13392
0.875 0.85625 13392
0.875 0.85625 13392
0.875 0.85625 13392
0.875 0.85625 13392
0.875 0.85625 13392
0.875 0.85625 13392
0.875 0.85625 13392
0.875 0.85625 13392
0.875 0.85625 13392
0.875 0.85625 13392
0.875 0.85625 13392
0.875 0.85625 13392
0.875 0.85625 13392
0.875 0.85625 13392
0.875 0.85625 13392
0.875 0.85625 13392
0.875 0.85625 13392
0.875 0.85625 13392
0.875 0.85625 13392
0.875 0.85625 13392
0.875 0.85625 13392
0.875 0.85625 13392
0.875 0.85625 13392
0.875 0.85625 13392
0.875 0.85625 13392
0.875 0.85625 13392
0.875 0.85625 13392
0.875 0.85625 13392
0.875 0.85625 13392
0.875 0.85625 13392
0.875 0.85625 13392
0.875 0.85625 13392
0.875 0.85625 13392
0.875 0.85625 13392
0.875 0.85625 13392
0.875 0.85625 13392
0.875 0.85625 13392
0.875 0.85625 13392
0.875 0.85625 13392
0.875 0.85625 13392
0.875 0.85625 13392
0.875 0.85625 13392
0.875 0.85625 13392
0.875 0.85625 13392
0.875 0.85625 13392
0.875 0.85625 13392
0.875 0.85625 13392
0.875 0.85625 13392
0.875 0.85625 13392
0.875 0.85625 13392
0.875 0.85625 13392
0.875 0.85625 13392
0.875 0.85625 13392
0.875 0.85625 13392
0.875 0.85625 13392
0.875 0.85625 13392
0.875 0.85625 13392
0.875 0.85625 13392
0.875 0.85625 13392
0.875 0.85625 13392
0.875 0.85625 13392
0.875 0.85625 13392
0.875 0.85625 13392
0.875 0.85625 13392
0.875 0.85625 13392
0.875 0.85625 13392
0.875 0.85625 13392
0.875 0.85625 13392
0.875 0.85625 13392
0.875 0.85625 13392
0.875 0.85625 13392
0.875 0.85625 13392
0.875 0.85625 13392
0.875 0.85625 13392
0.875 0.85625 13392
0.875 0.85625 13392
0.875 0.85625 13392
0.875 0.85625 13392
0.875 0.85625 13392
0.875 0.85625 13392
0.875 0.85625 13392
0.875 0.85625 13392
0.875 0.85625 13392
0.875 0.85625 13392
0.875 0.85625 13392
0.875 0.85625 13392
0.875 0.85625 13392
0.875 0.85625 13392
0.875 0.85625 13392
0.875 0.85625 13392
0.875 0.85625 13392
0.875 0.85625 13392
0.875 0.85625 13392
0.875 0.85625 13392
0.875 0.85625 13392
0.875 0.85625 13392
0.875 0.85625 13392
0.875 0.85625 13392
0.875 0.85625 13392
0.875 0.85625 13392
0.875 0.85625 13392
0.875 0.85625 13392
0.875 0.85625 13392
0.875 0.85625 13392
0.875 0.85625 13392
0.875 0.85625 13392
0.875 0.85625 13392
0.875 0.85625 13392
0.875 0.85625 13392
0.875 0.85625 13392
0.875 0.85625 13392
0.875 0.85625 13392
0.875 0.85625 13392
0.875 0.85625 13392
0.875 0.85625 13392
0.875 0.85625 13392
0.875 0.85625 13392
0.875 0.85625 13392
0.875 0.85625 13392
0.875 0.85625 13392
0.875 0.85625 13392
0.875 0.85625 13392
0.875 0.85625 13392
0.875 0.85625 13392
0.875 0.85625 13392
0.875 0.85625 13392
0.875 0.85625 13392
0.875 0.85625 13392
0.875 0.85625 13392
0.875 0.85625 13392
0.875 0.85625 13392
0.875 0.85625 13392
0.875 0.85625 13392
0.875 0.85625 13392
0.875 0.85625 13392
0.875 0.85625 13392
0.875 0.85625 13392
0.875 0.85625 13392
0.875 0.85625 13392
0.875 0.85625 13392
0.875 0.85625 13392
0.875 0.85625 13392
0.875 0.85625 13392
0.875 0.85625 13392
0.875 0.85625 13392
0.875 0.85625 13392
0.875 0.85625 13392
0.875 0.85625 13392
0.875 0.85625 13392
0.875 0.85625 13392
0.875 0.85625 13392
0.875 0.85625 13392
0.875 0.85625 13392
0.875 0.85625 13392
0.875 0.85625 13392
0.875 0.85625 13392
0.875 0.85625 13392
0.875 0.85625 13392
0.875 0.85625 13392
0.875 0.85625 13392
0.875 0.85625 13392
0.875 0.85625 13392
0.875 0.85625 13392
0.875 0.85625 13392
0.875 0.85625 13392
0.875 0.85625 13392
0.875 0.85625 13392
0.875 0.85625 13392
0.875 0.85625 13392
0.875 0.85625 13392
0.875 0.85625 13392
0.875 0.85625 13392
0.875 0.85625 13392
0.875 0.85625 13392
0.875 0.85625 13392
0.875 0.85625 13392
0.875 0.85625 13392
0.875 0.85625 13392
0.875 0.85 13392
0.875 0.85 13392
0.875 0.85 13392
0.875 0.85 13392
0.875 0.85 13392
0.875 0.85 13392
0.875 0.85 13392
0.875 0.85 13392
0.875 0.85 13392
0.875 0.85 13392
0.875 0.85 13392
0.875 0.85 13392
0.875 0.85 13392
0.875 0.846875 13392
0.875 0.84375 13392
0.875 0.84375 13392
0.875 0.84375 13392
0.875 0.84375 13392
0.875 0.84375 13392
0.875 0.84375 13392
0.875 0.84375 13392
0.875 0.84375 13392
0.875 0.84375 13392
0.875 0.84375 13392
0.875 0.84375 13392
0.875 0.84375 13392
0.875 0.84375 13392
0.875 0.84375 13392
0.875 0.8375 13392
0.875 0.8375 13392
0.875 0.8375 13392
0.875 0.8375 13392
0.875 0.8375 13392
0.875 0.8375 13392
0.875 0.8375 13392
0.875 0.8375 13392
0.875 0.8375 13392
0.875 0.8375 13392
0.875 0.8375 13392
0.875 0.8375 13392
0.875 0.8375 13392
0.875 0.8375 13392
0.875 0.8375 13392
0.875 0.8375 13392
0.875 0.8375 13392
0.875 0.8375 13392
0.875 0.8375 13392
0.875 0.8375 13392
0.875 0.8375 13392
0.875 0.834375 13392
0.875 0.83125 13392
0.875 0.83125 13392
0.875 0.83125 13392
0.875 0.83125 13392
0.875 0.83125 13392
0.875 0.83125 13392
0.875 0.83125 13392
0.875 0.83125 13392
0.875 0.83125 13392
0.875 0.83125 13392
0.875 0.83125 13392
0.875 0.83125 13392
0.875 0.83125 13392
0.875 0.83125 13392
0.875 0.83125 13392
0.875 0.83125 13392
0.875 0.83125 13392
0.875 0.83125 13392
0.875 0.83125 13392
0.875 0.83125 13392
0.875 0.83125 13392
0.875 0.83125 13392
0.875 0.83125 13392
0.875 0.83125 13392
0.875 0.83125 13392
0.875 0.83125 13392
0.875 0.83125 13392
0.875 0.83125 13392
0.875 0.83125 13392
0.875 0.83125 13392
0.875 0.83125 13392
0.875 0.83125 13392
0.875 0.83125 13392
0.875 0.83125 13392
0.875 0.83125 13392
0.875 0.83125 13392
0.875 0.83125 13392
0.875 0.83125 13392
0.875 0.83125 13392
0.875 0.83125 13392
0.875 0.83125 13392
0.875 0.83125 13392
0.875 0.83125 13392
0.875 0.83125 13392
0.875 0.83125 13392
0.875 0.83125 13392
0.875 0.828125 13392
0.875 0.825 13392
0.875 0.825 13392
0.875 0.825 13392
0.875 0.825 13392
0.875 0.825 13392
0.875 0.825 13392
0.875 0.825 13392
0.875 0.825 13392
0.875 0.825 13392
0.875 0.825 13392
0.875 0.825 13392
0.875 0.825 13392
0.875 0.825 13392
0.875 0.825 13392
0.875 0.825 13392
0.875 0.825 13392
0.875 0.825 13392
0.875 0.825 13392
0.875 0.825 13392
0.875 0.825 13392
0.875 0.825 13392
0.875 0.825 13392
0.875 0.825 13392
0.875 0.825 13392
0.875 0.825 13392
0.875 0.825 13392
0.875 0.825 13392
0.875 0.825 13392
0.875 0.825 13392
0.875 0.825 13392
0.875 0.825 13392
0.875 0.825 13392
0.875 0.825 13392
0.875 0.825 13392
0.875 0.825 13392
0.875 0.825 13392
0.875 0.825 13392
0.875 0.825 13392
0.875 0.825 13392
0.875 0.825 13392
0.875 0.825 13392
0.875 0.825 13392
0.875 0.825 13392
0.875 0.825 13392
0.875 0.825 13392
0.875 0.825 13392
0.875 0.825 13392
0.875 0.825 13392
0.875 0.825 13392
0.875 0.825 13392
0.875 0.825 13392
0.875 0.825 13392
0.875 0.825 13392
0.875 0.825 13392
0.875 0.825 13392
0.875 0.825 13392
0.875 0.825 13392
0.875 0.825 13392
0.875 0.825 13392
0.875 0.825 13392
0.875 0.825 13392
0.875 0.825 13392
0.875 0.825 13392
0.875 0.825 13392
0.875 0.825 13392
0.875 0.825 13392
0.875 0.825 13392
0.875 0.825 13392
0.875 0.825 13392
0.875 0.825 13392
0.875 0.825 13392
0.875 0.825 13392
0.875 0.825 13392
0.875 0.825 13392
0.875 0.825 13392
0.875 0.825 13392
0.875 0.825 13392
0.875 0.825 13392
0.875 0.825 13392
0.875 0.825 13392
0.875 0.825 13392
0.875 0.825 13392
0.875 0.825 13392
0.875 0.825 13392
0.875 0.825 13392
0.875 0.825 13392
0.875 0.825 13392
0.875 0.825 13392
0.875 0.825 13392
0.875 0.825 13392
0.875 0.825 13392
0.875 0.825 13392
0.875 0.825 13392
0.875 0.825 13392
0.875 0.825 13392
0.875 0.825 13392
0.875 0.825 13392
0.875 0.825 13392
0.875 0.825 13392
0.875 0.825 13392
0.875 0.825 13392
0.875 0.825 13392
0.875 0.825 13392
0.875 0.825 13392
0.875 0.825 13392
0.875 0.825 13392
0.875 0.825 13392
0.875 0.825 13392
0.875 0.825 13392
0.875 0.825 13392
0.875 0.825 13392
0.875 0.825 13392
0.875 0.825 13392
0.875 0.825 13392
0.875 0.825 13392
0.875 0.825 13392
0.875 0.825 13392
0.875 0.825 13392
0.875 0.825 13392
0.875 0.825 13392
0.875 0.825 13392
0.875 0.825 13392
0.875 0.825 13392
0.875 0.825 13392
0.875 0.825 13392
0.875 0.825 13392
0.875 0.825 13392
0.875 0.825 13392
0.875 0.825 13392
0.875 0.825 13392
0.875 0.825 13392
0.875 0.825 13392
0.875 0.825 13392
0.875 0.825 13392
0.875 0.825 13392
0.875 0.825 13392
0.875 0.825 13392
0.875 0.825 13392
0.875 0.825 13392
0.875 0.825 13392
0.875 0.825 13392
0.875 0.825 13392
0.875 0.825 13392
0.875 0.81875 13392
0.875 0.81875 13392
0.875 0.81875 13392
0.875 0.81875 13392
0.875 0.81875 13392
0.875 0.81875 13392
0.875 0.81875 13392
0.875 0.81875 13392
0.875 0.81875 13392
0.875 0.81875 13392
0.875 0.81875 13392
0.875 0.81875 13392
0.875 0.81875 13392
0.875 0.81875 13392
0.875 0.81875 13392
0.875 0.81875 13392
0.875 0.81875 13392
0.875 0.81875 13392
0.875 0.81875 13392
0.875 0.81875 13392
0.875 0.81875 13392
0.875 0.81875 13392
0.875 0.81875 13392
0.875 0.81875 13392
0.875 0.81875 13392
0.875 0.81875 13392
0.875 0.81875 13392
0.875 0.81875 13392
0.875 0.81875 13392
0.875 0.81875 13392
0.875 0.81875 13392
0.875 0.81875 13392
0.875 0.81875 13392
0.875 0.81875 13392
0.875 0.81875 13392
0.875 0.81875 13392
0.875 0.81875 13392
0.875 0.81875 13392
0.875 0.81875 13392
0.875 0.81875 13392
0.875 0.81875 13392
0.875 0.81875 13392
0.875 0.81875 13392
0.875 0.81875 13392
0.875 0.81875 13392
0.875 0.81875 13392
0.875 0.81875 13392
0.875 0.81875 13392
0.875 0.81875 13392
0.875 0.81875 13392
0.875 0.81875 13392
0.875 0.81875 13392
0.875 0.81875 13392
0.875 0.81875 13392
0.875 0.81875 13392
0.875 0.81875 13392
0.875 0.81875 13392
0.875 0.81875 13392
0.875 0.81875 13392
0.875 0.81875 13392
0.875 0.81875 13392
0.875 0.8125 13392
0.875 0.8125 13392
0.875 0.8125 13392
0.875 0.8125 13392
0.875 0.8125 13392
0.875 0.8125 13392
0.875 0.8125 13392
0.875 0.8125 13392
0.875 0.8125 13392
0.875 0.8125 13392
0.875 0.8125 13392
0.875 0.8125 13392
0.875 0.8125 13392
0.875 0.8125 13392
0.875 0.8125 13392
0.875 0.8125 13392
0.875 0.8125 13392
0.875 0.8125 13392
0.875 0.8125 13392
0.875 0.8125 13392
0.875 0.8125 13392
0.875 0.8125 13392
0.875 0.8125 13392
0.875 0.8125 13392
0.875 0.8125 13392
0.875 0.8125 13392
0.875 0.8125 13392
0.875 0.8125 13392
0.875 0.8125 13392
0.875 0.8125 13392
0.875 0.8125 13392
0.875 0.8125 13392
0.875 0.8125 13392
0.875 0.8125 13392
0.875 0.8125 13392
0.875 0.8125 13392
0.875 0.8125 13392
0.875 0.8125 13392
0.875 0.8125 13392
0.875 0.8125 13392
0.875 0.8125 13392
0.875 0.8125 13392
0.875 0.8125 13392
0.875 0.8125 13392
0.875 0.8125 13392
0.875 0.8125 13392
0.875 0.8125 13392
0.875 0.8125 13392
0.875 0.8125 13392
0.875 0.8125 13392
0.875 0.8125 13392
0.875 0.8125 13392
0.875 0.8125 13392
0.875 0.8125 13392
0.875 0.8125 13392
0.875 0.8125 13392
0.875 0.8125 13392
0.875 0.8125 13392
0.875 0.8125 13392
0.875 0.8125 13392
0.875 0.8125 13392
0.875 0.8125 13392
0.875 0.8125 13392
0.875 0.8125 13392
0.875 0.8125 13392
0.875 0.8125 13392
0.875 0.8125 13392
0.875 0.8125 13392
0.875 0.8125 13392
0.875 0.8125 13392
0.875 0.8125 13392
0.875 0.8125 13392
0.875 0.8125 13392
0.875 0.8125 13392
0.875 0.8125 13392
0.875 0.8125 13392
0.875 0.8125 13392
0.875 0.8125 13392
0.875 0.8125 13392
0.875 0.8125 13392
0.875 0.8125 13392
0.875 0.80625 13392
0.875 0.80625 13392
0.875 0.80625 13392
0.875 0.80625 13392
0.875 0.80625 13392
0.875 0.80625 13392
0.875 0.80625 13392
0.875 0.80625 13392
0.875 0.80625 13392
0.875 0.80625 13392
0.875 0.80625 13392
0.875 0.80625 13392
0.875 0.80625 13392
0.875 0.80625 13392
0.875 0.80625 13392
0.875 0.80625 13392
0.875 0.80625 13392
0.875 0.80625 13392
0.875 0.80625 13392
0.875 0.80625 13392
0.875 0.80625 13392
0.875 0.80625 13392
0.875 0.80625 13392
0.875 0.80625 13392
0.875 0.80625 13392
0.875 0.80625 13392
0.875 0.80625 13392
0.875 0.80625 13392
0.875 0.80625 13392
0.875 0.80625 13392
0.875 0.80625 13392
0.875 0.80625 13392
0.875 0.80625 13392
0.875 0.80625 13392
0.875 0.80625 13392
0.875 0.8 13392
0.875 0.8 13392
0.875 0.8 13392
0.875 0.8 13392
0.875 0.8 13392
0.875 0.8 13392
0.875 0.8 13392
0.875 0.8 13392
0.875 0.8 13392
0.875 0.8 13392
0.875 0.8 13392
0.875 0.8 13392
0.875 0.8 13392
0.875 0.8 13392
0.875 0.8 13392
0.875 0.8 13392
0.875 0.8 13392
0.875 0.8 13392
0.875 0.8 13392
0.875 0.8 13392
0.875 0.8 13392
0.875 0.8 13392
0.875 0.8 13392
0.875 0.8 13392
0.875 0.8 13392
0.875 0.8 13392
0.875 0.8 13392
0.875 0.8 13392
0.875 0.8 13392
0.875 0.8 13392
0.875 0.8 13392
0.875 0.8 13392
0.875 0.8 13392
0.875 0.8 13392
0.875 0.8 13392
0.875 0.8 13392
0.875 0.8 13392
0.875 0.8 13392
0.875 0.8 13392
0.875 0.8 13392
0.875 0.8 13392
0.875 0.8 13392
0.875 0.8 13392
0.875 0.8 13392
0.875 0.8 13392
0.875 0.8 13392
0.875 0.8 13392
0.875 0.8 13392
0.875 0.8 13392
0.875 0.8 13392
0.875 0.8 13392
0.875 0.8 13392
0.875 0.8 13392
0.875 0.8 13392
0.875 0.8 13392
0.875 0.8 13392
0.875 0.8 13392
0.875 0.8 13392
0.875 0.8 13392
0.875 0.8 13392
0.875 0.8 13392
0.875 0.8 13392
0.875 0.8 13392
0.875 0.8 13392
0.875 0.8 13392
0.875 0.8 13392
0.875 0.8 13392
0.875 0.8 13392
0.875 0.8 13392
0.875 0.8 13392
0.875 0.8 13392
0.875 0.8 13392
0.875 0.8 13392
0.875 0.8 13392
0.875 0.8 13392
0.875 0.8 13392
0.875 0.8 13392
0.875 0.8 13392
0.875 0.8 13392
0.875 0.8 13392
0.875 0.8 13392
0.875 0.8 13392
0.875 0.8 13392
0.875 0.8 13392
0.875 0.8 13392
0.875 0.8 13392
0.875 0.8 13392
0.875 0.8 13392
0.875 0.8 13392
0.875 0.8 13392
0.875 0.8 13392
0.875 0.8 13392
0.875 0.8 13392
0.875 0.8 13392
0.875 0.8 13392
0.875 0.8 13392
0.875 0.8 13392
0.875 0.8 13392
0.875 0.8 13392
0.875 0.8 13392
0.875 0.8 13392
0.875 0.8 13392
0.875 0.8 13392
0.875 0.8 13392
0.875 0.8 13392
0.875 0.8 13392
0.875 0.8 13392
0.875 0.8 13392
0.875 0.8 13392
0.875 0.8 13392
0.875 0.8 13392
0.875 0.8 13392
0.875 0.8 13392
0.875 0.8 13392
0.875 0.8 13392
0.875 0.8 13392
0.875 0.8 13392
0.875 0.8 13392
0.875 0.8 13392
0.875 0.8 13392
0.875 0.8 13392
0.875 0.8 13392
0.875 0.8 13392
0.875 0.8 13392
0.875 0.8 13392
0.875 0.8 13392
0.875 0.8 13392
0.875 0.8 13392
0.875 0.8 13392
0.875 0.8 13392
0.875 0.8 13392
0.875 0.8 13392
0.875 0.8 13392
0.875 0.8 13392
0.875 0.8 13392
0.875 0.8 13392
0.875 0.8 13392
0.875 0.8 13392
0.875 0.8 13392
0.875 0.8 13392
0.875 0.8 13392
0.875 0.8 13392
0.875 0.8 13392
0.875 0.8 13392
0.875 0.8 13392
0.875 0.8 13392
0.875 0.8 13392
0.875 0.8 13392
0.875 0.8 13392
0.875 0.8 13392
0.875 0.8 13392
0.875 0.8 13392
0.875 0.8 13392
0.875 0.8 13392
0.875 0.8 13392
0.875 0.8 13392
0.875 0.8 13392
0.875 0.8 13392
0.875 0.8 13392
0.875 0.8 13392
0.875 0.8 13392
0.875 0.8 13392
0.875 0.8 13392
0.875 0.8 13392
0.875 0.8 13392
0.875 0.8 13392
0.875 0.8 13392
0.875 0.8 13392
0.875 0.8 13392
0.875 0.8 13392
0.875 0.8 13392
0.875 0.8 13392
0.875 0.8 13392
0.875 0.8 13392
0.875 0.8 13392
0.875 0.8 13392
0.875 0.8 13392
0.875 0.8 13392
0.875 0.8 13392
0.875 0.8 13392
0.875 0.8 13392
0.875 0.8 13392
0.875 0.8 13392
0.875 0.8 13392
0.875 0.8 13392
0.875 0.8 13392
0.875 0.8 13392
0.875 0.8 13392
0.875 0.8 13392
0.875 0.8 13392
0.875 0.8 13392
0.875 0.8 13392
0.875 0.8 13392
0.875 0.8 13392
0.875 0.8 13392
0.875 0.8 13392
0.875 0.8 13392
0.875 0.8 13392
0.875 0.8 13392
0.875 0.8 13392
0.875 0.8 13392
0.875 0.8 13392
0.875 0.8 13392
0.875 0.8 13392
0.875 0.8 13392
0.875 0.8 13392
0.875 0.8 13392
0.875 0.8 13392
0.875 0.8 13392
0.875 0.8 13392
0.875 0.8 13392
0.875 0.8 13392
0.875 0.8 13392
0.875 0.8 13392
0.875 0.8 13392
0.875 0.8 13392
0.875 0.8 13392
0.875 0.8 13392
0.875 0.8 13392
0.875 0.8 13392
0.875 0.8 13392
0.875 0.8 13392
0.875 0.8 13392
0.875 0.8 13392
0.875 0.8 13392
0.875 0.8 13392
0.875 0.8 13392
0.875 0.8 13392
0.875 0.8 13392
0.875 0.8 13392
0.875 0.8 13392
0.875 0.8 13392
0.875 0.8 13392
0.875 0.8 13392
0.875 0.8 13392
0.875 0.8 13392
0.875 0.8 13392
0.875 0.8 13392
0.875 0.8 13392
0.875 0.8 13392
0.875 0.8 13392
0.875 0.8 13392
0.875 0.8 13392
0.875 0.8 13392
0.875 0.8 13392
0.875 0.8 13392
0.875 0.8 13392
0.875 0.8 13392
0.875 0.8 13392
0.875 0.8 13392
0.875 0.8 13392
0.875 0.8 13392
0.875 0.8 13392
0.875 0.8 13392
0.875 0.8 13392
0.875 0.8 13392
0.875 0.8 13392
0.875 0.8 13392
0.875 0.8 13392
0.875 0.8 13392
0.875 0.8 13392
0.875 0.8 13392
0.875 0.8 13392
0.875 0.8 13392
0.875 0.8 13392
0.875 0.8 13392
0.875 0.8 13392
0.875 0.8 13392
0.875 0.8 13392
0.875 0.8 13392
0.875 0.8 13392
0.875 0.8 13392
0.875 0.8 13392
0.875 0.8 13392
0.875 0.8 13392
0.875 0.8 13392
0.875 0.8 13392
0.875 0.8 13392
0.875 0.8 13392
0.875 0.8 13392
0.875 0.8 13392
0.875 0.8 13392
0.875 0.8 13392
0.875 0.8 13392
0.875 0.8 13392
0.875 0.8 13392
0.875 0.8 13392
0.875 0.8 13392
0.875 0.8 13392
0.875 0.8 13392
0.875 0.8 13392
0.875 0.8 13392
0.875 0.8 13392
0.875 0.8 13392
0.875 0.8 13392
0.875 0.8 13392
0.875 0.8 13392
0.875 0.8 13392
0.875 0.8 13392
0.875 0.8 13392
0.875 0.8 13392
0.875 0.8 13392
0.875 0.8 13392
0.875 0.8 13392
0.875 0.8 13392
0.875 0.8 13392
0.875 0.8 13392
0.875 0.8 13392
0.875 0.8 13392
0.875 0.8 13392
0.875 0.8 13392
0.875 0.8 13392
0.875 0.8 13392
0.875 0.8 13392
0.875 0.8 13392
0.875 0.8 13392
0.875 0.8 13392
0.875 0.8 13392
0.875 0.8 13392
0.875 0.8 13392
0.875 0.8 13392
0.875 0.8 13392
0.875 0.8 13392
0.875 0.8 13392
0.875 0.8 13392
0.875 0.8 13392
0.875 0.8 13392
0.875 0.8 13392
0.875 0.8 13392
0.875 0.8 13392
0.875 0.8 13392
0.875 0.8 13392
0.875 0.8 13392
0.875 0.8 13392
0.875 0.8 13392
0.875 0.8 13392
0.875 0.8 13392
0.875 0.8 13392
0.875 0.8 13392
0.875 0.8 13392
0.875 0.8 13392
0.875 0.8 13392
0.875 0.8 13392
0.875 0.8 13392
0.875 0.8 13392
0.875 0.8 13392
0.875 0.8 13392
0.875 0.8 13392
0.875 0.8 13392
0.875 0.8 13392
0.875 0.8 13392
0.875 0.8 13392
0.875 0.8 13392
0.875 0.8 13392
0.875 0.8 13392
0.875 0.8 13392
0.875 0.8 13392
0.875 0.8 13392
0.875 0.8 13392
0.875 0.8 13392
0.875 0.8 13392
0.875 0.8 13392
0.875 0.8 13392
0.875 0.8 13392
0.875 0.8 13392
0.875 0.8 13392
0.875 0.8 13392
0.875 0.8 13392
0.875 0.8 13392
0.875 0.8 13392
0.875 0.8 13392
0.875 0.8 13392
0.875 0.8 13392
0.875 0.8 13392
0.875 0.8 13392
0.875 0.8 13392
0.875 0.8 13392
0.875 0.8 13392
0.875 0.8 13392
0.875 0.8 13392
0.875 0.8 13392
0.875 0.8 13392
0.875 0.8 13392
0.875 0.8 13392
0.875 0.8 13392
0.875 0.8 13392
0.875 0.8 13392
0.875 0.8 13392
0.875 0.8 13392
0.875 0.8 13392
0.875 0.8 13392
0.875 0.8 13392
0.875 0.8 13392
0.875 0.8 13392
0.875 0.8 13392
0.875 0.8 13392
0.875 0.80625 13392
0.875 0.80625 13392
0.875 0.80625 13392
0.875 0.80625 13392
0.875 0.80625 13392
0.875 0.80625 13392
0.875 0.80625 13392
0.875 0.80625 13392
0.875 0.80625 13392
0.875 0.80625 13392
0.875 0.80625 13392
0.875 0.80625 13392
0.875 0.80625 13392
0.875 0.80625 13392
0.875 0.80625 13392
0.875 0.80625 13392
0.875 0.80625 13392
0.875 0.80625 13392
0.875 0.80625 13392
0.875 0.80625 13392
0.875 0.80625 13392
0.875 0.80625 13392
0.875 0.80625 13392
0.875 0.80625 13392
0.875 0.80625 13392
0.875 0.80625 13392
0.875 0.80625 13392
0.875 0.80625 13392
0.875 0.80625 13392
0.875 0.80625 13392
0.875 0.80625 13392
0.875 0.80625 13392
0.875 0.80625 13392
0.875 0.80625 13392
0.875 0.80625 13392
0.875 0.80625 13392
0.875 0.80625 13392
0.875 0.80625 13392
0.875 0.80625 13392
0.875 0.80625 13392
0.875 0.80625 13392
0.875 0.80625 13392
0.875 0.80625 13392
0.875 0.80625 13392
0.875 0.80625 13392
0.875 0.80625 13392
0.875 0.80625 13392
0.875 0.80625 13392
0.875 0.80625 13392
0.875 0.80625 13392
0.875 0.80625 13392
0.875 0.80625 13392
0.875 0.80625 13392
0.875 0.80625 13392
0.875 0.80625 13392
0.875 0.80625 13392
0.875 0.80625 13392
0.875 0.80625 13392
0.875 0.80625 13392
0.875 0.80625 13392
0.875 0.80625 13392
0.875 0.80625 13392
0.875 0.80625 13392
0.875 0.80625 13392
0.875 0.80625 13392
0.875 0.80625 13392
0.875 0.80625 13392
0.875 0.80625 13392
0.875 0.80625 13392
0.875 0.80625 13392
0.875 0.80625 13392
0.875 0.80625 13392
0.875 0.80625 13392
0.875 0.80625 13392
0.875 0.80625 13392
0.875 0.80625 13392
0.875 0.80625 13392
0.875 0.80625 13392
0.875 0.80625 13392
0.875 0.80625 13392
0.875 0.80625 13392
0.875 0.80625 13392
0.875 0.80625 13392
0.875 0.80625 13392
0.875 0.80625 13392
0.875 0.80625 13392
0.875 0.80625 13392
0.875 0.80625 13392
0.875 0.80625 13392
0.875 0.80625 13392
0.875 0.80625 13392
0.875 0.80625 13392
0.875 0.80625 13392
0.875 0.80625 13392
0.875 0.80625 13392
0.875 0.80625 13392
0.875 0.80625 13392
0.875 0.80625 13392
0.875 0.80625 13392
0.875 0.80625 13392
0.875 0.80625 13392
0.875 0.80625 13392
0.875 0.80625 13392
0.875 0.80625 13392
0.875 0.80625 13392
0.875 0.80625 13392
0.875 0.80625 13392
0.875 0.80625 13392
0.875 0.80625 13392
0.875 0.80625 13392
0.875 0.80625 13392
0.875 0.80625 13392
0.875 0.80625 13392
0.875 0.80625 13392
0.875 0.80625 13392
0.875 0.80625 13392
0.875 0.80625 13392
0.875 0.80625 13392
0.875 0.80625 13392
0.875 0.80625 13392
0.875 0.80625 13392
0.875 0.80625 13392
0.875 0.80625 13392
0.875 0.80625 13392
0.875 0.80625 13392
0.875 0.80625 13392
0.875 0.80625 13392
0.875 0.80625 13392
0.875 0.80625 13392
0.875 0.80625 13392
0.875 0.80625 13392
0.875 0.80625 13392
0.875 0.80625 13392
0.875 0.80625 13392
0.875 0.80625 13392
0.875 0.80625 13392
0.875 0.80625 13392
0.875 0.80625 13392
0.875 0.80625 13392
0.875 0.80625 13392
0.875 0.80625 13392
0.875 0.80625 13392
0.875 0.80625 13392
0.875 0.80625 13392
0.875 0.80625 13392
0.875 0.80625 13392
0.875 0.80625 13392
0.875 0.80625 13392
0.875 0.80625 13392
0.875 0.80625 13392
0.875 0.80625 13392
0.875 0.80625 13392
0.875 0.80625 13392
0.875 0.80625 13392
0.875 0.80625 13392
0.875 0.80625 13392
0.875 0.80625 13392
0.875 0.80625 13392
0.875 0.80625 13392
0.875 0.80625 13392
0.875 0.80625 13392
0.875 0.80625 13392
0.875 0.80625 13392
0.875 0.80625 13392
0.875 0.80625 13392
0.875 0.80625 13392
0.875 0.80625 13392
0.875 0.80625 13392
0.875 0.80625 13392
0.875 0.80625 13392
0.875 0.80625 13392
0.875 0.80625 13392
0.875 0.80625 13392
0.875 0.80625 13392
0.875 0.80625 13392
0.875 0.80625 13392
0.875 0.80625 13392
0.875 0.80625 13392
0.875 0.80625 13392
0.875 0.80625 13392
0.875 0.80625 13392
0.875 0.80625 13392
0.875 0.80625 13392
0.875 0.80625 13392
0.875 0.80625 13392
0.875 0.80625 13392
0.875 0.80625 13392
0.875 0.80625 13392
0.875 0.80625 13392
0.875 0.80625 13392
0.875 0.80625 13392
0.875 0.80625 13392
0.875 0.80625 13392
0.875 0.80625 13392
0.875 0.80625 13392
0.875 0.80625 13392
0.875 0.80625 13392
0.875 0.80625 13392
0.875 0.80625 13392
0.875 0.80625 13392
0.875 0.80625 13392
0.875 0.80625 13392
0.875 0.80625 13392
0.875 0.80625 13392
0.875 0.80625 13392
0.875 0.80625 13392
0.875 0.80625 13392
0.875 0.80625 13392
0.875 0.80625 13392
0.875 0.80625 13392
0.875 0.80625 13392
0.875 0.80625 13392
0.875 0.80625 13392
0.875 0.80625 13392
0.875 0.80625 13392
0.875 0.80625 13392
0.875 0.80625 13392
0.875 0.80625 13392
0.875 0.80625 13392
0.875 0.80625 13392
0.875 0.80625 13392
0.875 0.80625 13392
0.875 0.80625 13392
0.875 0.80625 13392
0.875 0.80625 13392
0.875 0.80625 13392
0.875 0.80625 13392
0.875 0.80625 13392
0.875 0.80625 13392
0.875 0.80625 13392
0.875 0.80625 13392
0.875 0.80625 13392
0.875 0.80625 13392
0.875 0.80625 13392
0.875 0.80625 13392
0.875 0.80625 13392
0.875 0.80625 13392
0.875 0.80625 13392
0.875 0.80625 13392
0.875 0.80625 13392
0.875 0.80625 13392
0.875 0.80625 13392
0.875 0.80625 13392
0.875 0.80625 13392
0.875 0.80625 13392
0.875 0.80625 13392
0.875 0.80625 13392
0.875 0.80625 13392
0.875 0.80625 13392
0.875 0.80625 13392
0.875 0.80625 13392
0.875 0.80625 13392
0.875 0.80625 13392
0.875 0.80625 13392
0.875 0.80625 13392
0.875 0.80625 13392
0.875 0.80625 13392
0.875 0.80625 13392
0.875 0.80625 13392
0.875 0.80625 13392
0.875 0.80625 13392
0.875 0.80625 13392
0.875 0.80625 13392
0.875 0.80625 13392
0.875 0.80625 13392
0.875 0.80625 13392
0.875 0.80625 13392
0.875 0.80625 13392
0.875 0.80625 13392
0.875 0.80625 13392
0.875 0.80625 13392
0.875 0.80625 13392
0.875 0.80625 13392
0.875 0.80625 13392
0.875 0.80625 13392
0.875 0.80625 13392
0.875 0.80625 13392
0.875 0.80625 13392
0.875 0.80625 13392
0.875 0.80625 13392
0.875 0.80625 13392
0.875 0.80625 13392
0.875 0.80625 13392
0.875 0.80625 13392
0.875 0.80625 13392
0.875 0.80625 13392
0.875 0.80625 13392
0.875 0.80625 13392
0.875 0.80625 13392
0.875 0.80625 13392
0.875 0.80625 13392
0.875 0.80625 13392
0.875 0.80625 13392
0.875 0.80625 13392
0.875 0.80625 13392
0.875 0.80625 13392
0.875 0.80625 13392
0.875 0.80625 13392
0.875 0.80625 13392
0.875 0.80625 13392
0.875 0.80625 13392
0.875 0.80625 13392
0.875 0.80625 13392
0.875 0.80625 13392
0.875 0.80625 13392
0.875 0.80625 13392
0.875 0.80625 13392
0.875 0.80625 13392
0.875 0.80625 13392
0.875 0.80625 13392
0.875 0.80625 13392
0.875 0.80625 13392
0.875 0.80625 13392
0.875 0.80625 13392
0.875 0.80625 13392
0.875 0.80625 13392
0.875 0.80625 13392
0.875 0.80625 13392
0.875 0.80625 13392
0.875 0.80625 13392
0.875 0.80625 13392
0.875 0.80625 13392
0.875 0.80625 13392
0.875 0.80625 13392
0.875 0.80625 13392
0.875 0.80625 13392
0.875 0.80625 13392
0.875 0.80625 13392
0.875 0.80625 13392
0.875 0.80625 13392
0.875 0.80625 13392
0.875 0.80625 13392
0.875 0.80625 13392
0.875 0.80625 13392
0.875 0.80625 13392
0.875 0.80625 13392
0.875 0.80625 13392
0.875 0.80625 13392
0.875 0.80625 13392
0.875 0.80625 13392
0.875 0.80625 13392
0.875 0.80625 13392
0.875 0.80625 13392
0.875 0.80625 13392
0.875 0.80625 13392
0.875 0.80625 13392
0.875 0.80625 13392
0.875 0.80625 13392
0.875 0.80625 13392
0.875 0.80625 13392
0.875 0.80625 13392
0.875 0.80625 13392
0.875 0.80625 13392
0.875 0.80625 13392
0.875 0.80625 13392
0.875 0.80625 13392
0.875 0.80625 13392
0.875 0.80625 13392
0.875 0.80625 13392
0.875 0.80625 13392
0.875 0.80625 13392
0.875 0.80625 13392
0.875 0.80625 13392
0.875 0.80625 13392
0.875 0.80625 13392
0.875 0.80625 13392
0.875 0.80625 13392
0.875 0.80625 13392
0.875 0.80625 13392
0.875 0.80625 13392
0.875 0.80625 13392
0.875 0.80625 13392
0.875 0.80625 13392
0.875 0.80625 13392
0.875 0.80625 13392
0.875 0.80625 13392
0.875 0.80625 13392
0.875 0.80625 13392
0.875 0.80625 13392
0.875 0.80625 13392
0.875 0.80625 13392
0.875 0.80625 13392
0.875 0.80625 13392
0.875 0.80625 13392
0.875 0.80625 13392
0.875 0.80625 13392
0.875 0.80625 13392
0.875 0.80625 13392
0.875 0.80625 13392
0.875 0.80625 13392
0.875 0.80625 13392
0.875 0.80625 13392
0.875 0.80625 13392
0.875 0.80625 13392
0.875 0.80625 13392
0.875 0.80625 13392
0.875 0.80625 13392
0.875 0.80625 13392
0.875 0.80625 13392
0.875 0.80625 13392
0.875 0.80625 13392
0.875 0.80625 13392
0.875 0.80625 13392
0.875 0.80625 13392
0.875 0.80625 13392
0.875 0.80625 13392
0.875 0.80625 13392
0.875 0.80625 13392
0.875 0.80625 13392
0.875 0.80625 13392
0.875 0.80625 13392
0.875 0.80625 13392
0.875 0.80625 13392
0.875 0.80625 13392
0.875 0.80625 13392
0.875 0.80625 13392
0.875 0.80625 13392
0.875 0.80625 13392
0.875 0.80625 13392
0.875 0.80625 13392
0.875 0.80625 13392
0.875 0.80625 13392
0.875 0.80625 13392
0.875 0.80625 13392
0.875 0.80625 13392
0.875 0.80625 13392
0.875 0.80625 13392
0.875 0.80625 13392
0.875 0.80625 13392
0.875 0.80625 13392
0.875 0.80625 13392
0.875 0.80625 13392
0.875 0.80625 13392
0.875 0.80625 13392
0.875 0.80625 13392
0.875 0.80625 13392
0.875 0.80625 13392
0.875 0.80625 13392
0.875 0.80625 13392
0.875 0.80625 13392
0.875 0.80625 13392
0.875 0.80625 13392
0.875 0.80625 13392
0.875 0.80625 13392
0.875 0.80625 13392
0.875 0.80625 13392
0.875 0.80625 13392
0.875 0.80625 13392
0.875 0.80625 13392
0.875 0.80625 13392
0.875 0.80625 13392
0.875 0.80625 13392
0.875 0.80625 13392
0.875 0.80625 13392
0.875 0.80625 13392
0.875 0.80625 13392
0.875 0.8 13392
0.875 0.8 13392
0.875 0.79375 13392
0.875 0.79375 13392
0.875 0.79375 13392
0.875 0.79375 13392
0.875 0.79375 13392
0.875 0.79375 13392
0.875 0.79375 13392
0.875 0.790625 13392
0.875 0.7875 13392
0.875 0.7875 13392
0.875 0.7875 13392
0.875 0.7875 13392
0.875 0.7875 13392
0.875 0.7875 13392
0.875 0.7875 13392
0.875 0.7875 13392
0.875 0.7875 13392
0.875 0.7875 13392
0.875 0.7875 13392
0.875 0.7875 13392
0.875 0.7875 13392
0.875 0.7875 13392
0.875 0.7875 13392
0.875 0.79375 13392
0.875 0.79375 13392
0.875 0.79375 13392
0.875 0.79375 13392
0.875 0.79375 13392
0.875 0.79375 13392
0.875 0.79375 13392
0.875 0.79375 13392
0.875 0.79375 13392
0.875 0.79375 13392
0.875 0.79375 13392
0.875 0.79375 13392
0.875 0.79375 13392
0.875 0.79375 13392
0.875 0.79375 13392
0.875 0.79375 13392
0.875 0.79375 13392
0.875 0.79375 13392
0.875 0.79375 13392
0.875 0.79375 13392
0.875 0.79375 13392
0.875 0.79375 13392
0.875 0.79375 13392
0.875 0.79375 13392
0.875 0.79375 13392
0.875 0.79375 13392
0.875 0.79375 13392
0.875 0.79375 13392
0.875 0.79375 13392
0.875 0.79375 13392
0.875 0.79375 13392
0.875 0.79375 13392
0.875 0.79375 13392
0.875 0.79375 13392
0.875 0.79375 13392
0.875 0.79375 13392
0.875 0.79375 13392
0.875 0.79375 13392
0.875 0.79375 13392
0.875 0.79375 13392
0.875 0.79375 13392
0.875 0.79375 13392
0.875 0.79375 13392
0.875 0.79375 13392
0.875 0.79375 13392
0.875 0.79375 13392
0.875 0.79375 13392
0.875 0.79375 13392
0.875 0.79375 13392
0.875 0.8 13392
0.875 0.8 13392
0.875 0.8 13392
0.875 0.8 13392
0.875 0.8 13392
0.875 0.8 13392
0.875 0.8 13392
0.875 0.8 13392
0.875 0.8 13392
0.875 0.8 13392
0.875 0.8 13392
0.875 0.8 13392
0.875 0.8 13392
0.875 0.8 13392
0.875 0.8 13392
0.875 0.8 13392
0.875 0.8 13392
0.875 0.8 13392
0.875 0.8 13392
0.875 0.8 13392
0.875 0.8 13392
0.875 0.8 13392
0.875 0.8 13392
0.875 0.8 13392
0.875 0.8 13392
0.875 0.8 13392
0.875 0.8 13392
0.875 0.8 13392
0.875 0.8 13392
0.875 0.8 13392
0.875 0.8 13392
0.875 0.8 13392
0.875 0.8 13392
0.875 0.8 13392
0.875 0.8 13392
0.875 0.8 13392
0.875 0.8 13392
0.875 0.8 13392
0.875 0.8 13392
0.875 0.8 13392
0.875 0.8 13392
0.875 0.8 13392
0.875 0.8 13392
0.875 0.8 13392
0.875 0.8 13392
0.875 0.8 13392
0.875 0.8 13392
0.875 0.8 13392
0.875 0.8 13392
0.875 0.8 13392
0.875 0.8 13392
0.875 0.8 13392
0.875 0.8 13392
0.875 0.8 13392
0.875 0.8 13392
0.875 0.8 13392
0.875 0.8 13392
0.875 0.8 13392
0.875 0.8 13392
0.875 0.8 13392
0.875 0.8 13392
0.875 0.8 13392
0.875 0.8 13392
0.875 0.8 13392
0.875 0.8 13392
0.875 0.8 13392
0.875 0.8 13392
0.875 0.8 13392
0.875 0.8 13392
0.875 0.8 13392
0.875 0.8 13392
0.875 0.8 13392
0.875 0.8 13392
0.875 0.8 13392
0.875 0.8 13392
0.875 0.8 13392
0.875 0.8 13392
0.875 0.8 13392
0.875 0.8 13392
0.875 0.8 13392
0.875 0.8 13392
0.875 0.8 13392
0.875 0.8 13392
0.875 0.8 13392
0.875 0.8 13392
0.875 0.8 13392
0.875 0.8 13392
0.875 0.8 13392
0.875 0.8 13392
0.875 0.8 13392
0.875 0.8 13392
0.875 0.8 13392
0.875 0.8 13392
0.875 0.8 13392
0.875 0.8 13392
0.875 0.8 13392
0.875 0.8 13392
0.875 0.8 13392
0.875 0.8 13392
0.875 0.8 13392
0.875 0.8 13392
0.875 0.8 13392
0.875 0.8 13392
0.875 0.8 13392
0.875 0.8 13392
0.875 0.8 13392
0.875 0.8 13392
0.875 0.8 13392
0.875 0.8 13392
0.875 0.8 13392
0.875 0.8 13392
0.875 0.8 13392
0.875 0.8 13392
0.875 0.8 13392
0.875 0.8 13392
0.875 0.8 13392
0.875 0.8 13392
0.875 0.8 13392
0.875 0.8 13392
0.875 0.8 13392
0.875 0.8 13392
0.875 0.8 13392
0.875 0.8 13392
0.875 0.8 13392
0.875 0.8 13392
0.875 0.8 13392
0.875 0.8 13392
0.875 0.8 13392
0.875 0.8 13392
0.875 0.8 13392
0.875 0.8 13392
0.875 0.8 13392
0.875 0.8 13392
0.875 0.8 13392
0.875 0.8 13392
0.875 0.8 13392
0.875 0.8 13392
0.875 0.8 13392
0.875 0.8 13392
0.875 0.8 13392
0.875 0.8 13392
0.875 0.8 13392
0.875 0.8 13392
0.875 0.8 13392
0.875 0.8 13392
0.875 0.8 13392
0.875 0.8 13392
0.875 0.8 13392
0.875 0.8 13392
0.875 0.8 13392
0.875 0.8 13392
0.875 0.8 13392
0.875 0.8 13392
0.875 0.8 13392
0.875 0.8 13392
0.875 0.8 13392
0.875 0.8 13392
0.875 0.80625 13392
0.875 0.80625 13392
0.875 0.80625 13392
0.875 0.80625 13392
0.875 0.80625 13392
0.875 0.80625 13392
0.875 0.80625 13392
0.875 0.80625 13392
0.875 0.80625 13392
0.875 0.80625 13392
0.875 0.80625 13392
0.875 0.80625 13392
0.875 0.80625 13392
0.875 0.80625 13392
0.875 0.80625 13392
0.875 0.80625 13392
0.875 0.80625 13392
0.875 0.80625 13392
0.875 0.80625 13392
0.875 0.80625 13392
0.875 0.80625 13392
0.875 0.80625 13392
0.875 0.80625 13392
0.875 0.80625 13392
0.875 0.80625 13392
0.875 0.80625 13392
0.875 0.8125 13392
0.875 0.8125 13392
0.875 0.8125 13392
0.875 0.8125 13392
0.875 0.8125 13392
0.875 0.8125 13392
0.875 0.8125 13392
0.875 0.8125 13392
0.875 0.8125 13392
0.875 0.8125 13392
0.875 0.8125 13392
0.875 0.8125 13392
0.875 0.8125 13392
0.875 0.8125 13392
0.875 0.8125 13392
0.875 0.8125 13392
0.875 0.8125 13392
0.875 0.8125 13392
0.875 0.8125 13392
0.875 0.8125 13392
0.875 0.8125 13392
0.875 0.8125 13392
0.875 0.8125 13392
0.875 0.8125 13392
0.875 0.8125 13392
0.875 0.8125 13392
0.875 0.8125 13392
0.875 0.8125 13392
0.875 0.8125 13392
0.875 0.8125 13392
0.875 0.8125 13392
0.875 0.8125 13392
0.875 0.8125 13392
0.875 0.8125 13392
0.875 0.8125 13392
0.875 0.8125 13392
0.875 0.8125 13392
0.875 0.8125 13392
0.875 0.8125 13392
0.875 0.8125 13392
0.875 0.8125 13392
0.875 0.8125 13392
0.875 0.8125 13392
0.875 0.8125 13392
0.875 0.8125 13392
0.875 0.8125 13392
0.875 0.8125 13392
0.875 0.8125 13392
0.875 0.8125 13392
0.875 0.8125 13392
0.875 0.8125 13392
0.875 0.8125 13392
0.875 0.8125 13392
0.875 0.8125 13392
0.875 0.8125 13392
0.875 0.8125 13392
0.875 0.8125 13392
0.875 0.8125 13392
0.875 0.8125 13392
0.875 0.8125 13392
0.875 0.8125 13392
0.875 0.8125 13392
0.875 0.8125 13392
0.875 0.8125 13392
0.875 0.8125 13392
0.875 0.8125 13392
0.875 0.8125 13392
0.875 0.8125 13392
0.875 0.8125 13392
0.875 0.8125 13392
0.875 0.8125 13392
0.875 0.8125 13392
0.875 0.8125 13392
0.875 0.8125 13392
0.875 0.8125 13392
0.875 0.8125 13392
0.875 0.8125 13392
0.875 0.8125 13392
0.875 0.8125 13392
0.875 0.8125 13392
0.875 0.8125 13392
0.875 0.8125 13392
0.875 0.8125 13392
0.875 0.8125 13392
0.875 0.8125 13392
0.875 0.8125 13392
0.875 0.8125 13392
0.875 0.8125 13392
0.875 0.8125 13392
0.875 0.8125 13392
0.875 0.8125 13392
0.875 0.8125 13392
0.875 0.8125 13392
0.875 0.8125 13392
0.875 0.8125 13392
0.875 0.8125 13392
0.875 0.8125 13392
0.875 0.81875 13392
0.875 0.81875 13392
0.875 0.81875 13392
0.875 0.81875 13392
0.875 0.81875 13392
0.875 0.81875 13392
0.875 0.81875 13392
0.875 0.81875 13392
0.875 0.81875 13392
0.875 0.81875 13392
0.875 0.81875 13392
0.875 0.81875 13392
0.875 0.81875 13392
0.875 0.81875 13392
0.875 0.81875 13392
0.875 0.81875 13392
0.875 0.81875 13392
0.875 0.81875 13392
0.875 0.81875 13392
0.875 0.81875 13392
0.875 0.81875 13392
0.875 0.81875 13392
0.875 0.81875 13392
0.875 0.81875 13392
0.875 0.81875 13392
0.875 0.81875 13392
0.875 0.81875 13392
0.875 0.81875 13392
0.875 0.81875 13392
0.875 0.81875 13392
0.875 0.81875 13392
0.875 0.81875 13392
0.875 0.81875 13392
0.875 0.81875 13392
0.875 0.81875 13392
0.875 0.81875 13392
0.875 0.81875 13392
0.875 0.81875 13392
0.875 0.81875 13392
0.875 0.81875 13392
0.875 0.81875 13392
0.875 0.81875 13392
0.875 0.81875 13392
0.875 0.81875 13392
0.875 0.81875 13392
0.875 0.81875 13392
0.875 0.81875 13392
0.875 0.81875 13392
0.875 0.81875 13392
0.875 0.81875 13392
0.875 0.81875 13392
0.875 0.81875 13392
0.875 0.81875 13392
0.875 0.81875 13392
0.875 0.81875 13392
0.875 0.81875 13392
0.875 0.81875 13392
0.875 0.81875 13392
0.875 0.81875 13392
0.875 0.81875 13392
0.875 0.81875 13392
0.875 0.81875 13392
0.875 0.81875 13392
0.875 0.81875 13392
0.875 0.81875 13392
0.875 0.81875 13392
0.875 0.81875 13392
0.875 0.81875 13392
0.875 0.81875 13392
0.875 0.81875 13392
0.875 0.81875 13392
0.875 0.81875 13392
0.875 0.81875 13392
0.875 0.81875 13392
0.875 0.81875 13392
0.875 0.81875 13392
0.875 0.81875 13392
0.875 0.81875 13392
0.875 0.81875 13392
0.875 0.81875 13392
0.875 0.81875 13392
0.875 0.81875 13392
0.875 0.81875 13392
0.875 0.81875 13392
0.875 0.81875 13392
0.875 0.81875 13392
0.875 0.81875 13392
0.875 0.81875 13392
0.875 0.81875 13392
0.875 0.81875 13392
0.875 0.81875 13392
0.875 0.81875 13392
0.875 0.81875 13392
0.875 0.81875 13392
0.875 0.81875 13392
0.875 0.81875 13392
0.875 0.81875 13392
0.875 0.81875 13392
0.875 0.81875 13392
0.875 0.81875 13392
0.875 0.81875 13392
0.875 0.81875 13392
0.875 0.81875 13392
0.875 0.81875 13392
0.875 0.81875 13392
0.875 0.81875 13392
0.875 0.81875 13392
0.875 0.81875 13392
0.875 0.81875 13392
0.875 0.81875 13392
0.875 0.81875 13392
0.875 0.81875 13392
0.875 0.81875 13392
0.875 0.81875 13392
0.875 0.81875 13392
0.875 0.81875 13392
0.875 0.81875 13392
0.875 0.81875 13392
0.875 0.81875 13392
0.875 0.81875 13392
0.875 0.81875 13392
0.875 0.81875 13392
0.875 0.81875 13392
0.875 0.81875 13392
0.875 0.81875 13392
0.875 0.81875 13392
0.875 0.81875 13392
0.875 0.81875 13392
0.875 0.81875 13392
0.875 0.81875 13392
0.875 0.81875 13392
0.875 0.81875 13392
0.875 0.81875 13392
0.875 0.81875 13392
0.875 0.81875 13392
0.875 0.81875 13392
0.875 0.81875 13392
0.875 0.81875 13392
0.875 0.81875 13392
0.875 0.81875 13392
0.875 0.81875 13392
0.875 0.81875 13392
0.875 0.81875 13392
0.875 0.81875 13392
0.875 0.81875 13392
0.875 0.81875 13392
0.875 0.81875 13392
0.875 0.81875 13392
0.875 0.81875 13392
0.875 0.81875 13392
0.875 0.81875 13392
0.875 0.81875 13392
0.875 0.81875 13392
0.875 0.81875 13392
0.875 0.81875 13392
0.875 0.81875 13392
0.875 0.81875 13392
0.875 0.81875 13392
0.875 0.81875 13392
0.875 0.81875 13392
0.875 0.81875 13392
0.875 0.81875 13392
0.875 0.81875 13392
0.875 0.81875 13392
0.875 0.81875 13392
0.875 0.81875 13392
0.875 0.81875 13392
0.875 0.81875 13392
0.875 0.81875 13392
0.875 0.81875 13392
0.875 0.81875 13392
0.875 0.81875 13392
0.875 0.81875 13392
0.875 0.81875 13392
0.875 0.825 13392
0.875 0.825 13392
0.875 0.825 13392
0.875 0.825 13392
0.875 0.825 13392
0.875 0.825 13392
0.875 0.825 13392
0.875 0.825 13392
0.875 0.825 13392
0.875 0.825 13392
0.875 0.825 13392
0.875 0.825 13392
0.875 0.825 13392
0.875 0.825 13392
0.875 0.825 13392
0.875 0.825 13392
0.875 0.825 13392
0.875 0.825 13392
0.875 0.825 13392
0.875 0.825 13392
0.875 0.825 13392
0.875 0.825 13392
0.875 0.825 13392
0.875 0.825 13392
0.875 0.825 13392
0.875 0.825 13392
0.875 0.825 13392
0.875 0.825 13392
0.875 0.825 13392
0.875 0.825 13392
0.875 0.825 13392
0.875 0.825 13392
0.875 0.825 13392
0.875 0.825 13392
0.875 0.825 13392
0.875 0.825 13392
0.875 0.825 13392
0.875 0.825 13392
0.875 0.825 13392
0.875 0.825 13392
0.875 0.825 13392
0.875 0.825 13392
0.875 0.825 13392
0.875 0.825 13392
0.875 0.825 13392
0.875 0.825 13392
0.875 0.825 13392
0.875 0.825 13392
0.875 0.825 13392
0.875 0.825 13392
0.875 0.825 13392
0.875 0.825 13392
0.875 0.825 13392
0.875 0.825 13392
0.875 0.825 13392
0.875 0.825 13392
0.875 0.825 13392
0.875 0.825 13392
0.875 0.825 13392
0.875 0.825 13392
0.875 0.825 13392
0.875 0.825 13392
0.875 0.825 13392
0.875 0.825 13392
0.875 0.825 13392
0.875 0.825 13392
0.875 0.825 13392
0.875 0.825 13392
0.875 0.825 13392
0.875 0.825 13392
0.875 0.825 13392
0.875 0.825 13392
0.875 0.825 13392
0.875 0.825 13392
0.875 0.825 13392
0.875 0.825 13392
0.875 0.825 13392
0.875 0.825 13392
0.875 0.825 13392
0.875 0.825 13392
0.875 0.825 13392
0.875 0.825 13392
0.875 0.825 13392
0.875 0.825 13392
0.875 0.825 13392
0.875 0.825 13392
0.875 0.825 13392
0.875 0.825 13392
0.875 0.825 13392
0.875 0.825 13392
0.875 0.825 13392
0.875 0.825 13392
0.875 0.825 13392
0.875 0.825 13392
0.875 0.825 13392
0.875 0.825 13392
0.875 0.825 13392
0.875 0.825 13392
0.875 0.825 13392
0.875 0.825 13392
0.875 0.825 13392
0.875 0.825 13392
0.875 0.825 13392
0.875 0.825 13392
0.875 0.825 13392
0.875 0.825 13392
0.875 0.825 13392
0.875 0.825 13392
0.875 0.825 13392
0.875 0.825 13392
0.875 0.825 13392
0.875 0.825 13392
0.875 0.825 13392
0.875 0.825 13392
0.875 0.825 13392
0.875 0.825 13392
0.875 0.825 13392
0.875 0.825 13392
0.875 0.825 13392
0.875 0.825 13392
0.875 0.825 13392
0.875 0.825 13392
0.875 0.825 13392
0.875 0.825 13392
0.875 0.825 13392
0.875 0.825 13392
0.875 0.825 13392
0.875 0.825 13392
0.875 0.825 13392
0.875 0.825 13392
0.875 0.825 13392
0.875 0.825 13392
0.875 0.825 13392
0.875 0.825 13392
0.875 0.825 13392
0.875 0.825 13392
0.875 0.825 13392
0.875 0.825 13392
0.875 0.825 13392
0.875 0.825 13392
0.875 0.825 13392
0.875 0.825 13392
0.875 0.825 13392
0.875 0.825 13392
0.875 0.825 13392
0.875 0.825 13392
0.875 0.825 13392
0.875 0.825 13392
0.875 0.825 13392
0.875 0.825 13392
0.875 0.825 13392
0.875 0.825 13392
0.875 0.825 13392
0.875 0.825 13392
0.875 0.825 13392
0.875 0.825 13392
0.875 0.825 13392
0.875 0.825 13392
0.875 0.825 13392
0.875 0.825 13392
0.875 0.825 13392
0.875 0.825 13392
0.875 0.825 13392
0.875 0.825 13392
0.875 0.825 13392
0.875 0.825 13392
0.875 0.825 13392
0.875 0.825 13392
0.875 0.825 13392
0.875 0.825 13392
0.875 0.825 13392
0.875 0.825 13392
0.875 0.825 13392
0.875 0.825 13392
0.875 0.825 13392
0.875 0.825 13392
0.875 0.825 13392
0.875 0.825 13392
0.875 0.825 13392
0.875 0.825 13392
0.875 0.825 13392
0.875 0.825 13392
0.875 0.825 13392
0.875 0.825 13392
0.875 0.825 13392
0.875 0.825 13392
0.875 0.825 13392
0.875 0.825 13392
0.875 0.825 13392
0.875 0.825 13392
0.875 0.825 13392
0.875 0.825 13392
0.875 0.825 13392
0.875 0.825 13392
0.875 0.825 13392
0.875 0.825 13392
0.875 0.825 13392
0.875 0.825 13392
0.875 0.825 13392
0.875 0.825 13392
0.875 0.825 13392
0.875 0.825 13392
0.875 0.825 13392
0.875 0.825 13392
0.875 0.825 13392
0.875 0.825 13392
0.875 0.825 13392
0.875 0.825 13392
0.875 0.825 13392
0.875 0.825 13392
0.875 0.825 13392
0.875 0.825 13392
0.875 0.825 13392
0.875 0.825 13392
0.875 0.825 13392
0.875 0.825 13392
0.875 0.825 13392
0.875 0.825 13392
0.875 0.825 13392
0.875 0.825 13392
0.875 0.825 13392
0.875 0.825 13392
0.875 0.825 13392
0.875 0.825 13392
0.875 0.825 13392
0.875 0.825 13392
0.875 0.825 13392
0.875 0.825 13392
0.875 0.825 13392
0.875 0.825 13392
0.875 0.825 13392
0.875 0.825 13392
0.875 0.825 13392
0.875 0.825 13392
0.875 0.825 13392
0.875 0.825 13392
0.875 0.825 13392
0.875 0.825 13392
0.875 0.825 13392
0.875 0.825 13392
0.875 0.825 13392
0.875 0.825 13392
0.875 0.825 13392
0.875 0.825 13392
0.875 0.825 13392
0.875 0.825 13392
0.875 0.825 13392
0.875 0.825 13392
0.875 0.825 13392
0.875 0.825 13392
0.875 0.825 13392
0.875 0.825 13392
0.875 0.825 13392
0.875 0.825 13392
0.875 0.825 13392
0.875 0.825 13392
0.875 0.825 13392
0.875 0.825 13392
0.875 0.825 13392
0.875 0.825 13392
0.875 0.825 13392
0.875 0.825 13392
0.875 0.825 13392
0.875 0.825 13392
0.875 0.825 13392
0.875 0.825 13392
0.875 0.825 13392
0.875 0.825 13392
0.875 0.825 13392
0.875 0.825 13392
0.875 0.825 13392
0.875 0.825 13392
0.875 0.825 13392
0.875 0.825 13392
0.875 0.825 13392
0.875 0.825 13392
0.875 0.825 13392
0.875 0.825 13392
0.875 0.825 13392
0.875 0.825 13392
0.875 0.825 13392
0.875 0.825 13392
0.875 0.825 13392
0.875 0.825 13392
0.875 0.825 13392
0.875 0.825 13392
0.875 0.825 13392
0.875 0.825 13392
0.875 0.825 13392
0.875 0.825 13392
0.875 0.825 13392
0.875 0.825 13392
0.875 0.825 13392
0.875 0.825 13392
0.875 0.825 13392
0.875 0.825 13392
0.875 0.825 13392
0.875 0.825 13392
0.875 0.825 13392
0.875 0.825 13392
0.875 0.825 13392
0.875 0.825 13392
0.875 0.825 13392
0.875 0.825 13392
0.875 0.825 13392
0.875 0.825 13392
0.875 0.825 13392
0.875 0.825 13392
0.875 0.825 13392
0.875 0.825 13392
0.875 0.825 13392
0.875 0.825 13392
0.875 0.825 13392
0.875 0.825 13392
0.875 0.825 13392
0.875 0.825 13392
0.875 0.825 13392
0.875 0.825 13392
0.875 0.825 13392
0.875 0.825 13392
0.875 0.825 13392
0.875 0.825 13392
0.875 0.825 13392
0.875 0.825 13392
0.875 0.825 13392
0.875 0.825 13392
0.875 0.825 13392
0.875 0.825 13392
0.875 0.825 13392
0.875 0.825 13392
0.875 0.825 13392
0.875 0.825 13392
0.875 0.825 13392
0.875 0.825 13392
0.875 0.825 13392
0.875 0.825 13392
0.875 0.825 13392
0.875 0.825 13392
0.875 0.825 13392
0.875 0.825 13392
0.875 0.825 13392
0.875 0.825 13392
0.875 0.825 13392
0.875 0.825 13392
0.875 0.825 13392
0.875 0.825 13392
0.875 0.825 13392
0.875 0.825 13392
0.875 0.825 13392
0.875 0.825 13392
0.875 0.825 13392
0.875 0.825 13392
0.875 0.825 13392
0.875 0.825 13392
0.875 0.825 13392
0.875 0.825 13392
0.875 0.825 13392
0.875 0.825 13392
0.875 0.825 13392
0.875 0.825 13392
0.875 0.825 13392
0.875 0.825 13392
0.875 0.825 13392
0.875 0.825 13392
0.875 0.825 13392
0.875 0.825 13392
0.875 0.825 13392
0.875 0.825 13392
0.875 0.825 13392
0.875 0.825 13392
0.875 0.825 13392
0.875 0.825 13392
0.875 0.825 13392
0.875 0.825 13392
0.875 0.825 13392
0.875 0.825 13392
0.875 0.825 13392
0.875 0.825 13392
0.875 0.825 13392
0.875 0.825 13392
0.875 0.825 13392
0.875 0.825 13392
0.875 0.825 13392
0.875 0.825 13392
0.875 0.825 13392
0.875 0.825 13392
0.875 0.825 13392
0.875 0.825 13392
0.875 0.825 13392
0.875 0.825 13392
0.875 0.825 13392
0.875 0.825 13392
0.875 0.825 13392
0.875 0.825 13392
0.875 0.825 13392
0.875 0.825 13392
0.875 0.825 13392
0.875 0.825 13392
0.875 0.825 13392
0.875 0.825 13392
0.875 0.825 13392
0.875 0.825 13392
0.875 0.825 13392
0.875 0.825 13392
0.875 0.825 13392
0.875 0.825 13392
0.875 0.825 13392
0.875 0.825 13392
0.875 0.825 13392
0.875 0.825 13392
0.875 0.825 13392
0.875 0.825 13392
0.875 0.825 13392
0.875 0.825 13392
0.875 0.825 13392
0.875 0.825 13392
0.875 0.825 13392
0.875 0.825 13392
0.875 0.825 13392
0.875 0.825 13392
0.875 0.825 13392
0.875 0.825 13392
0.875 0.825 13392
0.875 0.825 13392
0.875 0.825 13392
0.875 0.825 13392
0.875 0.825 13392
0.875 0.825 13392
0.875 0.825 13392
0.875 0.825 13392
0.875 0.825 13392
0.875 0.825 13392
0.875 0.825 13392
0.875 0.825 13392
0.875 0.825 13392
0.875 0.825 13392
0.875 0.825 13392
0.875 0.825 13392
0.875 0.825 13392
0.875 0.825 13392
0.875 0.825 13392
0.875 0.825 13392
0.875 0.825 13392
0.875 0.825 13392
0.875 0.825 13392
0.875 0.825 13392
0.875 0.825 13392
0.875 0.825 13392
0.875 0.825 13392
0.875 0.825 13392
0.875 0.825 13392
0.875 0.825 13392
0.875 0.825 13392
0.875 0.825 13392
0.875 0.825 13392
0.875 0.825 13392
0.875 0.825 13392
0.875 0.825 13392
0.875 0.825 13392
0.875 0.825 13392
0.875 0.825 13392
0.875 0.825 13392
0.875 0.825 13392
0.875 0.825 13392
0.875 0.825 13392
0.875 0.825 13392
0.875 0.825 13392
0.875 0.825 13392
0.875 0.825 13392
0.875 0.825 13392
0.875 0.825 13392
0.875 0.825 13392
0.875 0.825 13392
0.875 0.825 13392
0.875 0.825 13392
0.875 0.825 13392
0.875 0.825 13392
0.875 0.825 13392
0.875 0.825 13392
0.875 0.825 13392
0.875 0.825 13392
0.875 0.825 13392
0.875 0.825 13392
0.875 0.825 13392
0.875 0.825 13392
0.875 0.83125 13392
0.875 0.83125 13392
0.875 0.83125 13392
0.875 0.83125 13392
0.875 0.83125 13392
0.875 0.83125 13392
0.875 0.83125 13392
0.875 0.83125 13392
0.875 0.83125 13392
0.875 0.83125 13392
0.875 0.83125 13392
0.875 0.83125 13392
0.875 0.83125 13392
0.875 0.83125 13392
0.875 0.83125 13392
0.875 0.83125 13392
0.875 0.83125 13392
0.875 0.83125 13392
0.875 0.83125 13392
0.875 0.83125 13392
0.875 0.83125 13392
0.875 0.83125 13392
0.875 0.83125 13392
0.875 0.83125 13392
0.875 0.83125 13392
0.875 0.83125 13392
0.875 0.83125 13392
0.875 0.83125 13392
0.875 0.83125 13392
0.875 0.83125 13392
0.875 0.83125 13392
0.875 0.83125 13392
0.875 0.83125 13392
0.875 0.83125 13392
0.875 0.83125 13392
0.875 0.83125 13392
0.875 0.83125 13392
0.875 0.83125 13392
0.875 0.83125 13392
0.875 0.83125 13392
0.875 0.83125 13392
0.875 0.83125 13392
0.875 0.83125 13392
0.875 0.83125 13392
0.875 0.83125 13392
0.875 0.83125 13392
0.875 0.83125 13392
0.875 0.83125 13392
0.875 0.83125 13392
0.875 0.83125 13392
0.875 0.83125 13392
0.875 0.83125 13392
0.875 0.83125 13392
0.875 0.83125 13392
0.875 0.83125 13392
0.875 0.83125 13392
0.875 0.83125 13392
0.875 0.83125 13392
0.875 0.83125 13392
0.875 0.83125 13392
0.875 0.83125 13392
0.875 0.83125 13392
0.875 0.83125 13392
0.875 0.83125 13392
0.875 0.83125 13392
0.875 0.83125 13392
0.875 0.83125 13392
0.875 0.83125 13392
0.875 0.83125 13392
0.875 0.83125 13392
0.875 0.83125 13392
0.875 0.83125 13392
0.875 0.83125 13392
0.875 0.83125 13392
0.875 0.83125 13392
0.875 0.83125 13392
0.875 0.83125 13392
0.875 0.83125 13392
0.875 0.83125 13392
0.875 0.83125 13392
0.875 0.83125 13392
0.875 0.83125 13392
0.875 0.83125 13392
0.875 0.83125 13392
0.875 0.83125 13392
0.875 0.83125 13392
0.875 0.83125 13392
0.875 0.83125 13392
0.875 0.83125 13392
0.875 0.83125 13392
0.875 0.83125 13392
0.875 0.83125 13392
0.875 0.83125 13392
0.875 0.83125 13392
0.875 0.83125 13392
0.875 0.83125 13392
0.875 0.83125 13392
0.875 0.83125 13392
0.875 0.83125 13392
0.875 0.83125 13392
0.875 0.83125 13392
0.875 0.83125 13392
0.875 0.83125 13392
0.875 0.83125 13392
0.875 0.83125 13392
0.875 0.83125 13392
0.875 0.83125 13392
0.875 0.83125 13392
0.875 0.83125 13392
0.875 0.8375 13392
0.875 0.8375 13392
0.875 0.8375 13392
0.875 0.8375 13392
0.875 0.8375 13392
0.875 0.8375 13392
0.875 0.8375 13392
0.875 0.8375 13392
0.875 0.8375 13392
0.875 0.8375 13392
0.875 0.8375 13392
0.875 0.8375 13392
0.875 0.8375 13392
0.875 0.8375 13392
0.875 0.8375 13392
0.875 0.8375 13392
0.875 0.8375 13392
0.875 0.8375 13392
0.875 0.8375 13392
0.875 0.8375 13392
0.875 0.8375 13392
0.875 0.8375 13392
0.875 0.8375 13392
0.875 0.8375 13392
0.875 0.8375 13392
0.875 0.8375 13392
0.875 0.8375 13392
0.875 0.8375 13392
0.875 0.8375 13392
0.875 0.8375 13392
0.875 0.8375 13392
0.875 0.8375 13392
0.875 0.8375 13392
0.875 0.8375 13392
0.875 0.8375 13392
0.875 0.8375 13392
0.875 0.8375 13392
0.875 0.8375 13392
0.875 0.8375 13392
0.875 0.8375 13392
0.875 0.8375 13392
0.875 0.8375 13392
0.875 0.8375 13392
0.875 0.8375 13392
0.875 0.8375 13392
0.875 0.8375 13392
0.875 0.8375 13392
0.875 0.8375 13392
0.875 0.8375 13392
0.875 0.8375 13392
0.875 0.8375 13392
0.875 0.8375 13392
0.875 0.8375 13392
0.875 0.8375 13392
0.875 0.8375 13392
0.875 0.8375 13392
0.875 0.8375 13392
0.875 0.8375 13392
0.875 0.8375 13392
0.875 0.8375 13392
0.875 0.8375 13392
0.875 0.8375 13392
0.875 0.8375 13392
0.875 0.8375 13392
0.875 0.8375 13392
0.875 0.8375 13392
0.875 0.8375 13392
0.875 0.8375 13392
0.875 0.8375 13392
0.875 0.8375 13392
0.875 0.8375 13392
0.875 0.8375 13392
0.875 0.8375 13392
0.875 0.8375 13392
0.875 0.8375 13392
0.875 0.8375 13392
0.875 0.8375 13392
0.875 0.8375 13392
0.875 0.8375 13392
0.875 0.8375 13392
0.875 0.8375 13392
0.875 0.8375 13392
0.875 0.8375 13392
0.875 0.8375 13392
0.875 0.8375 13392
0.875 0.8375 13392
0.875 0.8375 13392
0.875 0.8375 13392
0.875 0.8375 13392
0.875 0.8375 13392
0.875 0.8375 13392
0.875 0.8375 13392
0.875 0.8375 13392
0.875 0.8375 13392
0.875 0.8375 13392
0.875 0.8375 13392
0.875 0.8375 13392
0.875 0.8375 13392
0.875 0.8375 13392
0.875 0.8375 13392
0.875 0.8375 13392
0.875 0.8375 13392
0.875 0.8375 13392
0.875 0.8375 13392
0.875 0.8375 13392
0.875 0.8375 13392
0.875 0.8375 13392
0.875 0.8375 13392
0.875 0.8375 13392
0.875 0.8375 13392
0.875 0.8375 13392
0.875 0.8375 13392
0.875 0.8375 13392
0.875 0.8375 13392
0.875 0.8375 13392
0.875 0.8375 13392
0.875 0.8375 13392
0.875 0.8375 13392
0.875 0.8375 13392
0.875 0.8375 13392
0.875 0.84375 13392
0.875 0.84375 13392
0.875 0.84375 13392
0.875 0.84375 13392
0.875 0.84375 13392
0.875 0.84375 13392
0.875 0.84375 13392
0.875 0.84375 13392
0.875 0.84375 13392
0.875 0.84375 13392
0.875 0.84375 13392
0.875 0.84375 13392
0.875 0.84375 13392
0.875 0.84375 13392
0.875 0.84375 13392
0.875 0.84375 13392
0.875 0.84375 13392
0.875 0.84375 13392
0.875 0.84375 13392
0.875 0.84375 13392
0.875 0.84375 13392
0.875 0.84375 13392
0.875 0.84375 13392
0.875 0.84375 13392
0.875 0.84375 13392
0.875 0.84375 13392
0.875 0.84375 13392
0.875 0.84375 13392
0.875 0.84375 13392
0.875 0.84375 13392
0.875 0.84375 13392
0.875 0.84375 13392
0.875 0.84375 13392
0.875 0.84375 13392
0.875 0.84375 13392
0.875 0.84375 13392
0.875 0.84375 13392
0.875 0.84375 13392
0.875 0.84375 13392
0.875 0.84375 13392
0.875 0.84375 13392
0.875 0.84375 13392
0.875 0.84375 13392
0.875 0.84375 13392
0.875 0.84375 13392
0.875 0.84375 13392
0.875 0.84375 13392
0.875 0.85 13392
0.875 0.85 13392
0.875 0.85 13392
0.875 0.85 13392
0.875 0.85 13392
0.875 0.85 13392
0.875 0.85 13392
0.875 0.85 13392
0.875 0.85 13392
0.875 0.85 13392
0.875 0.85 13392
0.875 0.85 13392
0.875 0.85 13392
0.875 0.85 13392
0.875 0.85 13392
0.875 0.85 13392
0.875 0.85 13392
0.875 0.85 13392
0.875 0.85 13392
0.875 0.85 13392
0.875 0.85 13392
0.875 0.85 13392
0.875 0.85 13392
0.875 0.85 13392
0.875 0.85 13392
0.875 0.85 13392
0.875 0.85 13392
0.875 0.85 13392
0.875 0.85 13392
0.875 0.85 13392
0.875 0.85 13392
0.875 0.85 13392
0.875 0.85 13392
0.875 0.85 13392
0.875 0.85 13392
0.875 0.85 13392
0.875 0.85 13392
0.875 0.85 13392
0.875 0.85 13392
0.875 0.85 13392
0.875 0.85 13392
0.875 0.85 13392
0.875 0.85 13392
0.875 0.85 13392
