0.83125 0.834375 596
0.775 0.759375 1102
0.73125 0.721875 1564
0.75 0.746875 1720
0.728125 0.71875 1876
0.690625 0.696875 2008
0.6875 0.70625 2140
0.690625 0.703125 2272
0.703125 0.721875 2404
0.7 0.721875 2536
0.684375 0.721875 2668
0.68125 0.71875 2778
0.675 0.703125 2888
0.665625 0.690625 2998
0.678125 0.690625 3108
0.690625 0.703125 3198
0.69375 0.70625 3288
0.709375 0.728125 3378
0.70625 0.721875 3450
0.709375 0.73125 3522
0.703125 0.728125 3594
0.703125 0.725 3666
0.7 0.696875 3738
0.703125 0.715625 3810
0.703125 0.71875 3882
0.703125 0.71875 3954
0.703125 0.725 4026
0.7 0.725 4082
0.7 0.73125 4138
0.70625 0.728125 4194
0.7125 0.7375 4250
0.70625 0.7375 4306
0.7125 0.7375 4362
0.7125 0.728125 4418
0.709375 0.73125 4474
0.7125 0.725 4530
0.7125 0.725 4586
0.709375 0.709375 4642
0.70625 0.709375 4698
0.703125 0.7 4754
0.7 0.6875 4810
0.7 0.69375 4866
0.7 0.69375 4922
0.7 0.69375 4964
0.7125 0.70625 5006
0.7625 0.75625 5048
0.7625 0.753125 5090
0.759375 0.753125 5132
0.75625 0.75 5174
0.753125 0.746875 5216
0.753125 0.753125 5258
0.753125 0.753125 5300
0.759375 0.7625 5342
0.759375 0.778125 5384
0.75625 0.78125 5426
0.759375 0.7875 5468
0.753125 0.790625 5510
0.746875 0.784375 5552
0.740625 0.796875 5594
0.740625 0.8 5636
0.740625 0.8 5678
0.734375 0.8 5720
0.7375 0.790625 5762
0.75 0.78125 5804
0.765625 0.7875 5846
0.765625 0.790625 5888
0.7625 0.78125 5930
0.7625 0.7875 5972
0.759375 0.7875 6002
0.759375 0.7875 6032
0.75625 0.7875 6062
0.75625 0.78125 6092
0.753125 0.78125 6122
0.75 0.778125 6152
0.75 0.778125 6182
0.753125 0.7875 6212
0.75625 0.7875 6242
0.75625 0.790625 6272
0.75625 0.790625 6302
0.75625 0.790625 6332
0.75625 0.790625 6362
0.759375 0.784375 6392
0.759375 0.784375 6422
0.765625 0.790625 6452
0.765625 0.790625 6482
0.765625 0.790625 6512
0.7625 0.784375 6542
0.7625 0.78125 6572
0.759375 0.775 6602
0.759375 0.78125 6632
0.759375 0.778125 6662
0.753125 0.775 6692
0.753125 0.775 6722
0.753125 0.775 6752
0.75 0.771875 6782
0.778125 0.7875 6812
0.778125 0.7875 6842
0.771875 0.78125 6872
0.771875 0.7875 6902
0.771875 0.78125 6932
0.78125 0.784375 6962
0.790625 0.7875 6992
0.790625 0.7875 7022
0.790625 0.7875 7052
0.8 0.7875 7082
0.796875 0.79375 7112
0.796875 0.7875 7142
0.796875 0.79375 7172
0.79375 0.79375 7202
0.79375 0.79375 7232
0.79375 0.8125 7262
0.790625 0.8125 7292
0.790625 0.803125 7312
0.790625 0.803125 7332
0.796875 0.803125 7352
0.79375 0.80625 7372
0.79375 0.8 7392
0.790625 0.80625 7412
0.79375 0.80625 7432
0.79375 0.80625 7452
0.790625 0.803125 7472
0.790625 0.8 7492
0.790625 0.8 7512
0.790625 0.8 7532
0.790625 0.79375 7552
0.790625 0.8 7572
0.790625 0.8 7592
0.790625 0.8 7612
0.790625 0.8 7632
0.790625 0.8 7652
0.790625 0.803125 7672
0.790625 0.79375 7692
0.790625 0.79375 7712
0.790625 0.803125 7732
0.7875 0.8 7752
0.784375 0.8 7772
0.784375 0.8 7792
0.784375 0.8 7812
0.784375 0.79375 7832
0.7875 0.79375 7852
0.7875 0.79375 7872
0.7875 0.79375 7892
0.7875 0.79375 7912
0.7875 0.79375 7932
0.7875 0.79375 7952
0.7875 0.79375 7972
0.784375 0.8 7992
0.78125 0.8 8012
0.78125 0.8 8032
0.778125 0.79375 8052
0.778125 0.79375 8072
0.778125 0.79375 8092
0.778125 0.796875 8112
0.778125 0.8 8132
0.771875 0.8 8152
0.778125 0.79375 8172
0.78125 0.796875 8192
0.790625 0.796875 8212
0.790625 0.796875 8232
0.790625 0.79375 8252
0.790625 0.8 8272
0.790625 0.8 8292
0.790625 0.8 8312
0.790625 0.8 8332
0.79375 0.8 8352
0.796875 0.8 8372
0.796875 0.8 8392
0.796875 0.8 8412
0.796875 0.8 8432
0.796875 0.8 8452
0.803125 0.79375 8472
0.80625 0.79375 8492
0.80625 0.79375 8512
0.80625 0.796875 8532
0.803125 0.790625 8552
0.803125 0.790625 8572
0.80625 0.784375 8592
0.803125 0.784375 8612
0.803125 0.784375 8632
0.803125 0.7875 8652
0.80625 0.7875 8672
0.80625 0.7875 8692
0.80625 0.8 8712
0.809375 0.803125 8732
0.809375 0.80625 8752
0.809375 0.80625 8772
0.809375 0.80625 8792
0.80625 0.80625 8812
0.80625 0.80625 8832
0.80625 0.80625 8852
0.80625 0.809375 8872
0.803125 0.809375 8892
0.8 0.809375 8912
0.8 0.8125 8932
0.8 0.8125 8944
0.80625 0.8125 8956
0.80625 0.80625 8968
0.80625 0.80625 8980
0.80625 0.80625 8992
0.80625 0.80625 9004
0.80625 0.80625 9016
0.80625 0.80625 9028
0.80625 0.80625 9040
0.80625 0.80625 9052
0.80625 0.80625 9064
0.80625 0.80625 9076
0.80625 0.80625 9088
0.80625 0.80625 9100
0.809375 0.80625 9112
0.809375 0.80625 9124
0.809375 0.80625 9136
0.809375 0.80625 9148
0.809375 0.80625 9160
0.809375 0.80625 9172
0.809375 0.80625 9184
0.809375 0.809375 9196
0.809375 0.809375 9208
0.80625 0.809375 9220
0.803125 0.8125 9232
0.803125 0.8125 9244
0.80625 0.8125 9256
0.80625 0.8125 9268
0.80625 0.8125 9280
0.80625 0.8125 9292
0.80625 0.80625 9304
0.80625 0.80625 9316
0.80625 0.80625 9328
0.80625 0.8125 9340
0.80625 0.8125 9352
0.80625 0.8125 9364
0.80625 0.8125 9376
0.809375 0.81875 9388
0.809375 0.81875 9400
0.809375 0.81875 9412
0.809375 0.81875 9424
0.809375 0.81875 9436
0.809375 0.8125 9448
0.803125 0.8125 9460
0.803125 0.8125 9472
0.803125 0.8125 9484
0.803125 0.8125 9496
0.803125 0.8125 9508
0.803125 0.8125 9520
0.803125 0.8125 9532
0.803125 0.803125 9544
0.815625 0.81875 9556
0.815625 0.825 9568
0.815625 0.825 9580
0.815625 0.825 9592
0.815625 0.825 9604
0.815625 0.825 9616
0.815625 0.825 9628
0.815625 0.825 9640
0.815625 0.825 9652
0.815625 0.828125 9664
0.815625 0.828125 9676
0.815625 0.83125 9688
0.815625 0.825 9700
0.815625 0.825 9712
0.815625 0.81875 9724
0.815625 0.81875 9736
0.815625 0.81875 9748
0.815625 0.81875 9760
0.81875 0.81875 9772
0.81875 0.81875 9784
0.81875 0.81875 9796
0.828125 0.81875 9808
0.834375 0.81875 9820
0.834375 0.81875 9832
0.834375 0.81875 9844
0.834375 0.81875 9856
0.834375 0.81875 9868
0.834375 0.81875 9880
0.834375 0.81875 9892
0.834375 0.8125 9904
0.834375 0.8125 9916
0.834375 0.8125 9928
0.834375 0.8125 9940
0.8375 0.8125 9952
0.84375 0.825 9964
0.84375 0.825 9976
0.84375 0.825 9988
0.84375 0.825 10000
0.84375 0.821875 10012
0.84375 0.825 10024
0.84375 0.825 10036
0.84375 0.825 10048
0.8375 0.825 10060
0.834375 0.825 10072
0.834375 0.825 10084
0.834375 0.825 10096
0.834375 0.825 10108
0.834375 0.81875 10120
0.834375 0.81875 10132
0.834375 0.825 10144
0.834375 0.825 10156
0.834375 0.825 10168
0.834375 0.825 10180
0.834375 0.825 10192
0.834375 0.825 10204
0.834375 0.828125 10216
0.834375 0.83125 10228
0.834375 0.83125 10240
0.834375 0.83125 10252
0.834375 0.83125 10264
0.834375 0.83125 10276
0.834375 0.83125 10288
0.834375 0.83125 10300
0.834375 0.83125 10312
0.834375 0.83125 10324
0.83125 0.83125 10336
0.83125 0.83125 10348
0.83125 0.83125 10360
0.828125 0.83125 10372
0.828125 0.83125 10384
0.828125 0.83125 10396
0.834375 0.83125 10408
0.834375 0.83125 10420
0.834375 0.83125 10432
0.834375 0.83125 10444
0.8375 0.83125 10456
0.840625 0.83125 10468
0.840625 0.83125 10480
0.840625 0.83125 10492
0.840625 0.83125 10504
0.840625 0.83125 10516
0.840625 0.83125 10528
0.840625 0.83125 10540
0.840625 0.83125 10552
0.840625 0.83125 10564
0.840625 0.8375 10576
0.840625 0.8375 10588
0.840625 0.8375 10600
0.840625 0.8375 10612
0.840625 0.8375 10624
0.840625 0.8375 10636
0.840625 0.8375 10648
0.840625 0.83125 10660
0.840625 0.83125 10672
0.840625 0.83125 10684
0.840625 0.83125 10696
0.840625 0.83125 10708
0.840625 0.83125 10720
0.840625 0.834375 10732
0.840625 0.834375 10744
0.840625 0.834375 10756
0.840625 0.834375 10762
0.840625 0.834375 10768
0.840625 0.834375 10774
0.840625 0.8375 10780
0.840625 0.834375 10786
0.840625 0.840625 10792
0.840625 0.840625 10798
0.840625 0.840625 10804
0.840625 0.840625 10810
0.840625 0.840625 10816
0.840625 0.840625 10822
0.840625 0.840625 10828
0.8375 0.840625 10834
0.8375 0.84375 10840
0.8375 0.84375 10846
0.8375 0.84375 10852
0.8375 0.84375 10858
0.8375 0.84375 10864
0.8375 0.84375 10870
0.8375 0.84375 10876
0.8375 0.84375 10882
0.8375 0.84375 10888
0.8375 0.84375 10894
0.8375 0.84375 10900
0.8375 0.84375 10906
0.8375 0.84375 10912
0.8375 0.84375 10918
0.8375 0.84375 10924
0.8375 0.84375 10930
0.8375 0.84375 10936
0.8375 0.84375 10942
0.8375 0.84375 10948
0.8375 0.84375 10954
0.8375 0.84375 10960
0.8375 0.84375 10966
0.8375 0.84375 10972
0.8375 0.84375 10978
0.8375 0.84375 10984
0.8375 0.84375 10990
0.8375 0.84375 10996
0.8375 0.84375 11002
0.8375 0.84375 11008
0.8375 0.84375 11014
0.8375 0.8375 11020
0.8375 0.8375 11026
0.8375 0.8375 11032
0.8375 0.8375 11038
0.8375 0.83125 11044
0.8375 0.83125 11050
0.8375 0.83125 11056
0.8375 0.83125 11062
0.8375 0.828125 11068
0.8375 0.825 11074
0.8375 0.825 11080
0.8375 0.825 11086
0.8375 0.81875 11092
0.8375 0.81875 11098
0.8375 0.821875 11104
0.8375 0.825 11110
0.8375 0.825 11116
0.8375 0.825 11122
0.8375 0.825 11128
0.8375 0.825 11134
0.8375 0.825 11140
0.834375 0.825 11146
0.834375 0.825 11152
0.834375 0.825 11158
0.834375 0.825 11164
0.834375 0.825 11170
0.834375 0.825 11176
0.8375 0.825 11182
0.8375 0.825 11188
0.8375 0.825 11194
0.8375 0.825 11200
0.8375 0.825 11206
0.8375 0.825 11212
0.8375 0.81875 11218
0.8375 0.815625 11224
0.8375 0.815625 11230
0.8375 0.8125 11236
0.8375 0.8125 11242
0.8375 0.8125 11248
0.8375 0.8125 11254
0.8375 0.8125 11260
0.8375 0.8125 11266
0.8375 0.8125 11272
0.8375 0.8125 11278
0.8375 0.8125 11284
0.8375 0.8125 11290
0.8375 0.8125 11296
0.8375 0.8125 11302
0.8375 0.8125 11308
0.8375 0.8125 11314
0.8375 0.8125 11320
0.8375 0.8125 11326
0.8375 0.8125 11332
0.8375 0.8125 11338
0.8375 0.8125 11344
0.8375 0.8125 11350
0.8375 0.8125 11356
0.8375 0.8125 11362
0.8375 0.8125 11368
0.8375 0.8125 11374
0.8375 0.8125 11380
0.8375 0.8125 11386
0.8375 0.8125 11392
0.8375 0.8125 11398
0.8375 0.8125 11404
0.8375 0.8125 11410
0.8375 0.8125 11416
0.8375 0.8125 11422
0.8375 0.8125 11428
0.8375 0.80625 11434
0.834375 0.80625 11440
0.834375 0.80625 11446
0.834375 0.80625 11452
0.834375 0.80625 11458
0.8375 0.80625 11464
0.8375 0.80625 11470
0.8375 0.80625 11476
0.8375 0.80625 11482
0.8375 0.80625 11488
0.8375 0.80625 11494
0.8375 0.809375 11500
0.8375 0.80625 11506
0.8375 0.80625 11512
0.8375 0.80625 11518
0.8375 0.80625 11524
0.8375 0.80625 11530
0.8375 0.80625 11536
0.8375 0.80625 11542
0.8375 0.80625 11548
0.8375 0.80625 11554
0.8375 0.80625 11560
0.8375 0.80625 11566
0.8375 0.80625 11572
0.8375 0.80625 11578
0.8375 0.80625 11584
0.8375 0.8 11590
0.8375 0.8 11596
0.8375 0.8 11602
0.8375 0.8 11608
0.8375 0.8 11614
0.8375 0.8 11620
0.8375 0.8 11626
0.8375 0.8 11632
0.8375 0.8 11638
0.8375 0.8 11644
0.8375 0.8 11650
0.8375 0.8 11656
0.8375 0.8 11662
0.8375 0.8 11668
0.8375 0.8 11674
0.8375 0.8 11680
0.8375 0.8 11686
0.8375 0.8 11692
0.8375 0.8 11698
0.8375 0.8 11704
0.8375 0.8 11710
0.8375 0.803125 11716
0.8375 0.803125 11722
0.8375 0.80625 11728
0.8375 0.80625 11734
0.8375 0.80625 11740
0.8375 0.80625 11746
0.8375 0.8 11752
0.8375 0.8 11758
0.8375 0.8 11764
0.8375 0.8 11770
0.8375 0.8 11776
0.8375 0.79375 11782
0.8375 0.79375 11788
0.8375 0.79375 11794
0.8375 0.79375 11800
0.8375 0.79375 11806
0.8375 0.79375 11812
0.8375 0.79375 11818
0.8375 0.79375 11824
0.8375 0.79375 11830
0.8375 0.79375 11836
0.8375 0.79375 11842
0.834375 0.790625 11848
0.834375 0.790625 11854
0.834375 0.796875 11860
0.834375 0.796875 11866
0.834375 0.796875 11872
0.834375 0.796875 11878
0.834375 0.796875 11884
0.834375 0.79375 11890
0.834375 0.79375 11896
0.834375 0.79375 11902
0.834375 0.79375 11908
0.834375 0.79375 11914
0.834375 0.79375 11920
0.834375 0.79375 11926
0.834375 0.79375 11932
0.834375 0.79375 11938
0.834375 0.79375 11944
0.834375 0.79375 11950
0.834375 0.79375 11956
0.834375 0.79375 11962
0.834375 0.79375 11968
0.834375 0.79375 11974
0.834375 0.79375 11980
0.834375 0.79375 11986
0.834375 0.79375 11992
0.834375 0.79375 11998
0.834375 0.79375 12004
0.834375 0.79375 12010
0.834375 0.79375 12016
0.8375 0.79375 12022
0.8375 0.79375 12028
0.8375 0.79375 12034
0.8375 0.79375 12040
0.8375 0.79375 12046
0.8375 0.79375 12052
0.8375 0.79375 12058
0.8375 0.79375 12064
0.8375 0.79375 12070
0.8375 0.79375 12076
0.8375 0.79375 12082
0.8375 0.79375 12088
0.8375 0.79375 12094
0.8375 0.79375 12100
0.8375 0.79375 12106
0.8375 0.79375 12112
0.8375 0.79375 12118
0.8375 0.79375 12124
0.8375 0.79375 12130
0.8375 0.79375 12136
0.8375 0.79375 12142
0.8375 0.79375 12148
0.8375 0.79375 12154
0.8375 0.79375 12160
0.8375 0.79375 12166
0.8375 0.79375 12172
0.8375 0.79375 12178
0.8375 0.79375 12184
0.8375 0.79375 12190
0.8375 0.79375 12196
0.8375 0.79375 12202
0.8375 0.79375 12208
0.8375 0.79375 12214
0.8375 0.79375 12220
0.8375 0.79375 12226
0.8375 0.79375 12232
0.8375 0.79375 12238
0.8375 0.79375 12244
0.8375 0.79375 12246
0.8375 0.79375 12248
0.8375 0.79375 12250
0.8375 0.8 12252
0.8375 0.8 12254
0.8375 0.8 12256
0.8375 0.8 12258
0.8375 0.8 12260
0.8375 0.8 12262
0.8375 0.8 12264
0.8375 0.79375 12266
0.8375 0.79375 12268
0.8375 0.79375 12270
0.8375 0.79375 12272
0.8375 0.79375 12274
0.8375 0.79375 12276
0.8375 0.79375 12278
0.8375 0.79375 12280
0.8375 0.79375 12282
0.8375 0.79375 12284
0.8375 0.8 12286
0.8375 0.8 12288
0.8375 0.8 12290
0.8375 0.8 12292
0.8375 0.8 12294
0.8375 0.8 12296
0.8375 0.8 12298
0.8375 0.8 12300
0.8375 0.8 12302
0.8375 0.8 12304
0.8375 0.8 12306
0.8375 0.8 12308
0.8375 0.8 12310
0.8375 0.8 12312
0.8375 0.8 12314
0.8375 0.8 12316
0.8375 0.8 12318
0.8375 0.8 12320
0.8375 0.8 12322
0.8375 0.8 12324
0.8375 0.8 12326
0.8375 0.8 12328
0.8375 0.8 12330
0.8375 0.8 12332
0.8375 0.8 12334
0.8375 0.8 12336
0.8375 0.8 12338
0.8375 0.8 12340
0.8375 0.8 12342
0.8375 0.8 12344
0.8375 0.8 12346
0.8375 0.8 12348
0.8375 0.8 12350
0.8375 0.8 12352
0.8375 0.8 12354
0.8375 0.8 12356
0.8375 0.8 12358
0.8375 0.8 12360
0.8375 0.8 12362
0.8375 0.8 12364
0.8375 0.8 12366
0.8375 0.8 12368
0.8375 0.8 12370
0.8375 0.8 12372
0.8375 0.8 12374
0.8375 0.8 12376
0.8375 0.8 12378
0.8375 0.8 12380
0.8375 0.8 12382
0.84375 0.79375 12384
0.84375 0.79375 12386
0.84375 0.79375 12388
0.84375 0.79375 12390
0.84375 0.79375 12392
0.84375 0.79375 12394
0.84375 0.79375 12396
0.84375 0.79375 12398
0.84375 0.79375 12400
0.84375 0.79375 12402
0.84375 0.79375 12404
0.84375 0.79375 12406
0.84375 0.79375 12408
0.84375 0.80625 12410
0.84375 0.80625 12412
0.84375 0.80625 12414
0.84375 0.80625 12416
0.84375 0.80625 12418
0.846875 0.80625 12420
0.846875 0.80625 12422
0.85 0.8125 12424
0.85 0.8125 12426
0.85 0.8125 12428
0.85625 0.8125 12430
0.85625 0.8125 12432
0.85625 0.8125 12434
0.85625 0.8125 12436
0.85625 0.8125 12438
0.85625 0.8125 12440
0.85625 0.8125 12442
0.85625 0.8125 12444
0.85625 0.8125 12446
0.85625 0.8125 12448
0.85625 0.8125 12450
0.85625 0.8125 12452
0.85625 0.8125 12454
0.85625 0.8125 12456
0.85625 0.8125 12458
0.85625 0.8125 12460
0.85625 0.8125 12462
0.85625 0.8125 12464
0.85625 0.8125 12466
0.85625 0.8125 12468
0.85625 0.8125 12470
0.85625 0.8125 12472
0.85625 0.8125 12474
0.85625 0.8125 12476
0.85625 0.8125 12478
0.85625 0.8125 12480
0.85625 0.8125 12482
0.85625 0.8125 12484
0.85625 0.8125 12486
0.85625 0.8125 12488
0.85625 0.8125 12490
0.85625 0.8125 12492
0.85625 0.8125 12494
0.85625 0.8125 12496
0.85625 0.8125 12498
0.85625 0.8125 12500
0.85625 0.8125 12502
0.85625 0.8125 12504
0.85625 0.8125 12506
0.85625 0.8125 12508
0.85625 0.8125 12510
0.85625 0.8125 12512
0.85625 0.8125 12514
0.85625 0.8125 12516
0.85625 0.8125 12518
0.85625 0.8125 12520
0.85625 0.8125 12522
0.85625 0.8125 12524
0.85625 0.8125 12526
0.85625 0.8125 12528
0.85625 0.8125 12530
0.85625 0.8125 12532
0.85625 0.8125 12534
0.85625 0.8125 12536
0.85625 0.8125 12538
0.85625 0.8125 12540
0.85625 0.8125 12542
0.85625 0.8125 12544
0.85625 0.8125 12546
0.85625 0.8125 12548
0.85625 0.8125 12550
0.85625 0.8125 12552
0.85625 0.8125 12554
0.85625 0.8125 12556
0.85625 0.8125 12558
0.85625 0.8125 12560
0.85625 0.8125 12562
0.85625 0.8125 12564
0.85625 0.8125 12566
0.85625 0.8125 12568
0.85625 0.8125 12570
0.85625 0.8125 12572
0.85625 0.8125 12574
0.85625 0.8125 12576
0.85625 0.8125 12578
0.85625 0.8125 12580
0.85625 0.8125 12582
0.85625 0.8125 12584
0.85625 0.8125 12586
0.85625 0.8125 12588
0.85625 0.8125 12590
0.85625 0.8125 12592
0.85625 0.8125 12594
0.85625 0.8125 12596
0.85625 0.8125 12598
0.85625 0.8125 12600
0.85625 0.8125 12602
0.85625 0.8125 12604
0.85625 0.8125 12606
0.85625 0.8125 12608
0.85625 0.8125 12610
0.85625 0.8125 12612
0.85625 0.8125 12614
0.85625 0.8125 12616
0.85625 0.8125 12618
0.85625 0.8125 12620
0.85625 0.8125 12622
0.85625 0.8125 12624
0.85625 0.8125 12626
0.85625 0.8125 12628
0.85625 0.8125 12630
0.85625 0.8125 12632
0.85625 0.8125 12634
0.85625 0.8125 12636
0.85625 0.80625 12638
0.85625 0.80625 12640
0.85625 0.80625 12642
0.85625 0.80625 12644
0.85625 0.80625 12646
0.85625 0.80625 12648
0.85625 0.80625 12650
0.85625 0.80625 12652
0.85625 0.80625 12654
0.85625 0.80625 12656
0.85625 0.80625 12658
0.85625 0.80625 12660
0.85625 0.80625 12662
0.85625 0.80625 12664
0.85625 0.80625 12666
0.85625 0.80625 12668
0.85625 0.80625 12670
0.85625 0.80625 12672
0.85625 0.80625 12674
0.85625 0.80625 12676
0.85625 0.80625 12678
0.85625 0.80625 12680
0.85625 0.80625 12682
0.85625 0.8 12684
0.85625 0.8 12686
0.85625 0.8 12688
0.85625 0.8 12690
0.85625 0.8 12692
0.85625 0.8 12694
0.85625 0.8 12696
0.85625 0.8 12698
0.85625 0.8 12700
0.85625 0.8 12702
0.85625 0.8 12704
0.85625 0.8 12706
0.85625 0.8 12708
0.85625 0.8 12710
0.85625 0.8 12712
0.85625 0.8 12714
0.85625 0.8 12716
0.85625 0.8 12718
0.85625 0.8 12720
0.85625 0.8 12722
0.85625 0.8 12724
0.85625 0.8 12726
0.85625 0.8 12728
0.85625 0.8 12730
0.85625 0.8 12732
0.85625 0.8 12734
0.85625 0.8 12736
0.85625 0.8 12738
0.85625 0.8 12740
0.85625 0.8 12742
0.853125 0.8 12744
0.853125 0.8 12746
0.853125 0.8 12748
0.853125 0.8 12750
0.853125 0.8 12752
0.853125 0.8 12754
0.853125 0.8 12756
0.853125 0.8 12758
0.853125 0.80625 12760
0.853125 0.80625 12762
0.853125 0.80625 12764
0.853125 0.80625 12766
0.853125 0.80625 12768
0.853125 0.80625 12770
0.853125 0.80625 12772
0.853125 0.80625 12774
0.853125 0.80625 12776
0.853125 0.80625 12778
0.853125 0.80625 12780
0.853125 0.80625 12782
0.853125 0.80625 12784
0.853125 0.80625 12786
0.853125 0.80625 12788
0.853125 0.80625 12790
0.853125 0.80625 12792
0.853125 0.80625 12794
0.853125 0.8125 12796
0.853125 0.8125 12798
0.853125 0.8125 12800
0.853125 0.8125 12802
0.853125 0.8125 12804
0.853125 0.8125 12806
0.853125 0.8125 12808
0.853125 0.8125 12810
0.853125 0.8125 12812
0.853125 0.8125 12814
0.853125 0.81875 12816
0.853125 0.81875 12818
0.853125 0.81875 12820
0.853125 0.81875 12822
0.853125 0.81875 12824
0.853125 0.81875 12826
0.853125 0.81875 12828
0.853125 0.81875 12830
0.853125 0.81875 12832
0.853125 0.81875 12834
0.85625 0.81875 12836
0.85625 0.81875 12838
0.85625 0.81875 12840
0.85625 0.81875 12842
0.85625 0.81875 12844
0.85625 0.81875 12846
0.85625 0.81875 12848
0.85625 0.81875 12850
0.85625 0.81875 12852
0.85625 0.81875 12854
0.85625 0.81875 12856
0.85625 0.81875 12858
0.85625 0.81875 12860
0.85625 0.81875 12862
0.85625 0.81875 12864
0.85625 0.821875 12866
0.85625 0.825 12868
0.85625 0.825 12870
0.85625 0.825 12872
0.85625 0.825 12874
0.85625 0.825 12876
0.85625 0.825 12878
0.85625 0.825 12880
0.85625 0.825 12882
0.85625 0.825 12884
0.85625 0.825 12886
0.85625 0.825 12888
0.85625 0.825 12890
0.85625 0.83125 12892
0.85625 0.83125 12894
0.85625 0.83125 12896
0.85625 0.83125 12898
0.85625 0.83125 12900
0.85625 0.83125 12902
0.85625 0.83125 12904
0.85625 0.83125 12906
0.85625 0.83125 12908
0.85625 0.83125 12910
0.85625 0.83125 12912
0.85625 0.83125 12914
0.85625 0.83125 12916
0.85625 0.83125 12918
0.85625 0.83125 12920
0.85625 0.83125 12922
0.85625 0.83125 12924
0.85625 0.83125 12926
0.85625 0.83125 12928
0.85625 0.83125 12930
0.85625 0.83125 12932
0.85625 0.83125 12934
0.85625 0.83125 12936
0.85625 0.83125 12938
0.85625 0.83125 12940
0.85625 0.83125 12942
0.85625 0.83125 12944
0.85625 0.83125 12946
0.85625 0.83125 12948
0.85625 0.83125 12950
0.85625 0.83125 12952
0.85625 0.83125 12954
0.85625 0.83125 12956
0.85625 0.83125 12958
0.85625 0.83125 12960
0.85625 0.83125 12962
0.85625 0.83125 12964
0.85625 0.83125 12966
0.85625 0.83125 12968
0.85625 0.83125 12970
0.85625 0.83125 12972
0.85625 0.83125 12974
0.85625 0.83125 12976
0.85625 0.83125 12978
0.85625 0.83125 12980
0.85625 0.83125 12982
0.85625 0.83125 12984
0.85625 0.83125 12986
0.85625 0.83125 12988
0.85625 0.83125 12990
0.85625 0.83125 12992
0.85625 0.83125 12994
0.85625 0.83125 12996
0.85625 0.83125 12998
0.85625 0.83125 13000
0.85625 0.83125 13002
0.85625 0.83125 13004
0.85625 0.83125 13006
0.85625 0.83125 13008
0.85625 0.83125 13010
0.85625 0.83125 13012
0.85625 0.821875 13014
0.85625 0.81875 13016
0.85625 0.81875 13018
0.85625 0.81875 13020
0.85625 0.81875 13022
0.85625 0.81875 13024
0.85625 0.81875 13026
0.85625 0.81875 13028
0.85625 0.81875 13030
0.85625 0.81875 13032
0.85625 0.81875 13034
0.85625 0.81875 13036
0.85625 0.81875 13038
0.85625 0.81875 13040
0.85625 0.81875 13042
0.85625 0.81875 13044
0.85625 0.8125 13046
0.85625 0.8125 13048
0.85625 0.8125 13050
0.85625 0.8125 13052
0.85625 0.8125 13054
0.85625 0.8125 13056
0.85625 0.8125 13058
0.85625 0.8125 13060
0.85625 0.8125 13062
0.85625 0.8125 13064
0.85625 0.8125 13066
0.85625 0.8125 13068
0.85625 0.8125 13070
0.85625 0.8125 13072
0.85625 0.8125 13074
0.85625 0.8125 13076
0.85625 0.8125 13078
0.85625 0.80625 13080
0.85625 0.80625 13082
0.85625 0.80625 13084
0.85625 0.80625 13086
0.85625 0.80625 13088
0.85625 0.80625 13090
0.85625 0.80625 13092
0.85625 0.80625 13094
0.85625 0.80625 13096
0.85625 0.80625 13098
0.85625 0.80625 13100
0.85625 0.80625 13102
0.85625 0.80625 13104
0.85625 0.80625 13106
0.85625 0.80625 13108
0.85625 0.80625 13110
0.85625 0.80625 13112
0.85625 0.80625 13114
0.85625 0.80625 13116
0.85625 0.80625 13118
0.85625 0.80625 13120
0.85625 0.80625 13122
0.85625 0.80625 13124
0.85625 0.80625 13126
0.85625 0.80625 13128
0.85625 0.80625 13130
0.85625 0.80625 13132
0.85625 0.8 13134
0.85625 0.8 13136
0.85625 0.8 13138
0.85625 0.8 13140
0.85625 0.79375 13142
0.85625 0.79375 13144
0.85625 0.79375 13146
0.85625 0.79375 13148
0.85625 0.79375 13150
0.85625 0.79375 13152
0.85625 0.79375 13154
0.85625 0.79375 13156
0.85625 0.79375 13158
0.85625 0.79375 13160
0.85625 0.79375 13162
0.85625 0.79375 13164
0.85625 0.79375 13166
0.85625 0.79375 13168
0.85625 0.79375 13170
0.85625 0.79375 13172
0.85625 0.79375 13174
0.85625 0.79375 13176
0.85625 0.79375 13178
0.85625 0.79375 13180
0.85625 0.79375 13182
0.85625 0.79375 13184
0.85625 0.79375 13186
0.85625 0.79375 13188
0.85625 0.79375 13190
0.85625 0.79375 13192
0.85625 0.79375 13194
0.85625 0.79375 13196
0.85625 0.79375 13198
0.85625 0.79375 13200
0.85625 0.79375 13202
0.85625 0.79375 13204
0.85625 0.79375 13206
0.85625 0.79375 13208
0.85625 0.79375 13210
0.85625 0.79375 13212
0.85625 0.79375 13214
0.85625 0.79375 13216
0.85625 0.79375 13218
0.85625 0.79375 13220
0.85625 0.79375 13222
0.85625 0.79375 13224
0.85625 0.79375 13226
0.85625 0.79375 13228
0.85625 0.79375 13230
0.85625 0.79375 13232
0.85625 0.79375 13234
0.85625 0.79375 13236
0.85625 0.79375 13238
0.85625 0.8 13240
0.85625 0.8 13242
0.85625 0.8 13244
0.85625 0.8 13246
0.85625 0.8 13248
0.85625 0.80625 13250
0.85625 0.809375 13252
0.85625 0.8125 13254
0.85625 0.8125 13256
0.85625 0.8125 13258
0.85625 0.8125 13260
0.85625 0.8125 13262
0.85625 0.8125 13264
0.85625 0.8125 13266
0.85625 0.8125 13268
0.85625 0.8125 13270
0.85625 0.8125 13272
0.85625 0.8125 13274
0.85625 0.8125 13276
0.85625 0.8125 13278
0.85625 0.8125 13280
0.85625 0.8125 13282
0.85625 0.8125 13284
0.85625 0.8125 13286
0.85625 0.8125 13288
0.85625 0.8125 13290
0.85625 0.8125 13292
0.85625 0.8125 13294
0.85625 0.8125 13296
0.85625 0.8125 13298
0.853125 0.8125 13300
0.853125 0.8125 13302
0.853125 0.8125 13304
0.853125 0.8125 13306
0.85 0.8125 13308
0.85 0.8125 13310
0.85 0.8125 13312
0.85 0.8125 13314
0.85 0.8125 13316
0.85 0.8125 13318
0.85 0.8125 13320
0.85 0.8125 13322
0.85 0.8125 13324
0.85 0.8125 13326
0.85 0.8125 13328
0.85 0.8125 13330
0.85 0.8125 13332
0.85 0.8125 13334
0.85 0.8125 13336
0.85 0.8125 13338
0.85 0.8125 13340
0.85 0.8125 13342
0.85 0.8125 13344
0.85 0.8125 13346
0.85 0.8125 13348
0.85 0.8125 13350
0.85 0.8125 13352
0.85 0.8125 13354
0.85 0.8125 13356
0.85 0.8125 13358
0.85 0.8125 13360
0.85 0.8125 13362
0.85 0.8125 13364
0.85 0.8125 13366
0.85 0.8125 13368
0.85 0.8125 13370
0.85 0.8125 13372
0.85 0.8125 13374
0.85 0.8125 13376
0.85 0.8125 13378
0.85 0.8125 13380
0.85 0.8125 13382
0.85 0.8125 13384
0.85 0.8125 13386
0.85 0.8125 13388
0.85 0.8125 13390
0.85 0.8125 13392
0.85 0.8125 13392
0.85 0.8125 13392
0.85 0.8125 13392
0.85 0.8125 13392
0.85 0.8125 13392
0.85 0.8125 13392
0.85 0.8125 13392
0.85 0.8125 13392
0.85 0.8125 13392
0.85 0.8125 13392
0.85 0.8125 13392
0.85 0.8125 13392
0.85 0.8125 13392
0.85 0.8125 13392
0.85 0.8125 13392
0.85 0.8125 13392
0.85 0.8125 13392
0.85 0.8125 13392
0.85 0.8125 13392
0.85 0.8125 13392
0.85 0.8125 13392
0.85 0.8125 13392
0.85 0.8125 13392
0.85 0.8125 13392
0.85 0.8125 13392
0.85 0.8125 13392
0.85 0.8125 13392
0.85 0.8125 13392
0.85 0.8125 13392
0.85 0.8125 13392
0.85 0.8125 13392
0.85 0.8125 13392
0.85 0.8125 13392
0.85 0.8125 13392
0.85 0.8125 13392
0.85 0.8125 13392
0.85 0.8125 13392
0.85 0.8125 13392
0.85 0.8125 13392
0.85 0.8125 13392
0.85 0.8125 13392
0.85 0.8125 13392
0.85 0.8125 13392
0.85 0.8125 13392
0.85 0.8125 13392
0.85 0.8125 13392
0.85 0.8125 13392
0.85 0.8125 13392
0.85 0.8125 13392
0.85 0.8125 13392
0.85 0.8125 13392
0.85 0.8125 13392
0.85 0.8125 13392
0.85 0.8125 13392
0.85 0.8125 13392
0.85 0.8125 13392
0.85 0.8125 13392
0.85 0.8125 13392
0.85 0.8125 13392
0.85 0.8125 13392
0.85 0.8125 13392
0.85 0.8125 13392
0.85 0.8125 13392
0.85 0.8125 13392
0.85 0.8125 13392
0.85 0.8125 13392
0.85 0.8125 13392
0.85 0.8125 13392
0.85 0.8125 13392
0.85 0.8125 13392
0.85 0.8125 13392
0.85 0.8125 13392
0.85 0.8125 13392
0.85 0.8125 13392
0.85 0.8125 13392
0.85 0.8125 13392
0.85 0.8125 13392
0.85 0.8125 13392
0.85 0.8125 13392
0.85 0.8125 13392
0.85 0.8125 13392
0.85 0.8125 13392
0.85 0.8125 13392
0.85 0.8125 13392
0.85 0.8125 13392
0.85 0.8125 13392
0.85 0.8125 13392
0.85 0.8125 13392
0.85 0.8125 13392
0.85 0.8125 13392
0.85 0.8125 13392
0.85 0.8125 13392
0.85 0.8125 13392
0.85 0.8125 13392
0.85 0.8125 13392
0.85 0.8125 13392
0.85 0.8125 13392
0.85 0.8125 13392
0.85 0.8125 13392
0.85 0.8125 13392
0.85 0.8125 13392
0.85 0.8125 13392
0.85 0.8125 13392
0.85 0.8125 13392
0.85 0.8125 13392
0.85 0.8125 13392
0.85 0.8125 13392
0.85 0.8125 13392
0.85 0.8125 13392
0.85 0.8125 13392
0.85 0.8125 13392
0.85 0.8125 13392
0.85 0.8125 13392
0.85 0.8125 13392
0.85 0.8125 13392
0.85 0.8125 13392
0.85 0.8125 13392
0.85 0.8125 13392
0.85 0.8125 13392
0.85 0.8125 13392
0.85 0.8125 13392
0.85 0.8125 13392
0.85 0.8125 13392
0.85 0.8125 13392
0.85 0.8125 13392
0.85 0.8125 13392
0.85 0.8125 13392
0.85 0.8125 13392
0.85 0.8125 13392
0.85 0.8125 13392
0.85 0.8125 13392
0.85 0.8125 13392
0.85 0.8125 13392
0.85 0.8125 13392
0.85 0.8125 13392
0.85 0.8125 13392
0.85 0.8125 13392
0.85 0.8125 13392
0.85 0.8125 13392
0.85 0.8125 13392
0.85 0.8125 13392
0.85 0.8125 13392
0.85 0.8125 13392
0.85 0.8125 13392
0.85 0.8125 13392
0.85 0.8125 13392
0.85 0.8125 13392
0.85 0.8125 13392
0.85 0.8125 13392
0.85 0.8125 13392
0.85 0.8125 13392
0.85 0.8125 13392
0.85 0.8125 13392
0.85 0.8125 13392
0.85 0.809375 13392
0.85 0.80625 13392
0.85 0.80625 13392
0.85 0.80625 13392
0.85 0.80625 13392
0.85 0.80625 13392
0.85 0.80625 13392
0.85 0.80625 13392
0.85 0.80625 13392
0.85 0.80625 13392
0.85 0.80625 13392
0.85 0.80625 13392
0.85 0.80625 13392
0.85 0.80625 13392
0.85 0.80625 13392
0.85 0.80625 13392
0.85 0.80625 13392
0.85 0.80625 13392
0.85 0.80625 13392
0.85 0.80625 13392
0.85 0.80625 13392
0.85 0.80625 13392
0.85 0.803125 13392
0.85 0.8 13392
0.85 0.8 13392
0.85 0.8 13392
0.85 0.8 13392
0.85 0.8 13392
0.85 0.8 13392
0.85 0.8 13392
0.85 0.8 13392
0.85 0.8 13392
0.85 0.8 13392
0.85 0.8 13392
0.85 0.8 13392
0.85 0.8 13392
0.85 0.8 13392
0.85 0.8 13392
0.85 0.8 13392
0.85 0.8 13392
0.85 0.8 13392
0.85 0.8 13392
0.85 0.8 13392
0.85 0.8 13392
0.85 0.8 13392
0.85 0.8 13392
0.85 0.8 13392
0.85 0.8 13392
0.85 0.8 13392
0.85 0.8 13392
0.85 0.8 13392
0.85 0.8 13392
0.85 0.8 13392
0.85 0.8 13392
0.85 0.8 13392
0.85 0.8 13392
0.85 0.8 13392
0.85 0.8 13392
0.85 0.8 13392
0.85 0.8 13392
0.85 0.8 13392
0.85 0.8 13392
0.85 0.8 13392
0.85 0.8 13392
0.85 0.8 13392
0.85 0.8 13392
0.85 0.8 13392
0.85 0.8 13392
0.85 0.8 13392
0.85 0.8 13392
0.85 0.8 13392
0.85 0.8 13392
0.85 0.8 13392
0.85 0.8 13392
0.85 0.8 13392
0.85 0.8 13392
0.85 0.8 13392
0.85 0.8 13392
0.85 0.8 13392
0.85 0.8 13392
0.85 0.8 13392
0.85 0.8 13392
0.85 0.8 13392
0.85 0.8 13392
0.85 0.8 13392
0.85 0.8 13392
0.85 0.8 13392
0.85 0.8 13392
0.85 0.8 13392
0.85 0.8 13392
0.85 0.8 13392
0.85 0.8 13392
0.85 0.8 13392
0.85 0.8 13392
0.85 0.8 13392
0.85 0.8 13392
0.85 0.8 13392
0.85 0.8 13392
0.85 0.8 13392
0.85 0.79375 13392
0.85 0.79375 13392
0.85 0.7875 13392
0.85 0.7875 13392
0.85 0.7875 13392
0.85 0.7875 13392
0.85 0.7875 13392
0.85 0.7875 13392
0.85 0.7875 13392
0.85 0.7875 13392
0.85 0.7875 13392
0.85 0.7875 13392
0.85 0.7875 13392
0.85 0.7875 13392
0.85 0.7875 13392
0.85 0.7875 13392
0.85 0.7875 13392
0.85 0.7875 13392
0.85 0.7875 13392
0.85 0.7875 13392
0.85 0.7875 13392
0.85 0.7875 13392
0.85 0.7875 13392
0.85 0.7875 13392
0.85 0.7875 13392
0.85 0.7875 13392
0.85 0.7875 13392
0.85 0.7875 13392
0.85 0.7875 13392
0.85 0.7875 13392
0.85 0.7875 13392
0.85 0.7875 13392
0.85 0.7875 13392
0.85 0.7875 13392
0.85 0.7875 13392
0.85 0.7875 13392
0.85 0.7875 13392
0.85 0.7875 13392
0.85 0.7875 13392
0.85 0.7875 13392
0.85 0.7875 13392
0.85 0.7875 13392
0.85 0.7875 13392
0.85 0.7875 13392
0.85 0.7875 13392
0.85 0.7875 13392
0.85 0.7875 13392
0.85 0.7875 13392
0.85 0.7875 13392
0.85 0.7875 13392
0.85 0.7875 13392
0.85 0.7875 13392
0.85 0.7875 13392
0.85 0.784375 13392
0.85 0.771875 13392
0.85 0.76875 13392
0.85 0.76875 13392
0.85 0.76875 13392
0.85 0.76875 13392
0.85 0.76875 13392
0.85 0.76875 13392
0.85 0.76875 13392
0.85 0.76875 13392
0.85 0.76875 13392
0.85 0.76875 13392
0.85 0.76875 13392
0.85 0.76875 13392
0.85 0.76875 13392
0.85 0.76875 13392
0.85 0.76875 13392
0.85 0.76875 13392
0.85 0.76875 13392
0.85 0.76875 13392
0.85 0.76875 13392
0.85 0.76875 13392
0.85 0.76875 13392
0.85 0.76875 13392
0.85 0.76875 13392
0.85 0.76875 13392
0.85 0.76875 13392
0.85 0.76875 13392
0.85 0.76875 13392
0.85 0.76875 13392
0.85 0.76875 13392
0.85 0.76875 13392
0.85 0.76875 13392
0.85 0.76875 13392
0.85 0.76875 13392
0.85 0.76875 13392
0.85 0.76875 13392
0.85 0.76875 13392
0.85 0.76875 13392
0.85 0.76875 13392
0.85 0.76875 13392
0.85 0.76875 13392
0.85 0.76875 13392
0.85 0.76875 13392
0.85 0.76875 13392
0.85 0.76875 13392
0.85 0.76875 13392
0.85 0.76875 13392
0.85 0.76875 13392
0.85 0.76875 13392
0.85 0.76875 13392
0.85 0.76875 13392
0.85 0.76875 13392
0.85 0.7625 13392
0.85 0.7625 13392
0.85 0.7625 13392
0.85 0.7625 13392
0.85 0.7625 13392
0.85 0.759375 13392
0.85 0.75625 13392
0.85 0.75625 13392
0.85 0.75625 13392
0.85 0.75625 13392
0.85 0.75625 13392
0.85 0.75625 13392
0.85 0.75625 13392
0.85 0.75625 13392
0.85 0.75625 13392
0.85 0.75625 13392
0.85 0.75625 13392
0.85 0.75625 13392
0.85 0.75625 13392
0.85 0.75625 13392
0.85 0.75625 13392
0.85 0.75625 13392
0.85 0.75625 13392
0.85 0.75625 13392
0.85 0.75625 13392
0.85 0.75625 13392
0.85 0.75625 13392
0.85 0.75625 13392
0.85 0.75625 13392
0.85 0.75625 13392
0.85 0.75625 13392
0.85 0.75625 13392
0.85 0.75625 13392
0.85 0.75625 13392
0.85 0.75625 13392
0.85 0.75625 13392
0.85 0.75625 13392
0.85 0.75625 13392
0.85 0.75625 13392
0.85 0.75625 13392
0.85 0.75625 13392
0.85 0.75625 13392
0.85 0.75625 13392
0.85 0.75625 13392
0.85 0.75625 13392
0.85 0.75625 13392
0.85 0.75625 13392
0.85 0.75625 13392
0.85 0.75625 13392
0.85 0.75625 13392
0.85 0.75625 13392
0.85 0.75625 13392
0.85 0.75625 13392
0.85 0.75625 13392
0.85 0.75625 13392
0.85 0.75625 13392
0.85 0.75625 13392
0.85 0.75625 13392
0.85 0.75625 13392
0.85 0.75625 13392
0.85 0.75625 13392
0.85 0.75625 13392
0.85 0.75625 13392
0.85 0.75625 13392
0.85 0.75625 13392
0.85 0.75625 13392
0.85 0.75625 13392
0.85 0.75625 13392
0.85 0.75625 13392
0.85 0.75625 13392
0.85 0.75625 13392
0.85 0.75625 13392
0.85 0.75625 13392
0.85 0.75625 13392
0.85 0.75625 13392
0.85 0.75625 13392
0.85 0.75625 13392
0.85 0.75625 13392
0.85 0.75625 13392
0.85 0.75625 13392
0.85 0.75625 13392
0.85 0.75625 13392
0.85 0.75625 13392
0.85 0.75625 13392
0.85 0.75625 13392
0.85 0.75625 13392
0.85 0.75625 13392
0.85 0.75625 13392
0.85 0.75625 13392
0.85 0.75625 13392
0.85 0.75625 13392
0.85 0.75625 13392
0.85 0.75625 13392
0.85 0.75625 13392
0.85 0.75625 13392
0.85 0.75625 13392
0.85 0.75625 13392
0.85 0.75625 13392
0.85 0.75625 13392
0.85 0.75625 13392
0.85 0.75625 13392
0.85 0.75625 13392
0.85 0.75625 13392
0.85 0.75625 13392
0.85 0.75625 13392
0.85 0.75625 13392
0.85 0.75625 13392
0.85 0.75625 13392
0.85 0.75625 13392
0.85 0.75625 13392
0.85 0.75625 13392
0.85 0.75625 13392
0.85 0.75625 13392
0.85 0.75625 13392
0.85 0.75625 13392
0.85 0.75625 13392
0.85 0.75625 13392
0.85 0.75625 13392
0.85 0.75625 13392
0.85 0.75625 13392
0.85 0.75625 13392
0.85 0.75625 13392
0.85 0.75625 13392
0.85 0.7625 13392
0.85 0.7625 13392
0.85 0.7625 13392
0.85 0.7625 13392
0.85 0.7625 13392
0.85 0.7625 13392
0.85 0.7625 13392
0.85 0.7625 13392
0.85 0.7625 13392
0.85 0.7625 13392
0.85 0.7625 13392
0.85 0.7625 13392
0.85 0.7625 13392
0.85 0.7625 13392
0.85 0.7625 13392
0.85 0.7625 13392
0.85 0.7625 13392
0.85 0.7625 13392
0.85 0.7625 13392
0.85 0.7625 13392
0.85 0.7625 13392
0.85 0.7625 13392
0.85 0.7625 13392
0.85 0.7625 13392
0.85 0.7625 13392
0.85 0.7625 13392
0.85 0.7625 13392
0.85 0.7625 13392
0.85 0.7625 13392
0.85 0.7625 13392
0.85 0.7625 13392
0.85 0.7625 13392
0.85 0.7625 13392
0.85 0.7625 13392
0.85 0.7625 13392
0.85 0.7625 13392
0.85 0.7625 13392
0.85 0.7625 13392
0.85 0.7625 13392
0.85 0.7625 13392
0.85 0.7625 13392
0.85 0.7625 13392
0.85 0.7625 13392
0.85 0.7625 13392
0.85 0.7625 13392
0.85 0.7625 13392
0.85 0.7625 13392
0.85 0.7625 13392
0.85 0.7625 13392
0.85 0.7625 13392
0.85 0.7625 13392
0.85 0.7625 13392
0.85 0.7625 13392
0.85 0.7625 13392
0.85 0.7625 13392
0.85 0.7625 13392
0.85 0.7625 13392
0.85 0.7625 13392
0.85 0.7625 13392
0.85 0.7625 13392
0.85 0.7625 13392
0.85 0.7625 13392
0.85 0.7625 13392
0.85 0.7625 13392
0.85 0.7625 13392
0.85 0.7625 13392
0.85 0.7625 13392
0.85 0.7625 13392
0.85 0.7625 13392
0.85 0.7625 13392
0.85 0.7625 13392
0.85 0.7625 13392
0.85 0.7625 13392
0.85 0.7625 13392
0.85 0.7625 13392
0.85 0.7625 13392
0.85 0.7625 13392
0.85 0.7625 13392
0.85 0.7625 13392
0.85 0.7625 13392
0.85 0.7625 13392
0.85 0.7625 13392
0.85 0.7625 13392
0.85 0.7625 13392
0.85 0.7625 13392
0.85 0.7625 13392
0.85 0.7625 13392
0.85 0.7625 13392
0.85 0.7625 13392
0.85 0.7625 13392
0.85 0.7625 13392
0.85 0.7625 13392
0.85 0.7625 13392
0.85 0.7625 13392
0.85 0.7625 13392
0.85 0.7625 13392
0.85 0.7625 13392
0.85 0.7625 13392
0.85 0.7625 13392
0.85 0.7625 13392
0.85 0.7625 13392
0.85 0.7625 13392
0.85 0.7625 13392
0.85 0.7625 13392
0.85 0.7625 13392
0.85 0.7625 13392
0.85 0.7625 13392
0.85 0.7625 13392
0.85 0.7625 13392
0.85 0.7625 13392
0.85 0.7625 13392
0.85 0.7625 13392
0.85 0.7625 13392
0.85 0.7625 13392
0.85 0.7625 13392
0.85 0.7625 13392
0.85 0.7625 13392
0.85 0.7625 13392
0.85 0.7625 13392
0.85 0.7625 13392
0.85 0.7625 13392
0.85 0.7625 13392
0.85 0.7625 13392
0.85 0.7625 13392
0.85 0.7625 13392
0.85 0.7625 13392
0.85 0.7625 13392
0.85 0.7625 13392
0.85 0.7625 13392
0.85 0.7625 13392
0.85 0.7625 13392
0.85 0.7625 13392
0.85 0.7625 13392
0.85 0.7625 13392
0.85 0.7625 13392
0.85 0.7625 13392
0.85 0.7625 13392
0.85 0.7625 13392
0.85 0.7625 13392
0.85 0.7625 13392
0.85 0.7625 13392
0.85 0.7625 13392
0.85 0.7625 13392
0.85 0.7625 13392
0.85 0.7625 13392
0.85 0.7625 13392
0.85 0.7625 13392
0.85 0.7625 13392
0.85 0.7625 13392
0.85 0.7625 13392
0.85 0.7625 13392
0.85 0.7625 13392
0.85 0.7625 13392
0.85 0.7625 13392
0.85 0.7625 13392
0.85 0.7625 13392
0.85 0.7625 13392
0.85 0.7625 13392
0.85 0.7625 13392
0.85 0.7625 13392
0.85 0.7625 13392
0.85 0.7625 13392
0.85 0.7625 13392
0.85 0.7625 13392
0.85 0.7625 13392
0.85 0.7625 13392
0.85 0.7625 13392
0.85 0.7625 13392
0.85 0.7625 13392
0.85 0.7625 13392
0.85 0.7625 13392
0.85 0.7625 13392
0.85 0.7625 13392
0.85 0.7625 13392
0.85 0.7625 13392
0.85 0.7625 13392
0.85 0.7625 13392
0.85 0.7625 13392
0.85 0.7625 13392
0.85 0.7625 13392
0.85 0.7625 13392
0.85 0.7625 13392
0.85 0.7625 13392
0.85 0.7625 13392
0.85 0.7625 13392
0.85 0.7625 13392
0.85 0.75625 13392
0.85 0.75625 13392
0.85 0.75625 13392
0.85 0.75625 13392
0.85 0.75625 13392
0.85 0.75625 13392
0.85 0.75625 13392
0.85 0.75625 13392
0.85 0.75625 13392
0.85 0.75625 13392
0.85 0.75625 13392
0.85 0.75625 13392
0.85 0.75625 13392
0.85 0.75625 13392
0.85 0.75625 13392
0.85 0.75625 13392
0.85 0.75625 13392
0.85 0.75625 13392
0.85 0.75625 13392
0.85 0.75625 13392
0.85 0.75625 13392
0.85 0.75625 13392
0.85 0.75625 13392
0.85 0.75625 13392
0.85 0.75625 13392
0.85 0.75625 13392
0.85 0.75625 13392
0.85 0.75625 13392
0.85 0.75625 13392
0.85 0.75625 13392
0.85 0.75625 13392
0.85 0.75625 13392
0.85 0.75625 13392
0.85 0.75625 13392
0.85 0.75625 13392
0.85 0.75625 13392
0.85 0.75625 13392
0.85 0.75 13392
0.85 0.75 13392
0.85 0.75 13392
0.85 0.75 13392
0.85 0.75 13392
0.85 0.75 13392
0.85 0.75 13392
0.85 0.75 13392
0.85 0.75 13392
0.85 0.74375 13392
0.85 0.74375 13392
0.85 0.74375 13392
0.85 0.74375 13392
0.85 0.74375 13392
0.85 0.74375 13392
0.85 0.74375 13392
0.85 0.74375 13392
0.85 0.74375 13392
0.85 0.74375 13392
0.85 0.74375 13392
0.85 0.74375 13392
0.85 0.74375 13392
0.85 0.74375 13392
0.85 0.74375 13392
0.85 0.74375 13392
0.85 0.74375 13392
0.85 0.74375 13392
0.85 0.74375 13392
0.85 0.74375 13392
0.85 0.74375 13392
0.85 0.740625 13392
0.85 0.74375 13392
0.85 0.74375 13392
0.85 0.74375 13392
0.85 0.74375 13392
0.85 0.74375 13392
0.85 0.74375 13392
0.85 0.74375 13392
0.85 0.74375 13392
0.85 0.74375 13392
0.85 0.74375 13392
0.85 0.74375 13392
0.85 0.7375 13392
0.85 0.7375 13392
0.85 0.7375 13392
0.85 0.7375 13392
0.85 0.7375 13392
0.85 0.7375 13392
0.85 0.7375 13392
0.85 0.7375 13392
0.85 0.7375 13392
0.85 0.7375 13392
0.85 0.7375 13392
0.85 0.7375 13392
0.85 0.7375 13392
0.85 0.7375 13392
0.85 0.7375 13392
0.85 0.7375 13392
0.85 0.7375 13392
0.85 0.7375 13392
0.85 0.7375 13392
0.85 0.7375 13392
0.85 0.7375 13392
0.85 0.7375 13392
0.85 0.7375 13392
0.85 0.7375 13392
0.85 0.7375 13392
0.85 0.7375 13392
0.85 0.7375 13392
0.85 0.7375 13392
0.85 0.7375 13392
0.85 0.7375 13392
0.85 0.7375 13392
0.85 0.7375 13392
0.85 0.7375 13392
0.85 0.7375 13392
0.85 0.7375 13392
0.85 0.7375 13392
0.85 0.7375 13392
0.85 0.7375 13392
0.85 0.7375 13392
0.85 0.7375 13392
0.85 0.7375 13392
0.85 0.7375 13392
0.85 0.7375 13392
0.85 0.7375 13392
0.85 0.73125 13392
0.85 0.73125 13392
0.85 0.73125 13392
0.85 0.73125 13392
0.85 0.73125 13392
0.85 0.73125 13392
0.85 0.73125 13392
0.85 0.73125 13392
0.85 0.73125 13392
0.85 0.73125 13392
0.85 0.73125 13392
0.85 0.73125 13392
0.85 0.73125 13392
0.85 0.73125 13392
0.85 0.73125 13392
0.85 0.73125 13392
0.85 0.73125 13392
0.85 0.73125 13392
0.85 0.73125 13392
0.85 0.73125 13392
0.85 0.73125 13392
0.85 0.73125 13392
0.85 0.73125 13392
0.85 0.73125 13392
0.85 0.73125 13392
0.85 0.73125 13392
0.85 0.73125 13392
0.85 0.73125 13392
0.85 0.73125 13392
0.85 0.73125 13392
0.85 0.73125 13392
0.85 0.73125 13392
0.85 0.73125 13392
0.85 0.73125 13392
0.85 0.73125 13392
0.85 0.73125 13392
0.85 0.73125 13392
0.85 0.73125 13392
0.85 0.73125 13392
0.85 0.73125 13392
0.85 0.73125 13392
0.85 0.73125 13392
0.85 0.73125 13392
0.85 0.73125 13392
0.85 0.73125 13392
0.85 0.73125 13392
0.85 0.73125 13392
0.85 0.73125 13392
0.85 0.73125 13392
0.85 0.734375 13392
0.85 0.7375 13392
0.85 0.7375 13392
0.85 0.7375 13392
0.85 0.7375 13392
0.85 0.7375 13392
0.85 0.7375 13392
0.85 0.7375 13392
0.85 0.7375 13392
0.85 0.7375 13392
0.85 0.7375 13392
0.85 0.7375 13392
0.85 0.7375 13392
0.85 0.7375 13392
0.85 0.7375 13392
0.85 0.7375 13392
0.85 0.7375 13392
0.85 0.7375 13392
0.85 0.7375 13392
0.85 0.7375 13392
0.85 0.7375 13392
0.85 0.7375 13392
0.85 0.7375 13392
0.85 0.7375 13392
0.85 0.7375 13392
0.85 0.7375 13392
0.85 0.7375 13392
0.85 0.7375 13392
0.85 0.7375 13392
0.85 0.7375 13392
0.85 0.7375 13392
0.85 0.7375 13392
0.85 0.7375 13392
0.85 0.7375 13392
0.85 0.7375 13392
0.85 0.7375 13392
0.85 0.7375 13392
0.85 0.7375 13392
0.85 0.7375 13392
0.85 0.7375 13392
0.85 0.7375 13392
0.85 0.7375 13392
0.85 0.7375 13392
0.85 0.7375 13392
0.85 0.7375 13392
0.85 0.7375 13392
0.85 0.7375 13392
0.85 0.7375 13392
0.85 0.7375 13392
0.85 0.7375 13392
0.85 0.7375 13392
0.85 0.7375 13392
0.85 0.7375 13392
0.85 0.7375 13392
0.85 0.7375 13392
0.85 0.7375 13392
0.85 0.7375 13392
0.85 0.7375 13392
0.85 0.7375 13392
0.85 0.7375 13392
0.85 0.7375 13392
0.85 0.73125 13392
0.85 0.73125 13392
0.85 0.73125 13392
0.85 0.73125 13392
0.85 0.73125 13392
0.85 0.73125 13392
0.85 0.73125 13392
0.85 0.73125 13392
0.85 0.73125 13392
0.85 0.73125 13392
0.85 0.73125 13392
0.85 0.73125 13392
0.85 0.73125 13392
0.85 0.73125 13392
0.85 0.73125 13392
0.85 0.73125 13392
0.85 0.73125 13392
0.85 0.73125 13392
0.85 0.73125 13392
0.85 0.73125 13392
0.85 0.73125 13392
0.85 0.73125 13392
0.85 0.73125 13392
0.85 0.73125 13392
0.85 0.73125 13392
0.85 0.73125 13392
0.85 0.73125 13392
0.85 0.73125 13392
0.85 0.73125 13392
0.85 0.73125 13392
0.85 0.73125 13392
0.85 0.728125 13392
0.85 0.725 13392
0.85 0.725 13392
0.85 0.725 13392
0.85 0.725 13392
0.85 0.725 13392
0.85 0.725 13392
0.85 0.725 13392
0.85 0.725 13392
0.85 0.725 13392
0.85 0.725 13392
0.85 0.725 13392
0.85 0.725 13392
0.85 0.725 13392
0.85 0.725 13392
0.85 0.725 13392
0.85 0.725 13392
0.85 0.725 13392
0.85 0.725 13392
0.85 0.725 13392
0.85 0.725 13392
0.85 0.725 13392
0.85 0.725 13392
0.85 0.725 13392
0.85 0.725 13392
0.85 0.725 13392
0.85 0.725 13392
0.85 0.725 13392
0.85 0.725 13392
0.85 0.725 13392
0.85 0.725 13392
0.85 0.725 13392
0.85 0.725 13392
0.85 0.725 13392
0.85 0.725 13392
0.85 0.73125 13392
0.85 0.73125 13392
0.85 0.73125 13392
0.85 0.73125 13392
0.85 0.73125 13392
0.85 0.73125 13392
0.85 0.73125 13392
0.85 0.73125 13392
0.85 0.73125 13392
0.85 0.73125 13392
0.85 0.73125 13392
0.85 0.73125 13392
0.85 0.73125 13392
0.85 0.73125 13392
0.85 0.73125 13392
0.85 0.73125 13392
0.85 0.73125 13392
0.85 0.725 13392
0.85 0.725 13392
0.85 0.725 13392
0.85 0.725 13392
0.85 0.725 13392
0.85 0.725 13392
0.85 0.725 13392
0.85 0.725 13392
0.85 0.725 13392
0.85 0.725 13392
0.85 0.725 13392
0.85 0.725 13392
0.85 0.725 13392
0.85 0.725 13392
0.85 0.725 13392
0.85 0.725 13392
0.85 0.725 13392
0.85 0.725 13392
0.85 0.725 13392
0.85 0.725 13392
0.85 0.725 13392
0.85 0.725 13392
0.85 0.725 13392
0.85 0.725 13392
0.85 0.725 13392
0.85 0.725 13392
0.85 0.725 13392
0.85 0.725 13392
0.85 0.725 13392
0.85 0.725 13392
0.85 0.725 13392
0.85 0.725 13392
0.85 0.725 13392
0.85 0.725 13392
0.85 0.725 13392
0.85 0.725 13392
0.85 0.725 13392
0.85 0.725 13392
0.85 0.725 13392
0.85 0.725 13392
0.85 0.725 13392
0.85 0.725 13392
0.85 0.725 13392
0.85 0.71875 13392
0.85 0.71875 13392
0.85 0.71875 13392
0.85 0.71875 13392
0.85 0.71875 13392
0.85 0.71875 13392
0.85 0.71875 13392
0.85 0.71875 13392
0.85 0.71875 13392
0.85 0.71875 13392
0.85 0.71875 13392
0.85 0.71875 13392
0.85 0.71875 13392
0.85 0.71875 13392
0.85 0.71875 13392
0.85 0.71875 13392
0.85 0.71875 13392
0.85 0.71875 13392
0.85 0.71875 13392
0.85 0.71875 13392
0.85 0.71875 13392
0.85 0.71875 13392
0.85 0.71875 13392
0.85 0.71875 13392
0.85 0.71875 13392
0.85 0.71875 13392
0.85 0.71875 13392
0.85 0.71875 13392
0.85 0.71875 13392
0.85 0.71875 13392
0.85 0.71875 13392
0.85 0.71875 13392
0.85 0.71875 13392
0.85 0.71875 13392
0.85 0.71875 13392
0.85 0.71875 13392
0.85 0.71875 13392
0.85 0.71875 13392
0.85 0.71875 13392
0.85 0.71875 13392
0.85 0.71875 13392
0.85 0.71875 13392
0.85 0.71875 13392
0.85 0.71875 13392
0.85 0.71875 13392
0.85 0.71875 13392
0.85 0.71875 13392
0.85 0.71875 13392
0.85 0.71875 13392
0.85 0.71875 13392
0.85 0.71875 13392
0.85 0.71875 13392
0.85 0.71875 13392
0.85 0.71875 13392
0.85 0.71875 13392
0.85 0.71875 13392
0.85 0.71875 13392
0.85 0.71875 13392
0.85 0.71875 13392
0.85 0.71875 13392
0.85 0.71875 13392
0.85 0.71875 13392
0.85 0.71875 13392
0.85 0.71875 13392
0.85 0.71875 13392
0.85 0.71875 13392
0.85 0.71875 13392
0.85 0.71875 13392
0.85 0.71875 13392
0.85 0.71875 13392
0.85 0.71875 13392
0.85 0.71875 13392
0.85 0.71875 13392
0.85 0.71875 13392
0.85 0.71875 13392
0.85 0.71875 13392
0.85 0.71875 13392
0.85 0.71875 13392
0.85 0.71875 13392
0.85 0.7125 13392
0.85 0.7125 13392
0.85 0.7125 13392
0.85 0.7125 13392
0.85 0.7125 13392
0.85 0.7125 13392
0.85 0.7125 13392
0.85 0.7125 13392
0.85 0.7125 13392
0.85 0.7125 13392
0.85 0.7125 13392
0.85 0.7125 13392
0.85 0.7125 13392
0.85 0.7125 13392
0.85 0.7125 13392
0.85 0.7125 13392
0.85 0.7125 13392
0.85 0.7125 13392
0.85 0.7125 13392
0.85 0.7125 13392
0.85 0.7125 13392
0.85 0.7125 13392
0.85 0.7125 13392
0.85 0.7125 13392
0.85 0.7125 13392
0.85 0.7125 13392
0.85 0.7125 13392
0.85 0.7125 13392
0.85 0.7125 13392
0.85 0.7125 13392
0.85 0.7125 13392
0.85 0.7125 13392
0.85 0.7125 13392
0.85 0.7125 13392
0.85 0.70625 13392
0.85 0.70625 13392
0.85 0.70625 13392
0.85 0.70625 13392
0.85 0.70625 13392
0.85 0.70625 13392
0.85 0.70625 13392
0.85 0.70625 13392
0.85 0.70625 13392
0.85 0.70625 13392
0.85 0.70625 13392
0.85 0.70625 13392
0.85 0.70625 13392
0.85 0.70625 13392
0.85 0.70625 13392
0.85 0.70625 13392
0.85 0.70625 13392
0.85 0.70625 13392
0.85 0.70625 13392
0.85 0.70625 13392
0.85 0.70625 13392
0.85 0.70625 13392
0.85 0.70625 13392
0.85 0.70625 13392
0.85 0.70625 13392
0.85 0.70625 13392
0.85 0.70625 13392
0.85 0.70625 13392
0.85 0.70625 13392
0.85 0.70625 13392
0.85 0.70625 13392
0.85 0.70625 13392
0.85 0.70625 13392
0.85 0.70625 13392
0.85 0.70625 13392
0.85 0.70625 13392
0.85 0.70625 13392
0.85 0.70625 13392
0.85 0.70625 13392
0.85 0.70625 13392
0.85 0.70625 13392
0.85 0.70625 13392
0.85 0.70625 13392
0.85 0.70625 13392
0.85 0.70625 13392
0.85 0.70625 13392
0.85 0.70625 13392
0.85 0.70625 13392
0.85 0.70625 13392
0.85 0.70625 13392
0.85 0.70625 13392
0.85 0.70625 13392
0.85 0.70625 13392
0.85 0.70625 13392
0.85 0.70625 13392
0.85 0.70625 13392
0.85 0.70625 13392
0.85 0.70625 13392
0.85 0.70625 13392
0.85 0.70625 13392
0.85 0.70625 13392
0.85 0.70625 13392
0.85 0.70625 13392
0.85 0.70625 13392
0.85 0.70625 13392
0.85 0.70625 13392
0.85 0.70625 13392
0.85 0.70625 13392
0.85 0.70625 13392
0.85 0.70625 13392
0.85 0.70625 13392
0.85 0.70625 13392
0.85 0.70625 13392
0.85 0.70625 13392
0.85 0.70625 13392
0.85 0.70625 13392
0.85 0.70625 13392
0.85 0.70625 13392
0.85 0.70625 13392
0.85 0.70625 13392
0.85 0.70625 13392
0.85 0.70625 13392
0.85 0.70625 13392
0.85 0.70625 13392
0.85 0.70625 13392
0.85 0.70625 13392
0.85 0.70625 13392
0.85 0.70625 13392
0.85 0.70625 13392
0.85 0.70625 13392
0.85 0.70625 13392
0.85 0.70625 13392
0.85 0.70625 13392
0.85 0.70625 13392
0.85 0.70625 13392
0.85 0.70625 13392
0.85 0.70625 13392
0.85 0.70625 13392
0.85 0.70625 13392
0.85 0.70625 13392
0.85 0.70625 13392
0.85 0.70625 13392
0.85 0.70625 13392
0.85 0.70625 13392
0.85 0.70625 13392
0.85 0.70625 13392
0.85 0.70625 13392
0.85 0.70625 13392
0.85 0.70625 13392
0.85 0.70625 13392
0.85 0.70625 13392
0.85 0.70625 13392
0.85 0.70625 13392
0.85 0.70625 13392
0.85 0.70625 13392
0.85 0.70625 13392
0.85 0.70625 13392
0.85 0.70625 13392
0.85 0.70625 13392
0.85 0.70625 13392
0.85 0.70625 13392
0.85 0.70625 13392
0.85 0.70625 13392
0.85 0.70625 13392
0.85 0.70625 13392
0.85 0.70625 13392
0.85 0.70625 13392
0.85 0.70625 13392
0.85 0.70625 13392
0.85 0.70625 13392
0.85 0.70625 13392
0.85 0.70625 13392
0.85 0.70625 13392
0.85 0.70625 13392
0.85 0.70625 13392
0.85 0.70625 13392
0.85 0.70625 13392
0.85 0.70625 13392
0.85 0.70625 13392
0.85 0.70625 13392
0.85 0.70625 13392
0.85 0.70625 13392
0.85 0.70625 13392
0.85 0.70625 13392
0.85 0.70625 13392
0.85 0.70625 13392
0.85 0.70625 13392
0.85 0.70625 13392
0.85 0.70625 13392
0.85 0.70625 13392
0.85 0.70625 13392
0.85 0.70625 13392
0.85 0.70625 13392
0.85 0.70625 13392
0.85 0.70625 13392
0.85 0.70625 13392
0.85 0.70625 13392
0.85 0.70625 13392
0.85 0.70625 13392
0.85 0.70625 13392
0.85 0.70625 13392
0.85 0.70625 13392
0.85 0.70625 13392
0.85 0.70625 13392
0.85 0.70625 13392
0.85 0.70625 13392
0.85 0.70625 13392
0.85 0.70625 13392
0.85 0.70625 13392
0.85 0.70625 13392
0.85 0.70625 13392
0.85 0.70625 13392
0.85 0.70625 13392
0.85 0.70625 13392
0.85 0.70625 13392
0.85 0.70625 13392
0.85 0.70625 13392
0.85 0.70625 13392
0.85 0.70625 13392
0.85 0.70625 13392
0.85 0.70625 13392
0.85 0.70625 13392
0.85 0.70625 13392
0.85 0.70625 13392
0.85 0.70625 13392
0.85 0.7125 13392
0.85 0.7125 13392
0.85 0.7125 13392
0.85 0.7125 13392
0.85 0.7125 13392
0.85 0.7125 13392
0.85 0.7125 13392
0.85 0.7125 13392
0.85 0.7125 13392
0.85 0.7125 13392
0.85 0.7125 13392
0.85 0.7125 13392
0.85 0.7125 13392
0.85 0.7125 13392
0.85 0.7125 13392
0.85 0.7125 13392
0.85 0.7125 13392
0.85 0.7125 13392
0.85 0.7125 13392
0.85 0.7125 13392
0.85 0.7125 13392
0.85 0.7125 13392
0.85 0.7125 13392
0.85 0.7125 13392
0.85 0.7125 13392
0.85 0.7125 13392
0.85 0.7125 13392
0.85 0.7125 13392
0.85 0.7125 13392
0.85 0.7125 13392
0.85 0.7125 13392
0.85 0.7125 13392
0.85 0.7125 13392
0.85 0.7125 13392
0.85 0.7125 13392
0.85 0.7125 13392
0.85 0.7125 13392
0.85 0.7125 13392
0.85 0.7125 13392
0.85 0.7125 13392
0.85 0.7125 13392
0.85 0.7125 13392
0.85 0.7125 13392
0.85 0.7125 13392
0.85 0.7125 13392
0.85 0.7125 13392
0.85 0.7125 13392
0.85 0.7125 13392
0.85 0.7125 13392
0.85 0.7125 13392
0.85 0.7125 13392
0.85 0.7125 13392
0.85 0.7125 13392
0.85 0.7125 13392
0.85 0.7125 13392
0.85 0.7125 13392
0.85 0.7125 13392
0.85 0.71875 13392
0.85 0.71875 13392
0.85 0.71875 13392
0.85 0.71875 13392
0.85 0.71875 13392
0.85 0.71875 13392
0.85 0.71875 13392
0.85 0.71875 13392
0.85 0.71875 13392
0.85 0.71875 13392
0.85 0.725 13392
0.85 0.725 13392
0.85 0.725 13392
0.85 0.725 13392
0.85 0.725 13392
0.85 0.725 13392
0.85 0.725 13392
0.85 0.725 13392
0.85 0.725 13392
0.85 0.725 13392
0.85 0.725 13392
0.85 0.725 13392
0.85 0.725 13392
0.85 0.725 13392
0.85 0.725 13392
0.85 0.725 13392
0.85 0.725 13392
0.85 0.725 13392
0.85 0.725 13392
0.85 0.725 13392
0.85 0.725 13392
0.85 0.725 13392
0.85 0.725 13392
0.85 0.725 13392
0.85 0.725 13392
0.85 0.725 13392
0.85 0.725 13392
0.85 0.725 13392
0.85 0.725 13392
0.85 0.725 13392
0.85 0.725 13392
0.85 0.725 13392
0.85 0.725 13392
0.85 0.725 13392
0.85 0.725 13392
0.85 0.725 13392
0.85 0.725 13392
0.85 0.725 13392
0.85 0.725 13392
0.85 0.725 13392
0.85 0.725 13392
0.85 0.725 13392
0.85 0.725 13392
0.85 0.725 13392
0.85 0.725 13392
0.85 0.725 13392
0.85 0.725 13392
0.85 0.725 13392
0.85 0.725 13392
0.85 0.725 13392
0.85 0.725 13392
0.85 0.725 13392
0.85 0.725 13392
0.85 0.725 13392
0.85 0.725 13392
0.85 0.725 13392
0.85 0.725 13392
0.85 0.725 13392
0.85 0.725 13392
0.85 0.725 13392
0.85 0.725 13392
0.85 0.725 13392
0.85 0.725 13392
0.85 0.725 13392
0.85 0.725 13392
0.85 0.725 13392
0.85 0.725 13392
0.85 0.725 13392
0.85 0.725 13392
0.85 0.725 13392
0.85 0.725 13392
0.85 0.725 13392
0.85 0.725 13392
0.85 0.725 13392
0.85 0.725 13392
0.85 0.725 13392
0.85 0.725 13392
0.85 0.725 13392
0.85 0.725 13392
0.85 0.725 13392
0.85 0.725 13392
0.85 0.725 13392
0.85 0.725 13392
0.85 0.725 13392
0.85 0.725 13392
0.85 0.725 13392
0.85 0.725 13392
0.85 0.725 13392
0.85 0.725 13392
0.85 0.725 13392
0.85 0.725 13392
0.85 0.725 13392
0.85 0.725 13392
0.85 0.725 13392
0.85 0.725 13392
0.85 0.725 13392
0.85 0.725 13392
0.85 0.725 13392
0.85 0.725 13392
0.85 0.725 13392
0.85 0.725 13392
0.85 0.725 13392
0.85 0.725 13392
0.85 0.725 13392
0.85 0.725 13392
0.85 0.725 13392
0.85 0.725 13392
0.85 0.725 13392
0.85 0.725 13392
0.85 0.725 13392
0.85 0.725 13392
0.85 0.725 13392
0.85 0.725 13392
0.85 0.725 13392
0.85 0.725 13392
0.85 0.725 13392
0.85 0.725 13392
0.85 0.725 13392
0.85 0.725 13392
0.85 0.725 13392
0.85 0.725 13392
0.85 0.725 13392
0.85 0.725 13392
0.85 0.725 13392
0.85 0.725 13392
0.85 0.725 13392
0.85 0.725 13392
0.85 0.725 13392
0.85 0.725 13392
0.85 0.725 13392
0.85 0.725 13392
0.85 0.725 13392
0.85 0.725 13392
0.85 0.725 13392
0.85 0.725 13392
0.85 0.725 13392
0.85 0.725 13392
0.85 0.725 13392
0.85 0.725 13392
0.85 0.725 13392
0.85 0.725 13392
0.85 0.725 13392
0.85 0.725 13392
0.85 0.725 13392
0.85 0.725 13392
0.85 0.725 13392
0.85 0.725 13392
0.85 0.725 13392
0.85 0.725 13392
0.85 0.725 13392
0.85 0.725 13392
0.85 0.725 13392
0.85 0.725 13392
0.85 0.725 13392
0.85 0.725 13392
0.85 0.725 13392
0.85 0.725 13392
0.85 0.725 13392
0.85 0.725 13392
0.85 0.725 13392
0.85 0.725 13392
0.85 0.725 13392
0.85 0.725 13392
0.85 0.725 13392
0.85 0.725 13392
0.85 0.725 13392
0.85 0.725 13392
0.85 0.725 13392
0.85 0.725 13392
0.85 0.725 13392
0.85 0.725 13392
0.85 0.725 13392
0.85 0.725 13392
0.85 0.725 13392
0.85 0.725 13392
0.85 0.725 13392
0.85 0.725 13392
0.85 0.725 13392
0.85 0.725 13392
0.85 0.725 13392
0.85 0.725 13392
0.85 0.725 13392
0.85 0.725 13392
0.85 0.725 13392
0.85 0.725 13392
0.85 0.725 13392
0.85 0.725 13392
0.85 0.725 13392
0.85 0.725 13392
0.85 0.725 13392
0.85 0.725 13392
0.85 0.725 13392
0.85 0.725 13392
0.85 0.725 13392
0.85 0.725 13392
0.85 0.725 13392
0.85 0.725 13392
0.85 0.725 13392
0.85 0.725 13392
0.85 0.725 13392
0.85 0.725 13392
0.85 0.725 13392
0.85 0.725 13392
0.85 0.725 13392
0.85 0.725 13392
0.85 0.725 13392
0.85 0.725 13392
0.85 0.725 13392
0.85 0.725 13392
0.85 0.725 13392
0.85 0.725 13392
0.85 0.725 13392
0.85 0.725 13392
0.85 0.725 13392
0.85 0.725 13392
0.85 0.725 13392
0.85 0.725 13392
0.85 0.725 13392
0.85 0.725 13392
0.85 0.725 13392
0.85 0.73125 13392
0.85 0.73125 13392
0.85 0.73125 13392
0.85 0.73125 13392
0.85 0.73125 13392
0.85 0.73125 13392
0.85 0.73125 13392
0.85 0.73125 13392
0.85 0.73125 13392
0.85 0.73125 13392
0.85 0.73125 13392
0.85 0.73125 13392
0.85 0.73125 13392
0.85 0.73125 13392
0.85 0.73125 13392
0.85 0.73125 13392
0.85 0.73125 13392
0.85 0.73125 13392
0.85 0.73125 13392
0.85 0.73125 13392
0.85 0.73125 13392
0.85 0.73125 13392
0.85 0.73125 13392
0.85 0.734375 13392
0.85 0.7375 13392
0.85 0.7375 13392
0.85 0.7375 13392
0.85 0.7375 13392
0.85 0.7375 13392
0.85 0.7375 13392
0.85 0.7375 13392
0.85 0.7375 13392
0.85 0.7375 13392
0.85 0.7375 13392
0.85 0.7375 13392
0.85 0.7375 13392
0.85 0.7375 13392
0.85 0.7375 13392
0.85 0.7375 13392
0.85 0.7375 13392
0.85 0.7375 13392
0.85 0.7375 13392
0.85 0.7375 13392
0.85 0.7375 13392
0.85 0.7375 13392
0.85 0.7375 13392
0.85 0.7375 13392
0.85 0.7375 13392
0.85 0.7375 13392
0.85 0.7375 13392
0.85 0.7375 13392
0.85 0.7375 13392
0.85 0.7375 13392
0.85 0.7375 13392
0.85 0.7375 13392
0.85 0.7375 13392
0.85 0.7375 13392
0.85 0.7375 13392
0.85 0.7375 13392
0.85 0.7375 13392
0.85 0.7375 13392
0.85 0.7375 13392
0.85 0.7375 13392
0.85 0.7375 13392
0.85 0.7375 13392
0.85 0.7375 13392
0.85 0.7375 13392
0.85 0.7375 13392
0.85 0.7375 13392
0.85 0.7375 13392
0.85 0.7375 13392
0.85 0.7375 13392
0.85 0.7375 13392
0.85 0.7375 13392
0.85 0.7375 13392
0.85 0.7375 13392
0.85 0.7375 13392
0.85 0.7375 13392
0.85 0.7375 13392
0.85 0.7375 13392
0.85 0.7375 13392
0.85 0.7375 13392
0.85 0.7375 13392
0.85 0.7375 13392
0.85 0.7375 13392
0.85 0.7375 13392
0.85 0.7375 13392
0.85 0.7375 13392
0.85 0.7375 13392
0.85 0.7375 13392
0.85 0.7375 13392
0.85 0.7375 13392
0.85 0.7375 13392
0.85 0.7375 13392
0.85 0.7375 13392
0.85 0.7375 13392
0.85 0.7375 13392
0.85 0.7375 13392
0.85 0.7375 13392
0.85 0.7375 13392
0.85 0.7375 13392
0.85 0.7375 13392
0.85 0.7375 13392
0.85 0.7375 13392
0.85 0.7375 13392
0.85 0.7375 13392
0.85 0.7375 13392
0.85 0.7375 13392
0.85 0.7375 13392
0.85 0.7375 13392
0.85 0.7375 13392
0.85 0.7375 13392
0.85 0.7375 13392
0.85 0.7375 13392
0.85 0.7375 13392
0.85 0.7375 13392
0.85 0.7375 13392
0.85 0.7375 13392
0.85 0.7375 13392
0.85 0.7375 13392
0.85 0.7375 13392
0.85 0.7375 13392
0.85 0.7375 13392
0.85 0.7375 13392
0.85 0.74375 13392
0.85 0.74375 13392
0.85 0.74375 13392
0.85 0.74375 13392
0.85 0.74375 13392
0.85 0.74375 13392
0.85 0.74375 13392
0.85 0.74375 13392
0.85 0.74375 13392
0.85 0.74375 13392
0.85 0.74375 13392
0.85 0.74375 13392
0.85 0.74375 13392
0.85 0.74375 13392
0.85 0.74375 13392
0.85 0.74375 13392
0.85 0.74375 13392
0.85 0.74375 13392
0.85 0.74375 13392
0.85 0.74375 13392
0.85 0.74375 13392
0.85 0.74375 13392
0.85 0.74375 13392
0.85 0.74375 13392
0.85 0.74375 13392
0.85 0.74375 13392
0.85 0.74375 13392
0.85 0.74375 13392
0.85 0.74375 13392
0.85 0.74375 13392
0.85 0.74375 13392
0.85 0.74375 13392
0.85 0.74375 13392
0.85 0.74375 13392
0.85 0.74375 13392
0.85 0.74375 13392
0.85 0.74375 13392
0.85 0.74375 13392
0.85 0.74375 13392
0.85 0.74375 13392
0.85 0.74375 13392
0.85 0.74375 13392
0.85 0.74375 13392
0.85 0.74375 13392
0.85 0.74375 13392
0.85 0.74375 13392
0.85 0.74375 13392
0.85 0.74375 13392
0.85 0.74375 13392
0.85 0.74375 13392
0.85 0.74375 13392
0.85 0.74375 13392
0.85 0.74375 13392
0.85 0.74375 13392
0.85 0.74375 13392
0.85 0.74375 13392
0.85 0.74375 13392
0.85 0.74375 13392
0.85 0.74375 13392
0.85 0.74375 13392
0.85 0.74375 13392
0.85 0.74375 13392
0.85 0.74375 13392
0.85 0.74375 13392
0.85 0.74375 13392
0.85 0.74375 13392
0.85 0.74375 13392
0.85 0.74375 13392
0.85 0.74375 13392
0.85 0.74375 13392
0.85 0.74375 13392
0.85 0.74375 13392
0.85 0.74375 13392
0.85 0.74375 13392
0.85 0.74375 13392
0.85 0.74375 13392
0.85 0.74375 13392
0.85 0.74375 13392
0.85 0.74375 13392
0.85 0.74375 13392
0.85 0.74375 13392
0.85 0.74375 13392
0.85 0.74375 13392
0.85 0.74375 13392
0.85 0.74375 13392
0.85 0.74375 13392
0.85 0.74375 13392
0.85 0.74375 13392
0.85 0.74375 13392
0.85 0.74375 13392
0.85 0.74375 13392
0.85 0.74375 13392
0.85 0.74375 13392
0.85 0.74375 13392
0.85 0.74375 13392
0.85 0.74375 13392
0.85 0.74375 13392
0.85 0.74375 13392
0.85 0.74375 13392
0.85 0.74375 13392
0.85 0.74375 13392
0.85 0.74375 13392
0.85 0.74375 13392
0.85 0.74375 13392
0.85 0.74375 13392
0.85 0.74375 13392
0.85 0.74375 13392
0.85 0.74375 13392
0.85 0.74375 13392
0.85 0.74375 13392
0.85 0.74375 13392
0.85 0.74375 13392
0.85 0.74375 13392
0.85 0.74375 13392
0.85 0.74375 13392
0.85 0.74375 13392
0.85 0.74375 13392
0.85 0.74375 13392
0.85 0.74375 13392
0.85 0.74375 13392
0.85 0.74375 13392
0.85 0.74375 13392
0.85 0.74375 13392
0.85 0.74375 13392
0.85 0.74375 13392
0.85 0.74375 13392
0.85 0.74375 13392
0.85 0.74375 13392
0.85 0.74375 13392
0.85 0.74375 13392
0.85 0.74375 13392
0.85 0.74375 13392
0.85 0.74375 13392
0.85 0.74375 13392
0.85 0.74375 13392
0.85 0.74375 13392
0.85 0.74375 13392
0.85 0.74375 13392
0.85 0.74375 13392
0.85 0.74375 13392
0.85 0.74375 13392
0.85 0.74375 13392
0.85 0.74375 13392
0.85 0.74375 13392
0.85 0.74375 13392
0.85 0.74375 13392
0.85 0.74375 13392
0.85 0.74375 13392
0.85 0.74375 13392
0.85 0.74375 13392
0.85 0.74375 13392
0.85 0.74375 13392
0.85 0.74375 13392
0.85 0.74375 13392
0.85 0.74375 13392
0.85 0.74375 13392
0.85 0.74375 13392
0.85 0.74375 13392
0.85 0.74375 13392
0.85 0.74375 13392
0.85 0.74375 13392
0.85 0.74375 13392
0.85 0.74375 13392
0.85 0.74375 13392
0.85 0.74375 13392
0.85 0.74375 13392
0.85 0.74375 13392
0.85 0.74375 13392
0.85 0.74375 13392
0.85 0.74375 13392
0.85 0.74375 13392
0.85 0.74375 13392
0.85 0.74375 13392
0.85 0.74375 13392
0.85 0.74375 13392
0.85 0.74375 13392
0.85 0.74375 13392
0.85 0.74375 13392
0.85 0.74375 13392
0.85 0.74375 13392
0.85 0.74375 13392
0.85 0.74375 13392
0.85 0.74375 13392
0.85 0.74375 13392
0.85 0.74375 13392
0.85 0.74375 13392
0.85 0.74375 13392
0.85 0.74375 13392
0.85 0.74375 13392
0.85 0.74375 13392
0.85 0.74375 13392
0.85 0.74375 13392
0.85 0.74375 13392
0.85 0.74375 13392
0.85 0.74375 13392
0.85 0.740625 13392
0.85 0.7375 13392
0.85 0.7375 13392
0.85 0.7375 13392
0.85 0.7375 13392
0.85 0.7375 13392
0.85 0.7375 13392
0.85 0.7375 13392
0.85 0.7375 13392
0.85 0.7375 13392
0.85 0.7375 13392
0.85 0.7375 13392
0.85 0.7375 13392
0.85 0.7375 13392
0.85 0.7375 13392
0.85 0.7375 13392
0.85 0.7375 13392
0.85 0.7375 13392
0.85 0.7375 13392
0.85 0.7375 13392
0.85 0.7375 13392
0.85 0.7375 13392
0.85 0.7375 13392
0.85 0.7375 13392
0.85 0.7375 13392
0.85 0.734375 13392
0.85 0.73125 13392
0.85 0.73125 13392
0.85 0.73125 13392
0.85 0.73125 13392
0.85 0.73125 13392
0.85 0.73125 13392
0.85 0.73125 13392
0.85 0.73125 13392
0.85 0.73125 13392
0.85 0.73125 13392
0.85 0.73125 13392
0.85 0.73125 13392
0.85 0.73125 13392
0.85 0.73125 13392
0.85 0.73125 13392
0.85 0.73125 13392
0.85 0.73125 13392
0.85 0.73125 13392
0.85 0.73125 13392
0.85 0.73125 13392
0.85 0.73125 13392
0.85 0.73125 13392
0.85 0.73125 13392
0.85 0.73125 13392
0.85 0.73125 13392
0.85 0.73125 13392
0.85 0.73125 13392
0.85 0.73125 13392
0.85 0.73125 13392
0.85 0.73125 13392
0.85 0.73125 13392
0.85 0.73125 13392
0.85 0.73125 13392
0.85 0.73125 13392
0.85 0.73125 13392
0.85 0.73125 13392
0.85 0.73125 13392
0.85 0.73125 13392
0.85 0.73125 13392
0.85 0.73125 13392
0.85 0.73125 13392
0.85 0.73125 13392
0.85 0.73125 13392
0.85 0.73125 13392
0.85 0.73125 13392
0.85 0.73125 13392
0.85 0.73125 13392
0.85 0.73125 13392
0.85 0.73125 13392
0.85 0.73125 13392
0.85 0.73125 13392
0.85 0.73125 13392
0.85 0.73125 13392
0.85 0.73125 13392
0.85 0.73125 13392
0.85 0.73125 13392
0.85 0.73125 13392
0.85 0.73125 13392
0.85 0.73125 13392
0.85 0.73125 13392
0.85 0.73125 13392
0.85 0.73125 13392
0.85 0.73125 13392
0.85 0.73125 13392
0.85 0.73125 13392
0.85 0.73125 13392
0.85 0.73125 13392
0.85 0.73125 13392
0.85 0.73125 13392
0.85 0.73125 13392
0.85 0.73125 13392
0.85 0.73125 13392
0.85 0.73125 13392
0.85 0.73125 13392
0.85 0.73125 13392
0.85 0.73125 13392
0.85 0.73125 13392
0.85 0.73125 13392
0.85 0.73125 13392
0.85 0.73125 13392
0.85 0.73125 13392
0.85 0.73125 13392
0.85 0.73125 13392
0.85 0.73125 13392
0.85 0.73125 13392
0.85 0.73125 13392
0.85 0.73125 13392
0.85 0.73125 13392
0.85 0.73125 13392
0.85 0.73125 13392
0.85 0.73125 13392
0.85 0.73125 13392
0.85 0.73125 13392
0.85 0.73125 13392
0.85 0.73125 13392
0.85 0.73125 13392
0.85 0.73125 13392
0.85 0.73125 13392
0.85 0.73125 13392
0.85 0.73125 13392
0.85 0.73125 13392
0.85 0.73125 13392
0.85 0.73125 13392
0.85 0.73125 13392
0.85 0.73125 13392
0.85 0.73125 13392
0.85 0.73125 13392
0.85 0.73125 13392
0.85 0.73125 13392
0.85 0.73125 13392
0.85 0.73125 13392
0.85 0.73125 13392
0.85 0.73125 13392
0.85 0.73125 13392
0.85 0.73125 13392
0.85 0.73125 13392
0.85 0.73125 13392
0.85 0.73125 13392
0.85 0.73125 13392
0.85 0.73125 13392
0.85 0.73125 13392
0.85 0.73125 13392
0.85 0.73125 13392
0.85 0.73125 13392
0.85 0.73125 13392
0.85 0.73125 13392
0.85 0.73125 13392
0.85 0.73125 13392
0.85 0.73125 13392
0.85 0.73125 13392
0.85 0.73125 13392
0.85 0.73125 13392
0.85 0.73125 13392
0.85 0.73125 13392
0.85 0.73125 13392
0.85 0.73125 13392
0.85 0.73125 13392
0.85 0.73125 13392
0.85 0.73125 13392
0.85 0.73125 13392
0.85 0.73125 13392
0.85 0.73125 13392
0.85 0.73125 13392
0.85 0.73125 13392
0.85 0.73125 13392
0.85 0.73125 13392
0.85 0.73125 13392
0.85 0.73125 13392
0.85 0.73125 13392
0.85 0.73125 13392
0.85 0.73125 13392
0.85 0.73125 13392
0.85 0.73125 13392
0.85 0.73125 13392
0.85 0.73125 13392
0.85 0.73125 13392
0.85 0.73125 13392
0.85 0.734375 13392
0.85 0.7375 13392
0.85 0.7375 13392
0.85 0.7375 13392
0.85 0.7375 13392
0.85 0.7375 13392
0.85 0.7375 13392
0.85 0.7375 13392
0.85 0.7375 13392
0.85 0.7375 13392
0.85 0.7375 13392
0.85 0.7375 13392
0.85 0.7375 13392
0.85 0.7375 13392
0.85 0.7375 13392
0.85 0.7375 13392
0.85 0.7375 13392
0.85 0.7375 13392
0.85 0.7375 13392
0.85 0.7375 13392
0.85 0.7375 13392
0.85 0.7375 13392
0.85 0.7375 13392
0.85 0.7375 13392
0.85 0.7375 13392
0.85 0.7375 13392
0.85 0.7375 13392
0.85 0.7375 13392
0.85 0.7375 13392
0.85 0.7375 13392
0.85 0.7375 13392
0.85 0.7375 13392
0.85 0.7375 13392
0.85 0.7375 13392
0.85 0.7375 13392
0.85 0.7375 13392
0.85 0.7375 13392
0.85 0.7375 13392
0.85 0.7375 13392
0.85 0.7375 13392
0.85 0.7375 13392
0.85 0.7375 13392
0.85 0.7375 13392
0.85 0.7375 13392
0.85 0.7375 13392
0.85 0.7375 13392
0.85 0.7375 13392
0.85 0.7375 13392
0.85 0.7375 13392
0.85 0.7375 13392
0.85 0.7375 13392
0.85 0.7375 13392
0.85 0.7375 13392
0.85 0.7375 13392
0.85 0.7375 13392
0.85 0.7375 13392
0.85 0.7375 13392
0.85 0.7375 13392
0.85 0.7375 13392
0.85 0.7375 13392
0.85 0.7375 13392
0.85 0.7375 13392
0.85 0.7375 13392
0.85 0.7375 13392
0.85 0.7375 13392
0.85 0.7375 13392
0.85 0.7375 13392
0.85 0.7375 13392
0.85 0.7375 13392
0.85 0.7375 13392
0.85 0.7375 13392
0.85 0.7375 13392
0.85 0.7375 13392
0.85 0.7375 13392
0.85 0.7375 13392
0.85 0.7375 13392
0.85 0.7375 13392
0.85 0.7375 13392
0.85 0.7375 13392
0.85 0.7375 13392
0.85 0.7375 13392
0.85 0.7375 13392
0.85 0.7375 13392
0.85 0.7375 13392
0.85 0.7375 13392
0.85 0.7375 13392
0.85 0.7375 13392
0.85 0.7375 13392
0.85 0.7375 13392
0.85 0.7375 13392
0.85 0.7375 13392
0.85 0.74375 13392
0.85 0.74375 13392
0.85 0.74375 13392
0.85 0.74375 13392
0.85 0.74375 13392
0.85 0.74375 13392
0.85 0.74375 13392
0.85 0.74375 13392
0.85 0.74375 13392
0.85 0.74375 13392
0.85 0.74375 13392
0.85 0.74375 13392
0.85 0.74375 13392
0.85 0.74375 13392
0.85 0.74375 13392
0.85 0.74375 13392
0.85 0.74375 13392
0.85 0.74375 13392
0.85 0.74375 13392
0.85 0.74375 13392
0.85 0.74375 13392
0.85 0.74375 13392
0.85 0.74375 13392
0.85 0.74375 13392
0.85 0.74375 13392
0.85 0.74375 13392
0.85 0.74375 13392
0.85 0.74375 13392
0.85 0.74375 13392
0.85 0.74375 13392
0.85 0.74375 13392
0.85 0.74375 13392
0.85 0.74375 13392
0.85 0.74375 13392
0.85 0.74375 13392
0.85 0.74375 13392
0.85 0.74375 13392
0.85 0.74375 13392
0.85 0.74375 13392
0.85 0.74375 13392
0.85 0.74375 13392
0.85 0.74375 13392
0.85 0.74375 13392
0.85 0.74375 13392
0.85 0.74375 13392
0.85 0.74375 13392
0.85 0.74375 13392
0.85 0.74375 13392
0.85 0.74375 13392
0.85 0.74375 13392
0.85 0.74375 13392
0.85 0.74375 13392
0.85 0.746875 13392
0.85 0.75 13392
0.85 0.75 13392
0.85 0.75 13392
0.85 0.75 13392
0.85 0.75 13392
0.85 0.75 13392
0.85 0.75 13392
0.85 0.75 13392
0.85 0.75 13392
0.85 0.75 13392
0.85 0.75 13392
0.85 0.75 13392
0.85 0.75 13392
0.85 0.75 13392
0.85 0.75 13392
0.85 0.75 13392
0.85 0.75 13392
0.85 0.75 13392
0.85 0.75 13392
0.85 0.75 13392
0.85 0.75 13392
0.85 0.75 13392
0.85 0.75 13392
0.85 0.75 13392
0.85 0.75 13392
0.85 0.75 13392
0.85 0.75 13392
0.85 0.75 13392
0.85 0.75 13392
0.85 0.75 13392
0.85 0.75 13392
0.85 0.75 13392
0.85 0.75 13392
0.85 0.75 13392
0.85 0.75 13392
0.85 0.75 13392
0.85 0.75 13392
0.85 0.75 13392
0.85 0.75 13392
0.85 0.75 13392
0.85 0.75 13392
0.85 0.75 13392
0.85 0.75 13392
0.85 0.75 13392
0.85 0.75 13392
0.85 0.75 13392
0.85 0.75 13392
0.85 0.75 13392
0.85 0.75 13392
0.85 0.75 13392
0.85 0.75 13392
0.85 0.75 13392
0.85 0.75 13392
0.85 0.75 13392
0.85 0.75 13392
0.85 0.75 13392
0.85 0.75 13392
0.85 0.75 13392
0.85 0.75 13392
0.85 0.75 13392
0.85 0.75 13392
0.85 0.75 13392
0.85 0.75 13392
0.85 0.75 13392
0.85 0.75 13392
0.85 0.75 13392
0.85 0.75 13392
0.85 0.75 13392
0.85 0.75 13392
0.85 0.75 13392
0.85 0.75 13392
0.85 0.75 13392
0.85 0.75 13392
0.85 0.75 13392
0.85 0.75 13392
0.85 0.75 13392
0.85 0.75 13392
0.85 0.75 13392
0.85 0.75 13392
0.85 0.75 13392
0.85 0.75 13392
0.85 0.75 13392
0.85 0.75 13392
0.85 0.75 13392
0.85 0.75 13392
0.85 0.75 13392
0.85 0.75 13392
0.85 0.75 13392
0.85 0.75 13392
0.85 0.75 13392
0.85 0.75 13392
0.85 0.75 13392
0.85 0.75 13392
0.85 0.75 13392
0.85 0.75 13392
0.85 0.75 13392
0.85 0.75 13392
0.85 0.75 13392
0.85 0.75 13392
0.85 0.75 13392
0.85 0.75 13392
0.85 0.75 13392
0.85 0.75 13392
0.85 0.75 13392
0.85 0.75 13392
0.85 0.75 13392
0.85 0.75 13392
0.85 0.75 13392
0.85 0.75 13392
0.85 0.75 13392
0.85 0.75 13392
0.85 0.75 13392
0.85 0.75 13392
0.85 0.75 13392
0.85 0.75 13392
0.85 0.75 13392
0.85 0.75 13392
0.85 0.75 13392
0.85 0.75 13392
0.85 0.75 13392
0.85 0.75 13392
0.85 0.75 13392
0.85 0.75 13392
0.85 0.75 13392
0.85 0.75 13392
0.85 0.75 13392
0.85 0.75 13392
0.85 0.75 13392
0.85 0.75 13392
0.85 0.75 13392
0.85 0.75625 13392
0.85 0.75625 13392
0.85 0.75625 13392
0.85 0.75625 13392
0.85 0.75625 13392
0.85 0.75625 13392
0.85 0.75625 13392
0.85 0.75625 13392
0.85 0.75625 13392
0.85 0.75625 13392
0.85 0.75625 13392
0.85 0.75625 13392
0.85 0.75625 13392
0.85 0.75625 13392
0.85 0.75625 13392
0.85 0.75625 13392
0.85 0.75625 13392
0.85 0.75625 13392
0.85 0.75625 13392
0.85 0.75625 13392
0.85 0.75625 13392
0.85 0.75625 13392
0.85 0.75625 13392
0.85 0.75625 13392
0.85 0.75625 13392
0.85 0.75625 13392
0.85 0.75625 13392
0.85 0.75625 13392
0.85 0.75625 13392
0.85 0.75625 13392
0.85 0.75625 13392
0.85 0.75625 13392
0.85 0.75625 13392
0.85 0.75625 13392
0.85 0.75625 13392
0.85 0.75625 13392
0.85 0.75625 13392
0.85 0.75625 13392
0.85 0.75625 13392
0.85 0.75625 13392
0.85 0.75625 13392
0.85 0.75625 13392
0.85 0.75625 13392
0.85 0.75625 13392
0.85 0.75625 13392
0.85 0.75625 13392
0.85 0.75625 13392
0.85 0.75625 13392
0.85 0.75625 13392
0.85 0.75625 13392
0.85 0.75625 13392
0.85 0.75625 13392
0.85 0.75625 13392
0.85 0.75625 13392
0.85 0.75625 13392
0.85 0.75625 13392
0.85 0.75625 13392
0.85 0.75625 13392
0.85 0.75625 13392
0.85 0.75625 13392
0.85 0.75625 13392
0.85 0.75625 13392
0.85 0.75625 13392
0.85 0.75625 13392
0.85 0.75625 13392
0.85 0.75625 13392
0.85 0.75625 13392
0.85 0.75625 13392
0.85 0.75625 13392
0.85 0.75625 13392
0.85 0.75625 13392
0.85 0.75625 13392
0.85 0.75625 13392
0.85 0.75625 13392
0.85 0.75625 13392
0.85 0.75625 13392
0.85 0.75625 13392
0.85 0.75625 13392
0.85 0.75625 13392
0.85 0.75625 13392
0.85 0.75625 13392
0.85 0.75625 13392
0.85 0.75625 13392
0.85 0.75625 13392
0.85 0.75625 13392
0.85 0.75625 13392
0.85 0.75625 13392
0.85 0.75625 13392
0.85 0.75625 13392
0.85 0.75625 13392
0.85 0.75625 13392
0.85 0.75625 13392
0.85 0.75625 13392
0.85 0.75625 13392
0.85 0.75625 13392
0.85 0.75625 13392
0.85 0.75625 13392
0.85 0.75625 13392
0.85 0.75625 13392
0.85 0.75625 13392
0.85 0.75625 13392
0.85 0.75625 13392
0.85 0.75625 13392
0.85 0.75625 13392
0.85 0.75625 13392
0.85 0.75625 13392
0.85 0.75625 13392
0.85 0.75625 13392
0.85 0.75625 13392
0.85 0.75625 13392
0.85 0.75625 13392
0.85 0.75625 13392
0.85 0.75625 13392
0.85 0.75625 13392
0.85 0.75625 13392
0.85 0.75625 13392
0.85 0.75625 13392
0.85 0.75625 13392
0.85 0.75625 13392
0.85 0.75625 13392
0.85 0.75625 13392
0.85 0.75625 13392
0.85 0.75625 13392
0.85 0.75625 13392
0.85 0.75625 13392
0.85 0.75625 13392
0.85 0.75625 13392
0.85 0.75625 13392
0.85 0.75625 13392
0.85 0.75625 13392
0.85 0.75625 13392
0.85 0.75625 13392
0.85 0.75625 13392
0.85 0.75625 13392
0.85 0.75625 13392
0.85 0.75625 13392
0.85 0.75625 13392
0.85 0.75625 13392
0.85 0.75625 13392
0.85 0.75625 13392
0.85 0.75625 13392
0.85 0.75625 13392
0.85 0.75625 13392
0.85 0.75625 13392
0.85 0.75625 13392
0.85 0.75625 13392
0.85 0.75625 13392
0.85 0.75625 13392
0.85 0.75625 13392
0.85 0.75625 13392
0.85 0.75625 13392
0.85 0.75625 13392
0.85 0.75625 13392
0.85 0.75625 13392
0.85 0.75625 13392
0.85 0.75625 13392
0.85 0.75625 13392
0.85 0.75625 13392
0.85 0.75625 13392
0.85 0.75625 13392
0.85 0.75625 13392
0.85 0.75625 13392
0.85 0.75625 13392
0.85 0.75625 13392
0.85 0.75625 13392
0.85 0.75625 13392
0.85 0.75625 13392
0.85 0.75625 13392
0.85 0.75625 13392
0.85 0.75625 13392
0.85 0.75625 13392
0.85 0.75625 13392
0.85 0.75625 13392
0.85 0.75625 13392
0.85 0.75625 13392
0.85 0.75625 13392
0.85 0.75625 13392
0.85 0.75625 13392
0.85 0.75625 13392
0.85 0.75625 13392
0.85 0.75625 13392
0.85 0.75625 13392
0.85 0.75625 13392
0.85 0.75625 13392
0.85 0.75625 13392
0.85 0.75625 13392
0.85 0.75625 13392
0.85 0.75625 13392
0.85 0.75625 13392
0.85 0.75625 13392
0.85 0.75625 13392
0.85 0.75625 13392
0.85 0.75625 13392
0.85 0.75625 13392
0.85 0.75625 13392
0.85 0.75625 13392
0.85 0.75625 13392
0.85 0.75625 13392
0.85 0.75625 13392
0.85 0.75625 13392
0.85 0.75625 13392
0.85 0.75625 13392
0.85 0.75625 13392
0.85 0.75625 13392
0.85 0.75625 13392
0.85 0.75625 13392
0.85 0.75625 13392
0.85 0.75625 13392
0.85 0.75625 13392
0.85 0.75625 13392
0.85 0.75625 13392
0.85 0.75625 13392
0.85 0.75625 13392
0.85 0.75625 13392
0.85 0.75625 13392
0.85 0.75625 13392
0.85 0.75625 13392
0.85 0.75625 13392
0.85 0.75625 13392
0.85 0.75625 13392
0.85 0.75625 13392
0.85 0.75625 13392
0.85 0.75625 13392
0.85 0.75625 13392
0.85 0.75625 13392
0.85 0.75625 13392
0.85 0.75625 13392
0.85 0.75625 13392
0.85 0.75625 13392
0.85 0.75625 13392
0.85 0.75625 13392
0.85 0.75625 13392
0.85 0.75625 13392
0.85 0.75625 13392
0.85 0.75625 13392
0.85 0.75625 13392
0.85 0.75625 13392
0.85 0.75625 13392
0.85 0.75625 13392
0.85 0.75625 13392
0.85 0.75625 13392
0.85 0.75625 13392
0.85 0.75625 13392
0.85 0.75625 13392
0.85 0.75625 13392
0.85 0.75625 13392
0.85 0.75625 13392
0.85 0.75625 13392
0.85 0.75625 13392
0.85 0.75625 13392
0.85 0.75625 13392
0.85 0.75625 13392
0.85 0.75625 13392
0.85 0.75625 13392
0.85 0.75625 13392
0.85 0.75625 13392
0.85 0.75625 13392
0.85 0.75625 13392
0.85 0.75625 13392
0.85 0.75625 13392
0.85 0.75625 13392
0.85 0.75625 13392
0.85 0.75625 13392
0.85 0.75625 13392
0.85 0.75625 13392
0.85 0.75625 13392
0.85 0.75625 13392
0.85 0.75625 13392
0.85 0.75625 13392
0.85 0.75625 13392
0.85 0.75625 13392
0.85 0.75625 13392
0.85 0.75625 13392
0.85 0.75625 13392
0.85 0.75625 13392
0.85 0.75625 13392
0.85 0.75625 13392
0.85 0.75625 13392
0.85 0.75625 13392
0.85 0.75625 13392
0.85 0.75625 13392
0.85 0.75625 13392
0.85 0.75625 13392
0.85 0.75625 13392
0.85 0.75625 13392
0.85 0.75625 13392
0.85 0.75625 13392
0.85 0.75625 13392
0.85 0.75625 13392
0.85 0.75625 13392
0.85 0.75625 13392
0.85 0.75625 13392
0.85 0.75625 13392
0.85 0.75625 13392
0.85 0.75625 13392
0.85 0.75625 13392
0.85 0.75625 13392
0.85 0.759375 13392
0.85 0.7625 13392
0.85 0.7625 13392
0.85 0.7625 13392
0.85 0.7625 13392
0.85 0.7625 13392
0.85 0.7625 13392
0.85 0.7625 13392
0.85 0.7625 13392
0.85 0.7625 13392
0.85 0.7625 13392
0.85 0.7625 13392
0.85 0.7625 13392
0.85 0.7625 13392
0.85 0.7625 13392
0.85 0.7625 13392
0.85 0.7625 13392
0.85 0.7625 13392
0.85 0.7625 13392
0.85 0.7625 13392
0.85 0.7625 13392
0.85 0.7625 13392
0.85 0.7625 13392
0.85 0.7625 13392
0.85 0.7625 13392
0.85 0.7625 13392
0.85 0.7625 13392
0.85 0.7625 13392
0.85 0.7625 13392
0.85 0.7625 13392
0.85 0.7625 13392
0.85 0.7625 13392
0.85 0.7625 13392
0.85 0.7625 13392
0.85 0.7625 13392
0.85 0.7625 13392
0.85 0.7625 13392
0.85 0.7625 13392
0.85 0.7625 13392
0.85 0.7625 13392
0.85 0.7625 13392
0.85 0.7625 13392
0.85 0.7625 13392
0.85 0.7625 13392
0.85 0.7625 13392
0.85 0.7625 13392
0.85 0.7625 13392
0.85 0.7625 13392
0.85 0.7625 13392
0.85 0.7625 13392
0.85 0.7625 13392
0.85 0.7625 13392
0.85 0.7625 13392
0.85 0.7625 13392
0.85 0.7625 13392
0.85 0.7625 13392
0.85 0.7625 13392
0.85 0.7625 13392
0.85 0.7625 13392
0.85 0.7625 13392
0.85 0.7625 13392
0.85 0.7625 13392
0.85 0.7625 13392
0.85 0.7625 13392
0.85 0.7625 13392
0.85 0.7625 13392
0.85 0.7625 13392
0.85 0.7625 13392
0.85 0.7625 13392
0.85 0.7625 13392
0.85 0.7625 13392
0.85 0.7625 13392
0.85 0.7625 13392
0.85 0.7625 13392
0.85 0.7625 13392
0.85 0.7625 13392
0.85 0.7625 13392
0.85 0.7625 13392
0.85 0.7625 13392
0.85 0.7625 13392
0.85 0.7625 13392
0.85 0.7625 13392
0.85 0.7625 13392
0.85 0.7625 13392
0.85 0.7625 13392
0.85 0.7625 13392
0.85 0.7625 13392
0.85 0.7625 13392
0.85 0.7625 13392
0.85 0.7625 13392
0.85 0.7625 13392
0.85 0.7625 13392
0.85 0.7625 13392
0.85 0.7625 13392
0.85 0.7625 13392
0.85 0.7625 13392
0.85 0.7625 13392
0.85 0.7625 13392
0.85 0.7625 13392
0.85 0.7625 13392
0.85 0.7625 13392
0.85 0.7625 13392
0.85 0.7625 13392
0.85 0.7625 13392
0.85 0.7625 13392
0.85 0.7625 13392
0.85 0.7625 13392
0.85 0.7625 13392
0.85 0.7625 13392
0.85 0.7625 13392
0.85 0.7625 13392
0.85 0.7625 13392
0.85 0.7625 13392
0.85 0.7625 13392
0.85 0.7625 13392
0.85 0.7625 13392
0.85 0.7625 13392
0.85 0.7625 13392
0.85 0.7625 13392
0.85 0.7625 13392
0.85 0.7625 13392
0.85 0.7625 13392
0.85 0.7625 13392
0.85 0.7625 13392
0.85 0.7625 13392
0.85 0.7625 13392
0.85 0.7625 13392
0.85 0.7625 13392
0.85 0.7625 13392
0.85 0.7625 13392
0.85 0.7625 13392
0.85 0.7625 13392
0.85 0.7625 13392
0.85 0.7625 13392
0.85 0.7625 13392
0.85 0.7625 13392
0.85 0.7625 13392
0.85 0.7625 13392
0.85 0.7625 13392
0.85 0.7625 13392
0.85 0.7625 13392
0.85 0.7625 13392
0.85 0.7625 13392
0.85 0.7625 13392
0.85 0.7625 13392
0.85 0.7625 13392
0.85 0.7625 13392
0.85 0.7625 13392
0.85 0.7625 13392
0.85 0.7625 13392
0.85 0.7625 13392
0.85 0.7625 13392
0.85 0.7625 13392
0.85 0.7625 13392
0.85 0.7625 13392
0.85 0.7625 13392
0.85 0.7625 13392
0.85 0.7625 13392
0.85 0.7625 13392
0.85 0.7625 13392
0.85 0.7625 13392
0.85 0.7625 13392
0.85 0.7625 13392
0.85 0.7625 13392
0.85 0.7625 13392
0.85 0.7625 13392
0.85 0.7625 13392
0.85 0.7625 13392
0.85 0.7625 13392
0.85 0.7625 13392
0.85 0.7625 13392
0.85 0.7625 13392
0.85 0.7625 13392
0.85 0.7625 13392
0.85 0.7625 13392
0.85 0.7625 13392
0.85 0.7625 13392
0.85 0.7625 13392
0.85 0.7625 13392
0.85 0.7625 13392
0.85 0.7625 13392
0.85 0.7625 13392
0.85 0.7625 13392
0.85 0.7625 13392
0.85 0.7625 13392
0.85 0.7625 13392
0.85 0.7625 13392
0.85 0.7625 13392
0.85 0.7625 13392
0.85 0.7625 13392
0.85 0.7625 13392
0.85 0.7625 13392
0.85 0.7625 13392
0.85 0.7625 13392
0.85 0.7625 13392
0.85 0.7625 13392
0.85 0.7625 13392
0.85 0.7625 13392
0.85 0.7625 13392
0.85 0.7625 13392
0.85 0.7625 13392
0.85 0.7625 13392
0.85 0.7625 13392
0.85 0.7625 13392
0.85 0.7625 13392
0.85 0.7625 13392
0.85 0.7625 13392
0.85 0.7625 13392
0.85 0.7625 13392
0.85 0.7625 13392
0.85 0.7625 13392
0.85 0.7625 13392
0.85 0.7625 13392
0.85 0.7625 13392
0.85 0.7625 13392
0.85 0.7625 13392
0.85 0.765625 13392
0.85 0.76875 13392
0.85 0.76875 13392
0.85 0.76875 13392
0.85 0.76875 13392
0.85 0.76875 13392
0.85 0.76875 13392
0.85 0.76875 13392
0.85 0.76875 13392
0.85 0.76875 13392
0.85 0.76875 13392
0.85 0.76875 13392
0.85 0.76875 13392
0.85 0.76875 13392
0.85 0.76875 13392
0.85 0.76875 13392
0.85 0.76875 13392
0.85 0.76875 13392
0.85 0.76875 13392
0.85 0.76875 13392
0.85 0.76875 13392
0.85 0.76875 13392
0.85 0.76875 13392
0.85 0.76875 13392
0.85 0.76875 13392
0.85 0.76875 13392
0.85 0.76875 13392
0.85 0.76875 13392
0.85 0.76875 13392
0.85 0.76875 13392
0.85 0.76875 13392
0.85 0.76875 13392
0.85 0.76875 13392
0.85 0.76875 13392
0.85 0.76875 13392
0.85 0.76875 13392
0.85 0.76875 13392
0.85 0.76875 13392
0.85 0.76875 13392
0.85 0.76875 13392
0.85 0.76875 13392
0.85 0.76875 13392
0.85 0.76875 13392
0.85 0.76875 13392
0.85 0.76875 13392
0.85 0.76875 13392
0.85 0.76875 13392
0.85 0.76875 13392
0.85 0.76875 13392
0.85 0.76875 13392
0.85 0.76875 13392
0.85 0.76875 13392
0.85 0.76875 13392
0.85 0.76875 13392
0.85 0.76875 13392
0.85 0.76875 13392
0.85 0.76875 13392
0.85 0.76875 13392
0.85 0.76875 13392
0.85 0.76875 13392
0.85 0.76875 13392
0.85 0.76875 13392
0.85 0.76875 13392
0.85 0.76875 13392
0.85 0.76875 13392
0.85 0.76875 13392
0.85 0.76875 13392
0.85 0.76875 13392
0.85 0.76875 13392
0.85 0.76875 13392
0.85 0.76875 13392
0.85 0.76875 13392
0.85 0.76875 13392
0.85 0.76875 13392
0.85 0.76875 13392
0.85 0.76875 13392
0.85 0.76875 13392
0.85 0.76875 13392
0.85 0.76875 13392
0.85 0.76875 13392
0.85 0.76875 13392
0.85 0.76875 13392
0.85 0.76875 13392
0.85 0.76875 13392
0.85 0.76875 13392
0.85 0.76875 13392
0.85 0.76875 13392
0.85 0.76875 13392
0.85 0.76875 13392
0.85 0.76875 13392
0.85 0.76875 13392
0.85 0.76875 13392
0.85 0.76875 13392
0.85 0.76875 13392
0.85 0.76875 13392
0.85 0.76875 13392
0.85 0.76875 13392
0.85 0.76875 13392
0.85 0.76875 13392
0.85 0.76875 13392
0.85 0.76875 13392
0.85 0.76875 13392
0.85 0.76875 13392
0.85 0.76875 13392
0.85 0.76875 13392
0.85 0.76875 13392
0.85 0.76875 13392
0.85 0.76875 13392
0.85 0.76875 13392
0.85 0.76875 13392
0.85 0.76875 13392
0.85 0.76875 13392
0.85 0.76875 13392
0.85 0.76875 13392
0.85 0.76875 13392
0.85 0.76875 13392
0.85 0.76875 13392
0.85 0.76875 13392
0.85 0.76875 13392
0.85 0.76875 13392
0.85 0.76875 13392
0.85 0.76875 13392
0.85 0.76875 13392
0.85 0.76875 13392
0.85 0.76875 13392
0.85 0.76875 13392
0.85 0.76875 13392
0.85 0.76875 13392
0.85 0.76875 13392
0.85 0.76875 13392
0.85 0.76875 13392
0.85 0.76875 13392
0.85 0.76875 13392
0.85 0.76875 13392
0.85 0.76875 13392
0.85 0.76875 13392
0.85 0.76875 13392
0.85 0.76875 13392
0.85 0.76875 13392
0.85 0.76875 13392
0.85 0.76875 13392
0.85 0.76875 13392
0.85 0.76875 13392
0.85 0.76875 13392
0.85 0.76875 13392
0.85 0.76875 13392
0.85 0.76875 13392
0.85 0.76875 13392
0.85 0.76875 13392
0.85 0.76875 13392
0.85 0.76875 13392
0.85 0.76875 13392
0.85 0.76875 13392
0.85 0.76875 13392
0.85 0.76875 13392
0.85 0.76875 13392
0.85 0.76875 13392
0.85 0.76875 13392
0.85 0.76875 13392
0.85 0.76875 13392
0.85 0.76875 13392
0.85 0.76875 13392
0.85 0.76875 13392
0.85 0.76875 13392
0.85 0.76875 13392
0.85 0.76875 13392
0.85 0.76875 13392
0.85 0.76875 13392
0.85 0.76875 13392
0.85 0.76875 13392
0.85 0.76875 13392
0.85 0.76875 13392
0.85 0.76875 13392
0.85 0.76875 13392
0.85 0.76875 13392
0.85 0.76875 13392
0.85 0.76875 13392
0.85 0.76875 13392
0.85 0.76875 13392
0.85 0.76875 13392
0.85 0.775 13392
0.85 0.775 13392
0.85 0.775 13392
0.85 0.775 13392
0.85 0.775 13392
0.85 0.775 13392
0.85 0.775 13392
0.85 0.775 13392
0.85 0.775 13392
0.85 0.775 13392
0.85 0.775 13392
0.85 0.775 13392
0.85 0.775 13392
0.85 0.775 13392
0.85 0.775 13392
0.85 0.775 13392
0.85 0.775 13392
0.85 0.775 13392
0.85 0.775 13392
0.85 0.775 13392
0.85 0.78125 13392
0.85 0.78125 13392
0.85 0.78125 13392
0.85 0.78125 13392
0.85 0.7875 13392
0.85 0.7875 13392
0.85 0.7875 13392
0.85 0.7875 13392
0.85 0.7875 13392
0.85 0.7875 13392
0.85 0.7875 13392
0.85 0.7875 13392
0.85 0.7875 13392
0.85 0.7875 13392
0.85 0.7875 13392
0.85 0.7875 13392
0.85 0.7875 13392
0.85 0.7875 13392
0.85 0.7875 13392
0.85 0.7875 13392
0.85 0.7875 13392
0.85 0.7875 13392
0.85 0.7875 13392
0.85 0.7875 13392
0.85 0.7875 13392
0.85 0.7875 13392
0.85 0.7875 13392
0.85 0.7875 13392
0.85 0.7875 13392
0.85 0.7875 13392
0.85 0.7875 13392
0.85 0.7875 13392
0.85 0.7875 13392
0.85 0.7875 13392
0.85 0.7875 13392
0.85 0.7875 13392
0.85 0.7875 13392
0.85 0.7875 13392
0.85 0.7875 13392
0.85 0.7875 13392
0.85 0.7875 13392
0.85 0.7875 13392
0.85 0.7875 13392
0.85 0.7875 13392
0.85 0.7875 13392
0.85 0.7875 13392
0.85 0.7875 13392
0.85 0.7875 13392
0.85 0.7875 13392
0.85 0.7875 13392
0.85 0.7875 13392
0.85 0.7875 13392
0.85 0.7875 13392
0.85 0.7875 13392
0.85 0.7875 13392
0.85 0.7875 13392
0.85 0.7875 13392
0.85 0.7875 13392
0.85 0.7875 13392
0.85 0.7875 13392
0.85 0.7875 13392
0.85 0.7875 13392
0.85 0.7875 13392
0.85 0.7875 13392
0.85 0.7875 13392
0.85 0.7875 13392
0.85 0.7875 13392
0.85 0.7875 13392
0.85 0.7875 13392
0.85 0.7875 13392
0.85 0.7875 13392
0.85 0.7875 13392
0.85 0.7875 13392
0.85 0.7875 13392
0.85 0.7875 13392
0.85 0.7875 13392
0.85 0.7875 13392
0.85 0.7875 13392
0.85 0.7875 13392
0.85 0.7875 13392
0.85 0.7875 13392
0.85 0.7875 13392
0.85 0.7875 13392
0.85 0.7875 13392
0.85 0.7875 13392
0.85 0.7875 13392
0.85 0.7875 13392
0.85 0.7875 13392
0.85 0.7875 13392
0.85 0.7875 13392
0.85 0.7875 13392
0.85 0.7875 13392
0.85 0.7875 13392
0.85 0.7875 13392
0.85 0.7875 13392
0.85 0.7875 13392
0.85 0.7875 13392
0.85 0.7875 13392
0.85 0.7875 13392
0.85 0.7875 13392
0.85 0.7875 13392
0.85 0.7875 13392
0.85 0.7875 13392
0.85 0.7875 13392
0.85 0.7875 13392
0.85 0.7875 13392
0.85 0.7875 13392
0.85 0.7875 13392
0.85 0.7875 13392
0.85 0.7875 13392
0.85 0.7875 13392
0.85 0.7875 13392
0.85 0.7875 13392
0.85 0.7875 13392
0.85 0.7875 13392
0.85 0.7875 13392
0.85 0.7875 13392
0.85 0.7875 13392
0.85 0.7875 13392
0.85 0.7875 13392
0.85 0.7875 13392
0.85 0.7875 13392
0.85 0.7875 13392
0.85 0.7875 13392
0.85 0.7875 13392
0.85 0.7875 13392
0.85 0.7875 13392
0.85 0.7875 13392
0.85 0.7875 13392
0.85 0.7875 13392
0.85 0.7875 13392
0.85 0.7875 13392
0.85 0.7875 13392
0.85 0.7875 13392
0.85 0.7875 13392
0.85 0.7875 13392
0.85 0.7875 13392
0.85 0.7875 13392
0.85 0.7875 13392
0.85 0.7875 13392
0.85 0.7875 13392
0.85 0.7875 13392
0.85 0.7875 13392
0.85 0.7875 13392
0.85 0.7875 13392
0.85 0.7875 13392
0.85 0.7875 13392
0.85 0.7875 13392
0.85 0.7875 13392
0.85 0.7875 13392
0.85 0.7875 13392
0.85 0.7875 13392
0.85 0.7875 13392
0.85 0.7875 13392
0.85 0.7875 13392
0.85 0.7875 13392
0.85 0.7875 13392
0.85 0.7875 13392
0.85 0.7875 13392
0.85 0.7875 13392
0.85 0.7875 13392
0.85 0.7875 13392
0.85 0.7875 13392
0.85 0.7875 13392
0.85 0.7875 13392
0.85 0.7875 13392
0.85 0.7875 13392
0.85 0.78125 13392
0.85 0.78125 13392
0.85 0.78125 13392
0.85 0.78125 13392
0.85 0.78125 13392
0.85 0.78125 13392
0.85 0.78125 13392
0.85 0.78125 13392
0.85 0.78125 13392
0.85 0.78125 13392
0.85 0.78125 13392
0.85 0.78125 13392
0.85 0.78125 13392
0.85 0.78125 13392
0.85 0.78125 13392
0.85 0.778125 13392
0.85 0.775 13392
0.85 0.775 13392
0.85 0.775 13392
0.85 0.775 13392
