0.834375 0.796875 596
0.771875 0.746875 1102
0.740625 0.721875 1564
0.778125 0.75625 1720
0.7625 0.753125 1876
0.75 0.74375 2008
0.75625 0.740625 2140
0.753125 0.740625 2272
0.753125 0.73125 2404
0.74375 0.728125 2536
0.734375 0.721875 2668
0.734375 0.7375 2778
0.74375 0.74375 2888
0.7375 0.73125 2998
0.734375 0.73125 3108
0.75625 0.75 3198
0.753125 0.75 3288
0.7625 0.76875 3378
0.76875 0.771875 3450
0.76875 0.76875 3522
0.7625 0.75625 3594
0.759375 0.759375 3666
0.75625 0.759375 3738
0.7625 0.765625 3810
0.7625 0.771875 3882
0.75625 0.784375 3954
0.7625 0.78125 4026
0.759375 0.784375 4082
0.7625 0.790625 4138
0.778125 0.796875 4194
0.7875 0.803125 4250
0.790625 0.803125 4306
0.7875 0.8 4362
0.78125 0.7875 4418
0.775 0.78125 4474
0.775 0.775 4530
0.76875 0.78125 4586
0.76875 0.778125 4642
0.76875 0.778125 4698
0.765625 0.778125 4754
0.759375 0.778125 4810
0.759375 0.778125 4866
0.759375 0.778125 4922
0.75625 0.78125 4964
0.775 0.784375 5006
0.80625 0.821875 5048
0.80625 0.825 5090
0.8 0.821875 5132
0.8 0.815625 5174
0.8 0.815625 5216
0.8 0.81875 5258
0.8 0.8125 5300
0.8 0.80625 5342
0.79375 0.80625 5384
0.784375 0.809375 5426
0.79375 0.81875 5468
0.7875 0.821875 5510
0.7875 0.821875 5552
0.796875 0.828125 5594
0.796875 0.81875 5636
0.79375 0.81875 5678
0.79375 0.815625 5720
0.796875 0.815625 5762
0.815625 0.821875 5804
0.825 0.828125 5846
0.83125 0.8375 5888
0.83125 0.8375 5930
0.828125 0.84375 5972
0.828125 0.84375 6002
0.83125 0.84375 6032
0.834375 0.84375 6062
0.83125 0.84375 6092
0.834375 0.84375 6122
0.834375 0.84375 6152
0.834375 0.84375 6182
0.84375 0.85 6212
0.840625 0.85 6242
0.840625 0.85 6272
0.84375 0.85 6302
0.84375 0.85 6332
0.840625 0.85 6362
0.840625 0.853125 6392
0.84375 0.8625 6422
0.846875 0.86875 6452
0.85 0.86875 6482
0.846875 0.86875 6512
0.84375 0.86875 6542
0.846875 0.859375 6572
0.846875 0.85625 6602
0.846875 0.85625 6632
0.846875 0.8625 6662
0.8375 0.8625 6692
0.834375 0.8625 6722
0.834375 0.859375 6752
0.834375 0.865625 6782
0.85 0.884375 6812
0.85 0.884375 6842
0.85 0.878125 6872
0.85 0.875 6902
0.84375 0.875 6932
0.85 0.875 6962
0.853125 0.871875 6992
0.853125 0.871875 7022
0.853125 0.871875 7052
0.85625 0.878125 7082
0.85625 0.875 7112
0.865625 0.88125 7142
0.865625 0.8875 7172
0.865625 0.8875 7202
0.865625 0.875 7232
0.86875 0.875 7262
0.871875 0.88125 7292
0.871875 0.88125 7312
0.871875 0.8875 7332
0.871875 0.8875 7352
0.86875 0.8875 7372
0.86875 0.8875 7392
0.86875 0.8875 7412
0.86875 0.8875 7432
0.871875 0.88125 7452
0.871875 0.88125 7472
0.871875 0.88125 7492
0.871875 0.88125 7512
0.871875 0.88125 7532
0.875 0.875 7552
0.875 0.875 7572
0.875 0.875 7592
0.875 0.875 7612
0.875 0.875 7632
0.875 0.875 7652
0.875 0.875 7672
0.875 0.871875 7692
0.875 0.871875 7712
0.875 0.86875 7732
0.875 0.86875 7752
0.875 0.86875 7772
0.871875 0.86875 7792
0.871875 0.86875 7812
0.871875 0.86875 7832
0.871875 0.86875 7852
0.871875 0.86875 7872
0.871875 0.86875 7892
0.871875 0.86875 7912
0.871875 0.86875 7932
0.86875 0.86875 7952
0.86875 0.86875 7972
0.86875 0.871875 7992
0.86875 0.875 8012
0.86875 0.875 8032
0.865625 0.875 8052
0.865625 0.875 8072
0.865625 0.875 8092
0.8625 0.875 8112
0.86875 0.86875 8132
0.86875 0.86875 8152
0.86875 0.878125 8172
0.86875 0.88125 8192
0.865625 0.88125 8212
0.865625 0.88125 8232
0.865625 0.875 8252
0.865625 0.88125 8272
0.865625 0.88125 8292
0.865625 0.88125 8312
0.865625 0.88125 8332
0.865625 0.88125 8352
0.865625 0.875 8372
0.865625 0.875 8392
0.865625 0.88125 8412
0.865625 0.88125 8432
0.865625 0.871875 8452
0.865625 0.871875 8472
0.86875 0.86875 8492
0.871875 0.86875 8512
0.871875 0.86875 8532
0.86875 0.86875 8552
0.86875 0.86875 8572
0.86875 0.86875 8592
0.86875 0.86875 8612
0.86875 0.86875 8632
0.86875 0.86875 8652
0.86875 0.86875 8672
0.86875 0.871875 8692
0.875 0.875 8712
0.878125 0.88125 8732
0.878125 0.88125 8752
0.878125 0.88125 8772
0.878125 0.88125 8792
0.878125 0.875 8812
0.878125 0.875 8832
0.878125 0.86875 8852
0.878125 0.86875 8872
0.878125 0.86875 8892
0.878125 0.86875 8912
0.878125 0.86875 8932
0.878125 0.86875 8944
0.88125 0.875 8956
0.88125 0.875 8968
0.88125 0.875 8980
0.88125 0.875 8992
0.88125 0.875 9004
0.88125 0.875 9016
0.88125 0.875 9028
0.88125 0.875 9040
0.88125 0.875 9052
0.88125 0.875 9064
0.88125 0.875 9076
0.88125 0.875 9088
0.88125 0.875 9100
0.88125 0.88125 9112
0.88125 0.88125 9124
0.88125 0.88125 9136
0.88125 0.88125 9148
0.88125 0.88125 9160
0.88125 0.88125 9172
0.88125 0.88125 9184
0.88125 0.88125 9196
0.88125 0.88125 9208
0.88125 0.88125 9220
0.878125 0.88125 9232
0.878125 0.88125 9244
0.878125 0.88125 9256
0.878125 0.88125 9268
0.878125 0.88125 9280
0.878125 0.88125 9292
0.878125 0.88125 9304
0.878125 0.88125 9316
0.878125 0.88125 9328
0.878125 0.88125 9340
0.878125 0.88125 9352
0.878125 0.88125 9364
0.878125 0.88125 9376
0.878125 0.88125 9388
0.878125 0.88125 9400
0.878125 0.88125 9412
0.878125 0.88125 9424
0.878125 0.88125 9436
0.878125 0.88125 9448
0.878125 0.88125 9460
0.878125 0.88125 9472
0.878125 0.88125 9484
0.878125 0.88125 9496
0.878125 0.88125 9508
0.878125 0.88125 9520
0.878125 0.88125 9532
0.878125 0.88125 9544
0.8875 0.890625 9556
0.890625 0.890625 9568
0.890625 0.890625 9580
0.890625 0.890625 9592
0.890625 0.890625 9604
0.890625 0.890625 9616
0.890625 0.890625 9628
0.890625 0.8875 9640
0.890625 0.8875 9652
0.890625 0.8875 9664
0.890625 0.8875 9676
0.890625 0.8875 9688
0.890625 0.8875 9700
0.890625 0.8875 9712
0.890625 0.8875 9724
0.890625 0.8875 9736
0.89375 0.8875 9748
0.89375 0.8875 9760
0.89375 0.88125 9772
0.89375 0.88125 9784
0.89375 0.88125 9796
0.89375 0.88125 9808
0.89375 0.88125 9820
0.89375 0.88125 9832
0.89375 0.88125 9844
0.89375 0.88125 9856
0.89375 0.88125 9868
0.89375 0.88125 9880
0.89375 0.88125 9892
0.89375 0.88125 9904
0.89375 0.88125 9916
0.89375 0.88125 9928
0.89375 0.88125 9940
0.896875 0.88125 9952
0.896875 0.88125 9964
0.896875 0.88125 9976
0.896875 0.88125 9988
0.896875 0.88125 10000
0.896875 0.88125 10012
0.896875 0.88125 10024
0.896875 0.88125 10036
0.896875 0.88125 10048
0.896875 0.88125 10060
0.896875 0.88125 10072
0.896875 0.88125 10084
0.896875 0.88125 10096
0.896875 0.88125 10108
0.896875 0.88125 10120
0.896875 0.88125 10132
0.896875 0.88125 10144
0.896875 0.8875 10156
0.896875 0.8875 10168
0.896875 0.8875 10180
0.896875 0.8875 10192
0.896875 0.8875 10204
0.896875 0.8875 10216
0.896875 0.8875 10228
0.896875 0.8875 10240
0.896875 0.8875 10252
0.896875 0.8875 10264
0.896875 0.8875 10276
0.896875 0.8875 10288
0.896875 0.8875 10300
0.896875 0.8875 10312
0.896875 0.8875 10324
0.89375 0.8875 10336
0.89375 0.8875 10348
0.89375 0.8875 10360
0.89375 0.8875 10372
0.89375 0.8875 10384
0.89375 0.8875 10396
0.89375 0.8875 10408
0.89375 0.8875 10420
0.89375 0.8875 10432
0.89375 0.8875 10444
0.89375 0.8875 10456
0.89375 0.8875 10468
0.89375 0.8875 10480
0.89375 0.8875 10492
0.89375 0.8875 10504
0.89375 0.884375 10516
0.89375 0.884375 10528
0.896875 0.8875 10540
0.896875 0.8875 10552
0.9 0.8875 10564
0.9 0.88125 10576
0.9 0.88125 10588
0.9 0.88125 10600
0.9 0.88125 10612
0.9 0.88125 10624
0.9 0.88125 10636
0.9 0.88125 10648
0.9 0.88125 10660
0.9 0.88125 10672
0.9 0.88125 10684
0.9 0.88125 10696
0.9 0.88125 10708
0.9 0.88125 10720
0.9 0.88125 10732
0.9 0.88125 10744
0.9 0.88125 10756
0.9 0.88125 10762
0.9 0.88125 10768
0.9 0.88125 10774
0.9 0.88125 10780
0.9 0.88125 10786
0.9 0.88125 10792
0.9 0.88125 10798
0.9 0.88125 10804
0.9 0.88125 10810
0.9 0.88125 10816
0.9 0.88125 10822
0.9 0.88125 10828
0.9 0.88125 10834
0.9 0.884375 10840
0.9 0.884375 10846
0.9 0.884375 10852
0.9 0.884375 10858
0.9 0.884375 10864
0.9 0.884375 10870
0.9 0.884375 10876
0.9 0.8875 10882
0.9 0.8875 10888
0.9 0.8875 10894
0.9 0.8875 10900
0.9 0.8875 10906
0.9 0.8875 10912
0.9 0.8875 10918
0.9 0.8875 10924
0.9 0.8875 10930
0.9 0.8875 10936
0.9 0.8875 10942
0.9 0.8875 10948
0.9 0.8875 10954
0.9 0.8875 10960
0.9 0.8875 10966
0.9 0.89375 10972
0.9 0.89375 10978
0.9 0.89375 10984
0.9 0.89375 10990
0.9 0.89375 10996
0.9 0.89375 11002
0.9 0.89375 11008
0.9 0.89375 11014
0.9 0.89375 11020
0.9 0.8875 11026
0.9 0.8875 11032
0.9 0.8875 11038
0.9 0.8875 11044
0.9 0.8875 11050
0.9 0.8875 11056
0.9 0.8875 11062
0.9 0.8875 11068
0.9 0.8875 11074
0.9 0.8875 11080
0.9 0.8875 11086
0.9 0.8875 11092
0.9 0.8875 11098
0.9 0.8875 11104
0.9 0.8875 11110
0.9 0.8875 11116
0.9 0.8875 11122
0.9 0.8875 11128
0.9 0.8875 11134
0.9 0.8875 11140
0.9 0.8875 11146
0.9 0.8875 11152
0.9 0.8875 11158
0.9 0.8875 11164
0.9 0.8875 11170
0.9 0.8875 11176
0.9 0.8875 11182
0.9 0.8875 11188
0.9 0.8875 11194
0.9 0.8875 11200
0.9 0.8875 11206
0.9 0.8875 11212
0.9 0.8875 11218
0.9 0.8875 11224
0.9 0.8875 11230
0.9 0.8875 11236
0.9 0.8875 11242
0.9 0.8875 11248
0.9 0.8875 11254
0.9 0.8875 11260
0.9 0.8875 11266
0.9 0.8875 11272
0.9 0.8875 11278
0.9 0.8875 11284
0.9 0.8875 11290
0.9 0.8875 11296
0.9 0.8875 11302
0.9 0.8875 11308
0.9 0.8875 11314
0.9 0.8875 11320
0.9 0.8875 11326
0.9 0.8875 11332
0.9 0.8875 11338
0.9 0.8875 11344
0.9 0.88125 11350
0.9 0.88125 11356
0.9 0.8875 11362
0.9 0.8875 11368
0.9 0.8875 11374
0.9 0.8875 11380
0.9 0.8875 11386
0.9 0.8875 11392
0.9 0.8875 11398
0.9 0.8875 11404
0.9 0.8875 11410
0.9 0.8875 11416
0.9 0.8875 11422
0.9 0.8875 11428
0.9 0.8875 11434
0.9 0.8875 11440
0.9 0.88125 11446
0.9 0.88125 11452
0.9 0.88125 11458
0.9 0.88125 11464
0.9 0.88125 11470
0.9 0.88125 11476
0.9 0.88125 11482
0.9 0.88125 11488
0.9 0.88125 11494
0.9 0.88125 11500
0.9 0.88125 11506
0.9 0.88125 11512
0.9 0.88125 11518
0.9 0.8875 11524
0.9 0.8875 11530
0.9 0.8875 11536
0.9 0.8875 11542
0.9 0.8875 11548
0.9 0.8875 11554
0.9 0.8875 11560
0.9 0.8875 11566
0.9 0.8875 11572
0.9 0.8875 11578
0.9 0.8875 11584
0.9 0.8875 11590
0.9 0.8875 11596
0.9 0.8875 11602
0.9 0.8875 11608
0.9 0.8875 11614
0.9 0.8875 11620
0.9 0.8875 11626
0.9 0.8875 11632
0.9 0.8875 11638
0.9 0.8875 11644
0.9 0.8875 11650
0.9 0.8875 11656
0.9 0.8875 11662
0.9 0.8875 11668
0.9 0.8875 11674
0.9 0.8875 11680
0.9 0.8875 11686
0.9 0.8875 11692
0.896875 0.8875 11698
0.896875 0.8875 11704
0.896875 0.8875 11710
0.896875 0.8875 11716
0.896875 0.8875 11722
0.896875 0.8875 11728
0.896875 0.8875 11734
0.896875 0.8875 11740
0.896875 0.8875 11746
0.896875 0.8875 11752
0.896875 0.8875 11758
0.896875 0.8875 11764
0.896875 0.8875 11770
0.896875 0.89375 11776
0.896875 0.89375 11782
0.896875 0.89375 11788
0.896875 0.89375 11794
0.896875 0.89375 11800
0.896875 0.89375 11806
0.896875 0.89375 11812
0.896875 0.89375 11818
0.896875 0.89375 11824
0.896875 0.89375 11830
0.896875 0.89375 11836
0.896875 0.89375 11842
0.896875 0.89375 11848
0.896875 0.89375 11854
0.896875 0.89375 11860
0.896875 0.89375 11866
0.896875 0.89375 11872
0.896875 0.89375 11878
0.896875 0.89375 11884
0.896875 0.89375 11890
0.896875 0.89375 11896
0.896875 0.89375 11902
0.896875 0.89375 11908
0.896875 0.89375 11914
0.896875 0.89375 11920
0.896875 0.89375 11926
0.896875 0.89375 11932
0.896875 0.89375 11938
0.896875 0.89375 11944
0.896875 0.89375 11950
0.896875 0.89375 11956
0.896875 0.89375 11962
0.896875 0.89375 11968
0.896875 0.890625 11974
0.896875 0.8875 11980
0.896875 0.8875 11986
0.896875 0.884375 11992
0.896875 0.884375 11998
0.896875 0.88125 12004
0.896875 0.88125 12010
0.896875 0.878125 12016
0.896875 0.875 12022
0.896875 0.875 12028
0.896875 0.875 12034
0.896875 0.875 12040
0.896875 0.875 12046
0.896875 0.875 12052
0.896875 0.875 12058
0.896875 0.875 12064
0.896875 0.875 12070
0.896875 0.875 12076
0.896875 0.875 12082
0.896875 0.875 12088
0.896875 0.875 12094
0.896875 0.875 12100
0.896875 0.875 12106
0.896875 0.875 12112
0.896875 0.875 12118
0.896875 0.875 12124
0.896875 0.875 12130
0.896875 0.875 12136
0.896875 0.875 12142
0.896875 0.875 12148
0.896875 0.875 12154
0.896875 0.875 12160
0.896875 0.875 12166
0.896875 0.875 12172
0.896875 0.875 12178
0.896875 0.875 12184
0.896875 0.875 12190
0.896875 0.875 12196
0.896875 0.875 12202
0.896875 0.875 12208
0.896875 0.875 12214
0.896875 0.875 12220
0.896875 0.875 12226
0.896875 0.875 12232
0.896875 0.875 12238
0.896875 0.875 12244
0.896875 0.875 12246
0.896875 0.875 12248
0.896875 0.875 12250
0.896875 0.875 12252
0.896875 0.875 12254
0.896875 0.875 12256
0.896875 0.875 12258
0.896875 0.875 12260
0.896875 0.875 12262
0.896875 0.875 12264
0.896875 0.875 12266
0.896875 0.875 12268
0.896875 0.875 12270
0.896875 0.875 12272
0.896875 0.875 12274
0.896875 0.875 12276
0.896875 0.875 12278
0.896875 0.875 12280
0.896875 0.875 12282
0.896875 0.875 12284
0.896875 0.875 12286
0.896875 0.875 12288
0.896875 0.875 12290
0.896875 0.875 12292
0.896875 0.875 12294
0.896875 0.875 12296
0.896875 0.875 12298
0.896875 0.875 12300
0.896875 0.875 12302
0.896875 0.875 12304
0.896875 0.875 12306
0.896875 0.875 12308
0.896875 0.875 12310
0.896875 0.875 12312
0.896875 0.875 12314
0.896875 0.875 12316
0.896875 0.875 12318
0.896875 0.875 12320
0.896875 0.875 12322
0.896875 0.875 12324
0.896875 0.875 12326
0.896875 0.878125 12328
0.896875 0.88125 12330
0.896875 0.88125 12332
0.896875 0.88125 12334
0.896875 0.88125 12336
0.896875 0.88125 12338
0.896875 0.88125 12340
0.896875 0.88125 12342
0.896875 0.88125 12344
0.896875 0.88125 12346
0.896875 0.88125 12348
0.896875 0.88125 12350
0.896875 0.88125 12352
0.896875 0.88125 12354
0.896875 0.88125 12356
0.896875 0.88125 12358
0.896875 0.88125 12360
0.896875 0.88125 12362
0.896875 0.88125 12364
0.896875 0.88125 12366
0.896875 0.88125 12368
0.896875 0.88125 12370
0.896875 0.88125 12372
0.896875 0.88125 12374
0.896875 0.88125 12376
0.896875 0.88125 12378
0.896875 0.88125 12380
0.896875 0.88125 12382
0.896875 0.88125 12384
0.896875 0.88125 12386
0.896875 0.88125 12388
0.896875 0.88125 12390
0.896875 0.88125 12392
0.896875 0.88125 12394
0.896875 0.88125 12396
0.896875 0.88125 12398
0.896875 0.88125 12400
0.896875 0.88125 12402
0.896875 0.88125 12404
0.896875 0.88125 12406
0.896875 0.88125 12408
0.896875 0.88125 12410
0.896875 0.88125 12412
0.896875 0.88125 12414
0.896875 0.88125 12416
0.896875 0.88125 12418
0.896875 0.88125 12420
0.896875 0.88125 12422
0.896875 0.88125 12424
0.896875 0.88125 12426
0.896875 0.88125 12428
0.896875 0.88125 12430
0.896875 0.88125 12432
0.896875 0.88125 12434
0.896875 0.88125 12436
0.896875 0.88125 12438
0.896875 0.88125 12440
0.896875 0.88125 12442
0.896875 0.88125 12444
0.896875 0.88125 12446
0.896875 0.88125 12448
0.896875 0.88125 12450
0.896875 0.88125 12452
0.896875 0.8875 12454
0.896875 0.8875 12456
0.896875 0.8875 12458
0.896875 0.8875 12460
0.896875 0.8875 12462
0.896875 0.8875 12464
0.896875 0.8875 12466
0.896875 0.8875 12468
0.896875 0.8875 12470
0.896875 0.8875 12472
0.896875 0.8875 12474
0.896875 0.8875 12476
0.896875 0.8875 12478
0.896875 0.8875 12480
0.896875 0.8875 12482
0.896875 0.8875 12484
0.896875 0.8875 12486
0.896875 0.8875 12488
0.896875 0.8875 12490
0.896875 0.8875 12492
0.896875 0.8875 12494
0.896875 0.8875 12496
0.896875 0.8875 12498
0.896875 0.8875 12500
0.896875 0.8875 12502
0.896875 0.8875 12504
0.896875 0.8875 12506
0.896875 0.8875 12508
0.896875 0.8875 12510
0.896875 0.8875 12512
0.896875 0.8875 12514
0.896875 0.8875 12516
0.896875 0.8875 12518
0.896875 0.8875 12520
0.896875 0.8875 12522
0.896875 0.8875 12524
0.896875 0.890625 12526
0.896875 0.89375 12528
0.896875 0.89375 12530
0.896875 0.89375 12532
0.896875 0.89375 12534
0.896875 0.89375 12536
0.896875 0.89375 12538
0.896875 0.89375 12540
0.896875 0.89375 12542
0.896875 0.89375 12544
0.896875 0.89375 12546
0.896875 0.89375 12548
0.896875 0.89375 12550
0.896875 0.89375 12552
0.896875 0.89375 12554
0.896875 0.89375 12556
0.896875 0.89375 12558
0.896875 0.89375 12560
0.896875 0.89375 12562
0.896875 0.89375 12564
0.896875 0.89375 12566
0.896875 0.89375 12568
0.896875 0.89375 12570
0.896875 0.89375 12572
0.896875 0.89375 12574
0.896875 0.89375 12576
0.896875 0.89375 12578
0.896875 0.89375 12580
0.896875 0.89375 12582
0.896875 0.89375 12584
0.896875 0.89375 12586
0.896875 0.89375 12588
0.896875 0.89375 12590
0.896875 0.89375 12592
0.896875 0.89375 12594
0.896875 0.89375 12596
0.896875 0.89375 12598
0.896875 0.89375 12600
0.896875 0.89375 12602
0.896875 0.89375 12604
0.896875 0.89375 12606
0.896875 0.89375 12608
0.896875 0.89375 12610
0.896875 0.8875 12612
0.896875 0.8875 12614
0.896875 0.8875 12616
0.896875 0.8875 12618
0.896875 0.8875 12620
0.896875 0.8875 12622
0.896875 0.8875 12624
0.896875 0.8875 12626
0.896875 0.8875 12628
0.896875 0.8875 12630
0.896875 0.8875 12632
0.896875 0.8875 12634
0.896875 0.8875 12636
0.896875 0.8875 12638
0.896875 0.8875 12640
0.896875 0.8875 12642
0.896875 0.8875 12644
0.896875 0.8875 12646
0.896875 0.8875 12648
0.896875 0.8875 12650
0.896875 0.8875 12652
0.896875 0.8875 12654
0.896875 0.8875 12656
0.896875 0.8875 12658
0.896875 0.8875 12660
0.896875 0.8875 12662
0.896875 0.8875 12664
0.896875 0.8875 12666
0.896875 0.8875 12668
0.896875 0.8875 12670
0.896875 0.8875 12672
0.896875 0.8875 12674
0.896875 0.8875 12676
0.896875 0.8875 12678
0.896875 0.8875 12680
0.896875 0.8875 12682
0.896875 0.8875 12684
0.896875 0.8875 12686
0.896875 0.8875 12688
0.896875 0.8875 12690
0.896875 0.8875 12692
0.896875 0.8875 12694
0.896875 0.8875 12696
0.896875 0.8875 12698
0.896875 0.8875 12700
0.896875 0.8875 12702
0.896875 0.8875 12704
0.896875 0.8875 12706
0.896875 0.8875 12708
0.896875 0.8875 12710
0.896875 0.8875 12712
0.896875 0.8875 12714
0.896875 0.8875 12716
0.896875 0.8875 12718
0.896875 0.8875 12720
0.896875 0.8875 12722
0.896875 0.8875 12724
0.896875 0.8875 12726
0.896875 0.8875 12728
0.896875 0.8875 12730
0.896875 0.8875 12732
0.896875 0.8875 12734
0.896875 0.8875 12736
0.896875 0.8875 12738
0.896875 0.8875 12740
0.896875 0.8875 12742
0.896875 0.8875 12744
0.896875 0.8875 12746
0.896875 0.8875 12748
0.896875 0.8875 12750
0.896875 0.8875 12752
0.896875 0.8875 12754
0.896875 0.8875 12756
0.896875 0.8875 12758
0.896875 0.8875 12760
0.896875 0.8875 12762
0.896875 0.8875 12764
0.896875 0.8875 12766
0.896875 0.8875 12768
0.896875 0.8875 12770
0.896875 0.8875 12772
0.896875 0.8875 12774
0.896875 0.8875 12776
0.896875 0.8875 12778
0.896875 0.8875 12780
0.896875 0.8875 12782
0.896875 0.8875 12784
0.896875 0.8875 12786
0.896875 0.8875 12788
0.896875 0.8875 12790
0.896875 0.8875 12792
0.896875 0.8875 12794
0.896875 0.8875 12796
0.896875 0.8875 12798
0.896875 0.8875 12800
0.896875 0.8875 12802
0.896875 0.8875 12804
0.896875 0.8875 12806
0.896875 0.8875 12808
0.896875 0.8875 12810
0.896875 0.8875 12812
0.896875 0.8875 12814
0.896875 0.8875 12816
0.896875 0.8875 12818
0.896875 0.8875 12820
0.896875 0.8875 12822
0.896875 0.8875 12824
0.896875 0.8875 12826
0.896875 0.8875 12828
0.896875 0.8875 12830
0.896875 0.8875 12832
0.896875 0.8875 12834
0.896875 0.8875 12836
0.896875 0.8875 12838
0.896875 0.8875 12840
0.896875 0.8875 12842
0.896875 0.8875 12844
0.896875 0.8875 12846
0.896875 0.8875 12848
0.896875 0.8875 12850
0.89375 0.8875 12852
0.89375 0.8875 12854
0.89375 0.8875 12856
0.89375 0.8875 12858
0.89375 0.8875 12860
0.89375 0.8875 12862
0.89375 0.8875 12864
0.89375 0.8875 12866
0.89375 0.8875 12868
0.89375 0.8875 12870
0.89375 0.8875 12872
0.89375 0.8875 12874
0.89375 0.8875 12876
0.89375 0.8875 12878
0.89375 0.8875 12880
0.89375 0.8875 12882
0.89375 0.8875 12884
0.89375 0.8875 12886
0.89375 0.8875 12888
0.89375 0.8875 12890
0.89375 0.8875 12892
0.89375 0.8875 12894
0.89375 0.8875 12896
0.89375 0.8875 12898
0.89375 0.8875 12900
0.89375 0.8875 12902
0.89375 0.8875 12904
0.89375 0.8875 12906
0.89375 0.8875 12908
0.89375 0.8875 12910
0.89375 0.8875 12912
0.89375 0.8875 12914
0.89375 0.8875 12916
0.89375 0.8875 12918
0.89375 0.8875 12920
0.89375 0.8875 12922
0.89375 0.8875 12924
0.89375 0.8875 12926
0.89375 0.8875 12928
0.89375 0.8875 12930
0.89375 0.8875 12932
0.89375 0.8875 12934
0.89375 0.8875 12936
0.89375 0.8875 12938
0.89375 0.8875 12940
0.89375 0.8875 12942
0.89375 0.8875 12944
0.89375 0.8875 12946
0.89375 0.8875 12948
0.89375 0.8875 12950
0.89375 0.8875 12952
0.89375 0.8875 12954
0.89375 0.8875 12956
0.89375 0.8875 12958
0.89375 0.8875 12960
0.89375 0.8875 12962
0.89375 0.8875 12964
0.89375 0.8875 12966
0.89375 0.8875 12968
0.89375 0.8875 12970
0.89375 0.8875 12972
0.89375 0.8875 12974
0.89375 0.8875 12976
0.89375 0.8875 12978
0.89375 0.8875 12980
0.89375 0.8875 12982
0.89375 0.8875 12984
0.89375 0.8875 12986
0.89375 0.8875 12988
0.89375 0.8875 12990
0.89375 0.8875 12992
0.89375 0.8875 12994
0.89375 0.8875 12996
0.89375 0.8875 12998
0.89375 0.8875 13000
0.89375 0.8875 13002
0.89375 0.8875 13004
0.89375 0.8875 13006
0.89375 0.8875 13008
0.89375 0.8875 13010
0.89375 0.8875 13012
0.89375 0.8875 13014
0.89375 0.8875 13016
0.89375 0.8875 13018
0.89375 0.8875 13020
0.89375 0.8875 13022
0.89375 0.8875 13024
0.89375 0.8875 13026
0.89375 0.8875 13028
0.89375 0.8875 13030
0.89375 0.8875 13032
0.89375 0.8875 13034
0.89375 0.8875 13036
0.89375 0.8875 13038
0.89375 0.8875 13040
0.89375 0.8875 13042
0.89375 0.8875 13044
0.89375 0.8875 13046
0.89375 0.8875 13048
0.89375 0.8875 13050
0.89375 0.8875 13052
0.89375 0.8875 13054
0.89375 0.8875 13056
0.89375 0.8875 13058
0.89375 0.8875 13060
0.89375 0.8875 13062
0.89375 0.8875 13064
0.89375 0.8875 13066
0.89375 0.8875 13068
0.89375 0.8875 13070
0.89375 0.88125 13072
0.89375 0.88125 13074
0.89375 0.88125 13076
0.89375 0.88125 13078
0.89375 0.88125 13080
0.89375 0.88125 13082
0.89375 0.88125 13084
0.89375 0.88125 13086
0.89375 0.88125 13088
0.89375 0.88125 13090
0.89375 0.88125 13092
0.89375 0.88125 13094
0.89375 0.88125 13096
0.89375 0.88125 13098
0.89375 0.88125 13100
0.89375 0.88125 13102
0.89375 0.88125 13104
0.89375 0.878125 13106
0.89375 0.875 13108
0.89375 0.875 13110
0.89375 0.875 13112
0.89375 0.875 13114
0.89375 0.875 13116
0.89375 0.875 13118
0.89375 0.875 13120
0.89375 0.875 13122
0.89375 0.875 13124
0.89375 0.875 13126
0.89375 0.875 13128
0.89375 0.875 13130
0.89375 0.875 13132
0.89375 0.86875 13134
0.89375 0.86875 13136
0.89375 0.86875 13138
0.89375 0.86875 13140
0.89375 0.86875 13142
0.89375 0.86875 13144
0.89375 0.86875 13146
0.89375 0.86875 13148
0.89375 0.86875 13150
0.89375 0.86875 13152
0.89375 0.86875 13154
0.89375 0.86875 13156
0.89375 0.86875 13158
0.89375 0.86875 13160
0.89375 0.86875 13162
0.89375 0.86875 13164
0.89375 0.86875 13166
0.89375 0.86875 13168
0.89375 0.86875 13170
0.89375 0.86875 13172
0.89375 0.86875 13174
0.89375 0.86875 13176
0.89375 0.86875 13178
0.89375 0.86875 13180
0.89375 0.86875 13182
0.89375 0.86875 13184
0.89375 0.86875 13186
0.89375 0.86875 13188
0.89375 0.86875 13190
0.89375 0.86875 13192
0.89375 0.86875 13194
0.89375 0.86875 13196
0.89375 0.86875 13198
0.89375 0.86875 13200
0.89375 0.86875 13202
0.89375 0.86875 13204
0.89375 0.86875 13206
0.89375 0.86875 13208
0.89375 0.86875 13210
0.89375 0.86875 13212
0.89375 0.86875 13214
0.89375 0.86875 13216
0.89375 0.86875 13218
0.89375 0.86875 13220
0.89375 0.86875 13222
0.89375 0.86875 13224
0.89375 0.86875 13226
0.89375 0.86875 13228
0.89375 0.86875 13230
0.89375 0.86875 13232
0.89375 0.86875 13234
0.89375 0.86875 13236
0.89375 0.86875 13238
0.89375 0.86875 13240
0.89375 0.86875 13242
0.89375 0.8625 13244
0.89375 0.8625 13246
0.89375 0.8625 13248
0.89375 0.8625 13250
0.89375 0.8625 13252
0.89375 0.8625 13254
0.89375 0.8625 13256
0.89375 0.8625 13258
0.89375 0.8625 13260
0.89375 0.8625 13262
0.89375 0.8625 13264
0.89375 0.8625 13266
0.89375 0.8625 13268
0.89375 0.8625 13270
0.89375 0.8625 13272
0.89375 0.8625 13274
0.89375 0.8625 13276
0.89375 0.8625 13278
0.89375 0.8625 13280
0.89375 0.8625 13282
0.89375 0.8625 13284
0.89375 0.8625 13286
0.89375 0.8625 13288
0.89375 0.86875 13290
0.89375 0.86875 13292
0.89375 0.86875 13294
0.89375 0.86875 13296
0.89375 0.86875 13298
0.89375 0.86875 13300
0.89375 0.86875 13302
0.89375 0.86875 13304
0.89375 0.86875 13306
0.89375 0.86875 13308
0.89375 0.86875 13310
0.89375 0.86875 13312
0.89375 0.86875 13314
0.89375 0.86875 13316
0.89375 0.86875 13318
0.89375 0.86875 13320
0.89375 0.86875 13322
0.89375 0.86875 13324
0.89375 0.86875 13326
0.89375 0.86875 13328
0.89375 0.86875 13330
0.89375 0.86875 13332
0.89375 0.86875 13334
0.89375 0.86875 13336
0.89375 0.86875 13338
0.89375 0.86875 13340
0.89375 0.86875 13342
0.89375 0.86875 13344
0.89375 0.86875 13346
0.89375 0.86875 13348
0.89375 0.86875 13350
0.89375 0.86875 13352
0.89375 0.86875 13354
0.89375 0.86875 13356
0.89375 0.86875 13358
0.89375 0.86875 13360
0.89375 0.86875 13362
0.89375 0.86875 13364
0.89375 0.86875 13366
0.89375 0.86875 13368
0.89375 0.86875 13370
0.89375 0.86875 13372
0.89375 0.86875 13374
0.89375 0.86875 13376
0.89375 0.86875 13378
0.89375 0.86875 13380
0.89375 0.86875 13382
0.89375 0.86875 13384
0.89375 0.871875 13386
0.89375 0.875 13388
0.89375 0.86875 13390
0.89375 0.86875 13392
0.89375 0.86875 13392
0.89375 0.86875 13392
0.89375 0.86875 13392
0.89375 0.86875 13392
0.89375 0.86875 13392
0.89375 0.86875 13392
0.89375 0.86875 13392
0.89375 0.86875 13392
0.89375 0.86875 13392
0.89375 0.875 13392
0.89375 0.875 13392
0.89375 0.875 13392
0.89375 0.875 13392
0.89375 0.875 13392
0.89375 0.875 13392
0.89375 0.875 13392
0.89375 0.875 13392
0.89375 0.875 13392
0.89375 0.875 13392
0.89375 0.875 13392
0.89375 0.875 13392
0.89375 0.875 13392
0.89375 0.875 13392
0.89375 0.875 13392
0.89375 0.875 13392
0.89375 0.875 13392
0.89375 0.875 13392
0.89375 0.875 13392
0.89375 0.875 13392
0.89375 0.875 13392
0.89375 0.875 13392
0.89375 0.875 13392
0.89375 0.875 13392
0.89375 0.875 13392
0.89375 0.875 13392
0.89375 0.875 13392
0.89375 0.875 13392
0.89375 0.875 13392
0.89375 0.875 13392
0.89375 0.875 13392
0.89375 0.875 13392
0.89375 0.875 13392
0.89375 0.875 13392
0.89375 0.875 13392
0.89375 0.875 13392
0.89375 0.875 13392
0.89375 0.875 13392
0.89375 0.875 13392
0.89375 0.875 13392
0.89375 0.875 13392
0.89375 0.875 13392
0.89375 0.875 13392
0.89375 0.875 13392
0.89375 0.875 13392
0.89375 0.875 13392
0.89375 0.875 13392
0.89375 0.875 13392
0.89375 0.875 13392
0.89375 0.875 13392
0.89375 0.875 13392
0.89375 0.875 13392
0.89375 0.875 13392
0.89375 0.875 13392
0.89375 0.875 13392
0.89375 0.875 13392
0.89375 0.875 13392
0.89375 0.878125 13392
0.89375 0.88125 13392
0.89375 0.88125 13392
0.89375 0.88125 13392
0.89375 0.88125 13392
0.89375 0.88125 13392
0.89375 0.88125 13392
0.89375 0.88125 13392
0.89375 0.88125 13392
0.89375 0.88125 13392
0.89375 0.88125 13392
0.89375 0.88125 13392
0.89375 0.88125 13392
0.89375 0.88125 13392
0.89375 0.88125 13392
0.89375 0.88125 13392
0.89375 0.88125 13392
0.89375 0.88125 13392
0.89375 0.88125 13392
0.89375 0.88125 13392
0.89375 0.88125 13392
0.89375 0.88125 13392
0.89375 0.88125 13392
0.89375 0.88125 13392
0.89375 0.88125 13392
0.89375 0.88125 13392
0.89375 0.88125 13392
0.89375 0.88125 13392
0.89375 0.88125 13392
0.89375 0.88125 13392
0.89375 0.88125 13392
0.89375 0.88125 13392
0.89375 0.88125 13392
0.89375 0.88125 13392
0.89375 0.88125 13392
0.89375 0.88125 13392
0.89375 0.88125 13392
0.89375 0.88125 13392
0.89375 0.88125 13392
0.89375 0.88125 13392
0.89375 0.88125 13392
0.89375 0.88125 13392
0.89375 0.88125 13392
0.89375 0.88125 13392
0.89375 0.88125 13392
0.89375 0.88125 13392
0.89375 0.88125 13392
0.89375 0.88125 13392
0.89375 0.88125 13392
0.89375 0.88125 13392
0.89375 0.88125 13392
0.89375 0.88125 13392
0.89375 0.88125 13392
0.89375 0.88125 13392
0.89375 0.88125 13392
0.89375 0.88125 13392
0.89375 0.88125 13392
0.89375 0.88125 13392
0.89375 0.88125 13392
0.89375 0.88125 13392
0.89375 0.88125 13392
0.89375 0.88125 13392
0.89375 0.88125 13392
0.89375 0.88125 13392
0.89375 0.88125 13392
0.89375 0.88125 13392
0.89375 0.88125 13392
0.89375 0.88125 13392
0.89375 0.88125 13392
0.89375 0.88125 13392
0.89375 0.88125 13392
0.89375 0.88125 13392
0.89375 0.88125 13392
0.89375 0.88125 13392
0.89375 0.88125 13392
0.89375 0.88125 13392
0.89375 0.88125 13392
0.89375 0.88125 13392
0.89375 0.88125 13392
0.89375 0.88125 13392
0.89375 0.88125 13392
0.89375 0.88125 13392
0.89375 0.88125 13392
0.89375 0.88125 13392
0.89375 0.88125 13392
0.89375 0.88125 13392
0.89375 0.88125 13392
0.89375 0.88125 13392
0.89375 0.88125 13392
0.89375 0.88125 13392
0.89375 0.875 13392
0.89375 0.875 13392
0.89375 0.875 13392
0.89375 0.875 13392
0.89375 0.875 13392
0.89375 0.875 13392
0.89375 0.875 13392
0.89375 0.875 13392
0.89375 0.875 13392
0.89375 0.875 13392
0.89375 0.875 13392
0.89375 0.875 13392
0.89375 0.875 13392
0.89375 0.875 13392
0.89375 0.875 13392
0.89375 0.875 13392
0.89375 0.875 13392
0.89375 0.875 13392
0.89375 0.875 13392
0.89375 0.875 13392
0.89375 0.875 13392
0.89375 0.875 13392
0.89375 0.875 13392
0.89375 0.875 13392
0.89375 0.875 13392
0.89375 0.875 13392
0.89375 0.871875 13392
0.89375 0.86875 13392
0.89375 0.86875 13392
0.89375 0.86875 13392
0.89375 0.86875 13392
0.89375 0.86875 13392
0.89375 0.86875 13392
0.89375 0.86875 13392
0.89375 0.86875 13392
0.89375 0.86875 13392
0.89375 0.86875 13392
0.89375 0.86875 13392
0.89375 0.86875 13392
0.89375 0.86875 13392
0.89375 0.86875 13392
0.89375 0.86875 13392
0.89375 0.86875 13392
0.89375 0.86875 13392
0.89375 0.86875 13392
0.89375 0.86875 13392
0.89375 0.86875 13392
0.89375 0.86875 13392
0.89375 0.86875 13392
0.89375 0.86875 13392
0.89375 0.86875 13392
0.89375 0.86875 13392
0.89375 0.86875 13392
0.89375 0.86875 13392
0.89375 0.86875 13392
0.89375 0.86875 13392
0.89375 0.86875 13392
0.89375 0.86875 13392
0.89375 0.86875 13392
0.89375 0.86875 13392
0.89375 0.86875 13392
0.89375 0.86875 13392
0.89375 0.86875 13392
0.89375 0.86875 13392
0.89375 0.86875 13392
0.89375 0.86875 13392
0.89375 0.86875 13392
0.89375 0.86875 13392
0.89375 0.86875 13392
0.89375 0.86875 13392
0.89375 0.86875 13392
0.89375 0.86875 13392
0.89375 0.86875 13392
0.89375 0.86875 13392
0.89375 0.86875 13392
0.89375 0.86875 13392
0.89375 0.86875 13392
0.89375 0.86875 13392
0.89375 0.86875 13392
0.89375 0.86875 13392
0.89375 0.86875 13392
0.89375 0.86875 13392
0.89375 0.86875 13392
0.89375 0.86875 13392
0.89375 0.86875 13392
0.89375 0.86875 13392
0.89375 0.86875 13392
0.89375 0.86875 13392
0.89375 0.86875 13392
0.89375 0.86875 13392
0.89375 0.86875 13392
0.89375 0.86875 13392
0.89375 0.86875 13392
0.89375 0.86875 13392
0.89375 0.86875 13392
0.89375 0.86875 13392
0.89375 0.86875 13392
0.89375 0.86875 13392
0.89375 0.86875 13392
0.89375 0.86875 13392
0.89375 0.86875 13392
0.89375 0.86875 13392
0.89375 0.86875 13392
0.89375 0.86875 13392
0.89375 0.86875 13392
0.89375 0.86875 13392
0.89375 0.86875 13392
0.89375 0.86875 13392
0.89375 0.86875 13392
0.89375 0.86875 13392
0.89375 0.86875 13392
0.89375 0.86875 13392
0.89375 0.86875 13392
0.89375 0.86875 13392
0.89375 0.86875 13392
0.89375 0.86875 13392
0.89375 0.86875 13392
0.89375 0.86875 13392
0.89375 0.86875 13392
0.89375 0.86875 13392
0.89375 0.86875 13392
0.89375 0.86875 13392
0.89375 0.86875 13392
0.89375 0.86875 13392
0.89375 0.86875 13392
0.89375 0.86875 13392
0.89375 0.86875 13392
0.89375 0.86875 13392
0.89375 0.86875 13392
0.89375 0.86875 13392
0.89375 0.86875 13392
0.89375 0.86875 13392
0.89375 0.86875 13392
0.89375 0.86875 13392
0.89375 0.86875 13392
0.89375 0.86875 13392
0.89375 0.86875 13392
0.89375 0.86875 13392
0.89375 0.86875 13392
0.89375 0.86875 13392
0.89375 0.86875 13392
0.89375 0.86875 13392
0.89375 0.86875 13392
0.89375 0.86875 13392
0.89375 0.86875 13392
0.89375 0.86875 13392
0.89375 0.86875 13392
0.89375 0.86875 13392
0.89375 0.86875 13392
0.89375 0.86875 13392
0.89375 0.86875 13392
0.89375 0.86875 13392
0.89375 0.86875 13392
0.89375 0.86875 13392
0.89375 0.86875 13392
0.89375 0.86875 13392
0.89375 0.86875 13392
0.89375 0.86875 13392
0.89375 0.86875 13392
0.89375 0.86875 13392
0.89375 0.86875 13392
0.89375 0.86875 13392
0.89375 0.86875 13392
0.89375 0.86875 13392
0.89375 0.86875 13392
0.89375 0.86875 13392
0.89375 0.86875 13392
0.89375 0.86875 13392
0.89375 0.86875 13392
0.89375 0.86875 13392
0.89375 0.86875 13392
0.89375 0.86875 13392
0.89375 0.86875 13392
0.89375 0.86875 13392
0.89375 0.86875 13392
0.89375 0.86875 13392
0.89375 0.86875 13392
0.89375 0.86875 13392
0.89375 0.86875 13392
0.89375 0.86875 13392
0.89375 0.86875 13392
0.89375 0.86875 13392
0.89375 0.86875 13392
0.89375 0.86875 13392
0.89375 0.86875 13392
0.89375 0.86875 13392
0.89375 0.86875 13392
0.89375 0.86875 13392
0.89375 0.86875 13392
0.89375 0.86875 13392
0.89375 0.86875 13392
0.89375 0.86875 13392
0.89375 0.86875 13392
0.89375 0.86875 13392
0.89375 0.86875 13392
0.89375 0.86875 13392
0.89375 0.86875 13392
0.89375 0.86875 13392
0.89375 0.86875 13392
0.89375 0.86875 13392
0.89375 0.86875 13392
0.89375 0.86875 13392
0.89375 0.86875 13392
0.89375 0.86875 13392
0.89375 0.86875 13392
0.89375 0.86875 13392
0.89375 0.86875 13392
0.89375 0.86875 13392
0.89375 0.86875 13392
0.89375 0.86875 13392
0.89375 0.86875 13392
0.89375 0.86875 13392
0.89375 0.86875 13392
0.89375 0.86875 13392
0.89375 0.86875 13392
0.89375 0.86875 13392
0.89375 0.86875 13392
0.89375 0.86875 13392
0.89375 0.86875 13392
0.89375 0.86875 13392
0.89375 0.86875 13392
0.89375 0.86875 13392
0.89375 0.86875 13392
0.89375 0.86875 13392
0.89375 0.86875 13392
0.89375 0.86875 13392
0.89375 0.86875 13392
0.89375 0.86875 13392
0.89375 0.86875 13392
0.89375 0.86875 13392
0.89375 0.86875 13392
0.89375 0.86875 13392
0.89375 0.86875 13392
0.89375 0.86875 13392
0.89375 0.86875 13392
0.89375 0.86875 13392
0.89375 0.86875 13392
0.89375 0.86875 13392
0.89375 0.86875 13392
0.89375 0.86875 13392
0.89375 0.86875 13392
0.89375 0.86875 13392
0.89375 0.86875 13392
0.89375 0.86875 13392
0.89375 0.86875 13392
0.89375 0.86875 13392
0.89375 0.86875 13392
0.89375 0.86875 13392
0.89375 0.86875 13392
0.89375 0.86875 13392
0.89375 0.86875 13392
0.89375 0.86875 13392
0.89375 0.86875 13392
0.89375 0.86875 13392
0.89375 0.86875 13392
0.89375 0.86875 13392
0.89375 0.86875 13392
0.89375 0.86875 13392
0.89375 0.86875 13392
0.89375 0.86875 13392
0.89375 0.86875 13392
0.89375 0.86875 13392
0.89375 0.86875 13392
0.89375 0.86875 13392
0.89375 0.86875 13392
0.89375 0.86875 13392
0.89375 0.86875 13392
0.89375 0.86875 13392
0.89375 0.86875 13392
0.89375 0.86875 13392
0.89375 0.86875 13392
0.89375 0.86875 13392
0.89375 0.86875 13392
0.89375 0.86875 13392
0.89375 0.86875 13392
0.89375 0.86875 13392
0.89375 0.86875 13392
0.89375 0.86875 13392
0.89375 0.86875 13392
0.89375 0.86875 13392
0.89375 0.86875 13392
0.89375 0.86875 13392
0.89375 0.86875 13392
0.89375 0.86875 13392
0.89375 0.86875 13392
0.89375 0.86875 13392
0.89375 0.86875 13392
0.89375 0.86875 13392
0.89375 0.86875 13392
0.89375 0.86875 13392
0.89375 0.86875 13392
0.89375 0.86875 13392
0.89375 0.86875 13392
0.89375 0.86875 13392
0.89375 0.86875 13392
0.89375 0.86875 13392
0.89375 0.86875 13392
0.89375 0.86875 13392
0.89375 0.86875 13392
0.89375 0.86875 13392
0.89375 0.86875 13392
0.89375 0.86875 13392
0.89375 0.86875 13392
0.89375 0.86875 13392
0.89375 0.86875 13392
0.89375 0.86875 13392
0.89375 0.86875 13392
0.89375 0.86875 13392
0.89375 0.86875 13392
0.89375 0.86875 13392
0.89375 0.86875 13392
0.89375 0.86875 13392
0.89375 0.86875 13392
0.89375 0.86875 13392
0.89375 0.86875 13392
0.89375 0.86875 13392
0.89375 0.86875 13392
0.89375 0.86875 13392
0.89375 0.86875 13392
0.89375 0.86875 13392
0.89375 0.86875 13392
0.89375 0.86875 13392
0.89375 0.86875 13392
0.89375 0.86875 13392
0.89375 0.86875 13392
0.89375 0.86875 13392
0.89375 0.86875 13392
0.89375 0.86875 13392
0.89375 0.86875 13392
0.89375 0.86875 13392
0.89375 0.86875 13392
0.89375 0.86875 13392
0.89375 0.86875 13392
0.89375 0.86875 13392
0.89375 0.86875 13392
0.89375 0.86875 13392
0.89375 0.86875 13392
0.89375 0.86875 13392
0.89375 0.86875 13392
0.89375 0.86875 13392
0.89375 0.86875 13392
0.89375 0.86875 13392
0.89375 0.86875 13392
0.89375 0.86875 13392
0.89375 0.86875 13392
0.89375 0.86875 13392
0.89375 0.86875 13392
0.89375 0.86875 13392
0.89375 0.86875 13392
0.89375 0.86875 13392
0.89375 0.86875 13392
0.89375 0.86875 13392
0.89375 0.86875 13392
0.89375 0.86875 13392
0.89375 0.86875 13392
0.89375 0.86875 13392
0.89375 0.86875 13392
0.89375 0.86875 13392
0.89375 0.86875 13392
0.89375 0.86875 13392
0.89375 0.86875 13392
0.89375 0.86875 13392
0.89375 0.86875 13392
0.89375 0.86875 13392
0.89375 0.86875 13392
0.89375 0.86875 13392
0.89375 0.86875 13392
0.89375 0.86875 13392
0.89375 0.86875 13392
0.89375 0.86875 13392
0.89375 0.86875 13392
0.89375 0.86875 13392
0.89375 0.86875 13392
0.89375 0.86875 13392
0.89375 0.86875 13392
0.89375 0.86875 13392
0.89375 0.86875 13392
0.89375 0.86875 13392
0.89375 0.86875 13392
0.89375 0.86875 13392
0.89375 0.86875 13392
0.89375 0.86875 13392
0.89375 0.86875 13392
0.89375 0.86875 13392
0.89375 0.86875 13392
0.89375 0.86875 13392
0.89375 0.86875 13392
0.89375 0.86875 13392
0.89375 0.86875 13392
0.89375 0.86875 13392
0.89375 0.86875 13392
0.89375 0.86875 13392
0.89375 0.86875 13392
0.89375 0.86875 13392
0.89375 0.86875 13392
0.89375 0.875 13392
0.89375 0.875 13392
0.89375 0.875 13392
0.89375 0.875 13392
0.89375 0.875 13392
0.89375 0.875 13392
0.89375 0.875 13392
0.89375 0.875 13392
0.89375 0.875 13392
0.89375 0.875 13392
0.89375 0.875 13392
0.89375 0.875 13392
0.89375 0.875 13392
0.89375 0.875 13392
0.89375 0.875 13392
0.89375 0.875 13392
0.89375 0.875 13392
0.89375 0.875 13392
0.89375 0.875 13392
0.89375 0.875 13392
0.89375 0.875 13392
0.89375 0.875 13392
0.89375 0.875 13392
0.89375 0.875 13392
0.89375 0.875 13392
0.89375 0.875 13392
0.89375 0.875 13392
0.89375 0.875 13392
0.89375 0.875 13392
0.89375 0.875 13392
0.89375 0.875 13392
0.89375 0.875 13392
0.89375 0.875 13392
0.89375 0.875 13392
0.89375 0.875 13392
0.89375 0.875 13392
0.89375 0.875 13392
0.89375 0.875 13392
0.89375 0.875 13392
0.89375 0.875 13392
0.89375 0.875 13392
0.89375 0.875 13392
0.89375 0.875 13392
0.89375 0.875 13392
0.89375 0.875 13392
0.89375 0.875 13392
0.89375 0.875 13392
0.89375 0.875 13392
0.89375 0.875 13392
0.89375 0.875 13392
0.89375 0.875 13392
0.89375 0.875 13392
0.89375 0.875 13392
0.89375 0.875 13392
0.89375 0.875 13392
0.89375 0.875 13392
0.89375 0.875 13392
0.89375 0.875 13392
0.89375 0.875 13392
0.89375 0.875 13392
0.89375 0.875 13392
0.89375 0.875 13392
0.89375 0.875 13392
0.89375 0.875 13392
0.89375 0.875 13392
0.89375 0.875 13392
0.89375 0.875 13392
0.89375 0.875 13392
0.89375 0.875 13392
0.89375 0.875 13392
0.89375 0.875 13392
0.89375 0.875 13392
0.89375 0.875 13392
0.89375 0.875 13392
0.89375 0.875 13392
0.89375 0.875 13392
0.89375 0.875 13392
0.89375 0.875 13392
0.89375 0.875 13392
0.89375 0.875 13392
0.89375 0.875 13392
0.89375 0.875 13392
0.89375 0.875 13392
0.89375 0.875 13392
0.89375 0.875 13392
0.89375 0.875 13392
0.89375 0.875 13392
0.89375 0.875 13392
0.89375 0.875 13392
0.89375 0.875 13392
0.89375 0.875 13392
0.89375 0.875 13392
0.89375 0.875 13392
0.89375 0.875 13392
0.89375 0.875 13392
0.89375 0.875 13392
0.89375 0.875 13392
0.89375 0.875 13392
0.89375 0.875 13392
0.89375 0.875 13392
0.89375 0.875 13392
0.89375 0.875 13392
0.89375 0.875 13392
0.89375 0.875 13392
0.89375 0.875 13392
0.89375 0.875 13392
0.89375 0.875 13392
0.89375 0.875 13392
0.89375 0.875 13392
0.89375 0.875 13392
0.89375 0.875 13392
0.89375 0.875 13392
0.89375 0.875 13392
0.89375 0.875 13392
0.89375 0.875 13392
0.89375 0.875 13392
0.89375 0.875 13392
0.89375 0.875 13392
0.89375 0.875 13392
0.89375 0.875 13392
0.89375 0.875 13392
0.89375 0.875 13392
0.89375 0.875 13392
0.89375 0.875 13392
0.89375 0.875 13392
0.89375 0.875 13392
0.89375 0.875 13392
0.89375 0.875 13392
0.89375 0.875 13392
0.89375 0.875 13392
0.89375 0.875 13392
0.89375 0.875 13392
0.89375 0.875 13392
0.89375 0.875 13392
0.89375 0.875 13392
0.89375 0.875 13392
0.89375 0.875 13392
0.89375 0.875 13392
0.89375 0.875 13392
0.89375 0.875 13392
0.89375 0.875 13392
0.89375 0.875 13392
0.89375 0.875 13392
0.89375 0.875 13392
0.89375 0.875 13392
0.89375 0.875 13392
0.89375 0.875 13392
0.89375 0.875 13392
0.89375 0.875 13392
0.89375 0.875 13392
0.89375 0.875 13392
0.89375 0.875 13392
0.89375 0.875 13392
0.89375 0.875 13392
0.89375 0.875 13392
0.89375 0.875 13392
0.89375 0.875 13392
0.89375 0.875 13392
0.89375 0.875 13392
0.89375 0.875 13392
0.89375 0.875 13392
0.89375 0.875 13392
0.89375 0.875 13392
0.89375 0.875 13392
0.89375 0.875 13392
0.89375 0.875 13392
0.89375 0.875 13392
0.89375 0.875 13392
0.89375 0.875 13392
0.89375 0.875 13392
0.89375 0.875 13392
0.89375 0.875 13392
0.89375 0.875 13392
0.89375 0.875 13392
0.89375 0.875 13392
0.89375 0.875 13392
0.89375 0.875 13392
0.89375 0.875 13392
0.89375 0.875 13392
0.89375 0.875 13392
0.89375 0.875 13392
0.89375 0.875 13392
0.89375 0.875 13392
0.89375 0.875 13392
0.89375 0.875 13392
0.89375 0.875 13392
0.89375 0.875 13392
0.89375 0.875 13392
0.89375 0.875 13392
0.89375 0.875 13392
0.89375 0.875 13392
0.89375 0.875 13392
0.89375 0.875 13392
0.89375 0.875 13392
0.89375 0.875 13392
0.89375 0.875 13392
0.89375 0.875 13392
0.89375 0.875 13392
0.89375 0.875 13392
0.89375 0.875 13392
0.89375 0.875 13392
0.89375 0.875 13392
0.89375 0.875 13392
0.89375 0.875 13392
0.89375 0.875 13392
0.89375 0.875 13392
0.89375 0.875 13392
0.89375 0.875 13392
0.89375 0.875 13392
0.89375 0.875 13392
0.89375 0.875 13392
0.89375 0.875 13392
0.89375 0.875 13392
0.89375 0.875 13392
0.89375 0.875 13392
0.89375 0.875 13392
0.89375 0.875 13392
0.89375 0.875 13392
0.89375 0.875 13392
0.89375 0.875 13392
0.89375 0.875 13392
0.89375 0.875 13392
0.89375 0.875 13392
0.89375 0.875 13392
0.89375 0.875 13392
0.89375 0.875 13392
0.89375 0.875 13392
0.89375 0.875 13392
0.89375 0.875 13392
0.89375 0.875 13392
0.89375 0.875 13392
0.89375 0.875 13392
0.89375 0.875 13392
0.89375 0.875 13392
0.89375 0.875 13392
0.89375 0.875 13392
0.89375 0.875 13392
0.89375 0.875 13392
0.89375 0.875 13392
0.89375 0.875 13392
0.89375 0.875 13392
0.89375 0.875 13392
0.89375 0.875 13392
0.89375 0.875 13392
0.89375 0.875 13392
0.89375 0.875 13392
0.89375 0.875 13392
0.89375 0.86875 13392
0.89375 0.86875 13392
0.89375 0.86875 13392
0.89375 0.86875 13392
0.89375 0.86875 13392
0.89375 0.86875 13392
0.89375 0.86875 13392
0.89375 0.86875 13392
0.89375 0.86875 13392
0.89375 0.86875 13392
0.89375 0.86875 13392
0.89375 0.86875 13392
0.89375 0.86875 13392
0.89375 0.86875 13392
0.89375 0.86875 13392
0.89375 0.86875 13392
0.89375 0.86875 13392
0.89375 0.86875 13392
0.89375 0.86875 13392
0.89375 0.86875 13392
0.89375 0.86875 13392
0.89375 0.86875 13392
0.89375 0.86875 13392
0.89375 0.86875 13392
0.89375 0.86875 13392
0.89375 0.86875 13392
0.89375 0.86875 13392
0.89375 0.86875 13392
0.89375 0.86875 13392
0.89375 0.86875 13392
0.89375 0.86875 13392
0.89375 0.86875 13392
0.89375 0.86875 13392
0.89375 0.86875 13392
0.89375 0.86875 13392
0.89375 0.86875 13392
0.89375 0.86875 13392
0.89375 0.86875 13392
0.89375 0.86875 13392
0.89375 0.86875 13392
0.89375 0.86875 13392
0.89375 0.86875 13392
0.89375 0.86875 13392
0.89375 0.86875 13392
0.89375 0.86875 13392
0.89375 0.86875 13392
0.89375 0.86875 13392
0.89375 0.86875 13392
0.89375 0.86875 13392
0.89375 0.86875 13392
0.89375 0.86875 13392
0.89375 0.86875 13392
0.89375 0.86875 13392
0.89375 0.86875 13392
0.89375 0.86875 13392
0.89375 0.86875 13392
0.89375 0.86875 13392
0.89375 0.86875 13392
0.89375 0.86875 13392
0.89375 0.86875 13392
0.89375 0.86875 13392
0.89375 0.86875 13392
0.89375 0.86875 13392
0.89375 0.86875 13392
0.89375 0.86875 13392
0.89375 0.86875 13392
0.89375 0.86875 13392
0.89375 0.8625 13392
0.89375 0.8625 13392
0.89375 0.8625 13392
0.89375 0.8625 13392
0.89375 0.8625 13392
0.89375 0.8625 13392
0.89375 0.85625 13392
0.89375 0.85625 13392
0.89375 0.85625 13392
0.89375 0.85625 13392
0.89375 0.85625 13392
0.89375 0.85625 13392
0.89375 0.85625 13392
0.89375 0.85625 13392
0.89375 0.85625 13392
0.89375 0.85625 13392
0.89375 0.85625 13392
0.89375 0.85625 13392
0.89375 0.85625 13392
0.89375 0.85625 13392
0.89375 0.85625 13392
0.89375 0.85625 13392
0.89375 0.85625 13392
0.89375 0.85625 13392
0.89375 0.85625 13392
0.89375 0.85625 13392
0.89375 0.85625 13392
0.89375 0.85625 13392
0.89375 0.85625 13392
0.89375 0.85625 13392
0.89375 0.85625 13392
0.89375 0.85625 13392
0.89375 0.85625 13392
0.89375 0.85625 13392
0.89375 0.85625 13392
0.89375 0.85625 13392
0.89375 0.84375 13392
0.89375 0.84375 13392
0.89375 0.84375 13392
0.89375 0.84375 13392
0.89375 0.84375 13392
0.89375 0.84375 13392
0.89375 0.84375 13392
0.89375 0.84375 13392
0.89375 0.84375 13392
0.89375 0.84375 13392
0.89375 0.84375 13392
0.89375 0.84375 13392
0.89375 0.84375 13392
0.89375 0.84375 13392
0.89375 0.84375 13392
0.89375 0.84375 13392
0.89375 0.84375 13392
0.89375 0.84375 13392
0.89375 0.84375 13392
0.89375 0.84375 13392
0.89375 0.84375 13392
0.89375 0.84375 13392
0.89375 0.84375 13392
0.89375 0.84375 13392
0.89375 0.84375 13392
0.89375 0.84375 13392
0.89375 0.84375 13392
0.89375 0.84375 13392
0.89375 0.84375 13392
0.89375 0.84375 13392
0.89375 0.84375 13392
0.89375 0.84375 13392
0.89375 0.84375 13392
0.89375 0.84375 13392
0.89375 0.8375 13392
0.89375 0.8375 13392
0.89375 0.8375 13392
0.89375 0.8375 13392
0.89375 0.8375 13392
0.89375 0.8375 13392
0.89375 0.8375 13392
0.89375 0.8375 13392
0.89375 0.8375 13392
0.89375 0.8375 13392
0.89375 0.8375 13392
0.89375 0.8375 13392
0.89375 0.8375 13392
0.89375 0.8375 13392
0.89375 0.8375 13392
0.89375 0.8375 13392
0.89375 0.8375 13392
0.89375 0.8375 13392
0.89375 0.8375 13392
0.89375 0.8375 13392
0.89375 0.8375 13392
0.89375 0.8375 13392
0.89375 0.8375 13392
0.89375 0.8375 13392
0.89375 0.8375 13392
0.89375 0.8375 13392
0.89375 0.8375 13392
0.89375 0.8375 13392
0.89375 0.8375 13392
0.89375 0.8375 13392
0.89375 0.8375 13392
0.89375 0.8375 13392
0.89375 0.8375 13392
0.89375 0.8375 13392
0.89375 0.8375 13392
0.89375 0.8375 13392
0.89375 0.8375 13392
0.89375 0.8375 13392
0.89375 0.8375 13392
0.89375 0.8375 13392
0.89375 0.8375 13392
0.89375 0.8375 13392
0.89375 0.8375 13392
0.89375 0.8375 13392
0.89375 0.8375 13392
0.89375 0.8375 13392
0.89375 0.8375 13392
0.89375 0.8375 13392
0.89375 0.8375 13392
0.89375 0.8375 13392
0.89375 0.8375 13392
0.89375 0.8375 13392
0.89375 0.8375 13392
0.89375 0.8375 13392
0.89375 0.8375 13392
0.89375 0.8375 13392
0.89375 0.8375 13392
0.89375 0.8375 13392
0.89375 0.8375 13392
0.89375 0.8375 13392
0.89375 0.8375 13392
0.89375 0.8375 13392
0.89375 0.8375 13392
0.89375 0.8375 13392
0.89375 0.8375 13392
0.89375 0.8375 13392
0.89375 0.8375 13392
0.89375 0.8375 13392
0.89375 0.8375 13392
0.89375 0.8375 13392
0.89375 0.8375 13392
0.89375 0.8375 13392
0.89375 0.8375 13392
0.89375 0.8375 13392
0.89375 0.8375 13392
0.89375 0.8375 13392
0.89375 0.8375 13392
0.89375 0.8375 13392
0.89375 0.8375 13392
0.89375 0.8375 13392
0.89375 0.8375 13392
0.89375 0.8375 13392
0.89375 0.8375 13392
0.89375 0.8375 13392
0.89375 0.8375 13392
0.89375 0.8375 13392
0.89375 0.8375 13392
0.89375 0.8375 13392
0.89375 0.8375 13392
0.89375 0.8375 13392
0.89375 0.8375 13392
0.89375 0.8375 13392
0.89375 0.8375 13392
0.89375 0.8375 13392
0.89375 0.8375 13392
0.89375 0.8375 13392
0.89375 0.8375 13392
0.89375 0.8375 13392
0.89375 0.8375 13392
0.89375 0.8375 13392
0.89375 0.8375 13392
0.89375 0.8375 13392
0.89375 0.8375 13392
0.89375 0.8375 13392
0.89375 0.8375 13392
0.89375 0.8375 13392
0.89375 0.8375 13392
0.89375 0.8375 13392
0.89375 0.8375 13392
0.89375 0.8375 13392
0.89375 0.8375 13392
0.89375 0.8375 13392
0.89375 0.8375 13392
0.89375 0.8375 13392
0.89375 0.8375 13392
0.89375 0.8375 13392
0.89375 0.8375 13392
0.89375 0.8375 13392
0.89375 0.8375 13392
0.89375 0.8375 13392
0.89375 0.8375 13392
0.89375 0.8375 13392
0.89375 0.8375 13392
0.89375 0.8375 13392
0.89375 0.8375 13392
0.89375 0.834375 13392
0.89375 0.83125 13392
0.89375 0.83125 13392
0.89375 0.83125 13392
0.89375 0.83125 13392
0.89375 0.83125 13392
0.89375 0.83125 13392
0.89375 0.83125 13392
0.89375 0.83125 13392
0.89375 0.83125 13392
0.89375 0.83125 13392
0.89375 0.83125 13392
0.89375 0.83125 13392
0.89375 0.83125 13392
0.89375 0.83125 13392
0.89375 0.83125 13392
0.89375 0.83125 13392
0.89375 0.83125 13392
0.89375 0.83125 13392
0.89375 0.83125 13392
0.89375 0.83125 13392
0.89375 0.83125 13392
0.89375 0.83125 13392
0.89375 0.83125 13392
0.89375 0.83125 13392
0.89375 0.83125 13392
0.89375 0.83125 13392
0.89375 0.83125 13392
0.89375 0.83125 13392
0.89375 0.83125 13392
0.89375 0.83125 13392
0.89375 0.83125 13392
0.89375 0.83125 13392
0.89375 0.83125 13392
0.89375 0.83125 13392
0.89375 0.83125 13392
0.89375 0.83125 13392
0.89375 0.83125 13392
0.89375 0.828125 13392
0.89375 0.825 13392
0.89375 0.825 13392
0.89375 0.825 13392
0.89375 0.825 13392
0.89375 0.81875 13392
0.89375 0.81875 13392
0.89375 0.81875 13392
0.89375 0.81875 13392
0.89375 0.81875 13392
0.89375 0.81875 13392
0.89375 0.81875 13392
0.89375 0.81875 13392
0.89375 0.81875 13392
0.89375 0.81875 13392
0.89375 0.81875 13392
0.89375 0.81875 13392
0.89375 0.81875 13392
0.89375 0.81875 13392
0.89375 0.81875 13392
0.89375 0.81875 13392
0.89375 0.81875 13392
0.89375 0.81875 13392
0.89375 0.81875 13392
0.89375 0.81875 13392
0.89375 0.81875 13392
0.89375 0.81875 13392
0.89375 0.81875 13392
0.89375 0.81875 13392
0.89375 0.81875 13392
0.89375 0.81875 13392
0.89375 0.81875 13392
0.89375 0.81875 13392
0.89375 0.81875 13392
0.89375 0.81875 13392
0.89375 0.81875 13392
0.89375 0.81875 13392
0.89375 0.81875 13392
0.89375 0.81875 13392
0.89375 0.81875 13392
0.89375 0.81875 13392
0.89375 0.81875 13392
0.89375 0.81875 13392
0.89375 0.81875 13392
0.89375 0.81875 13392
0.89375 0.81875 13392
0.89375 0.81875 13392
0.89375 0.81875 13392
0.89375 0.81875 13392
0.89375 0.81875 13392
0.89375 0.81875 13392
0.89375 0.81875 13392
0.89375 0.81875 13392
0.89375 0.81875 13392
0.89375 0.81875 13392
0.89375 0.81875 13392
0.89375 0.81875 13392
0.89375 0.81875 13392
0.89375 0.81875 13392
0.89375 0.81875 13392
0.89375 0.81875 13392
0.89375 0.81875 13392
0.89375 0.81875 13392
0.89375 0.81875 13392
0.89375 0.81875 13392
0.89375 0.81875 13392
0.89375 0.81875 13392
0.89375 0.81875 13392
0.89375 0.81875 13392
0.89375 0.81875 13392
0.89375 0.81875 13392
0.89375 0.81875 13392
0.89375 0.81875 13392
0.89375 0.81875 13392
0.89375 0.81875 13392
0.89375 0.81875 13392
0.89375 0.81875 13392
0.89375 0.81875 13392
0.89375 0.81875 13392
0.89375 0.81875 13392
0.89375 0.81875 13392
0.89375 0.81875 13392
0.89375 0.81875 13392
0.89375 0.81875 13392
0.89375 0.81875 13392
0.89375 0.81875 13392
0.89375 0.81875 13392
0.89375 0.81875 13392
0.89375 0.81875 13392
0.89375 0.81875 13392
0.89375 0.8125 13392
0.89375 0.8125 13392
0.89375 0.8125 13392
0.89375 0.8125 13392
0.89375 0.8125 13392
0.89375 0.8125 13392
0.89375 0.8125 13392
0.89375 0.8125 13392
0.89375 0.8125 13392
0.89375 0.8125 13392
0.89375 0.809375 13392
0.89375 0.80625 13392
0.89375 0.80625 13392
0.89375 0.80625 13392
0.89375 0.80625 13392
0.89375 0.80625 13392
0.89375 0.80625 13392
0.89375 0.80625 13392
0.89375 0.80625 13392
0.89375 0.80625 13392
0.89375 0.80625 13392
0.89375 0.80625 13392
0.89375 0.80625 13392
0.89375 0.80625 13392
0.89375 0.80625 13392
0.89375 0.80625 13392
0.89375 0.80625 13392
0.89375 0.80625 13392
0.89375 0.80625 13392
0.89375 0.80625 13392
0.89375 0.80625 13392
0.89375 0.80625 13392
0.89375 0.80625 13392
0.89375 0.80625 13392
0.89375 0.80625 13392
0.89375 0.80625 13392
0.89375 0.80625 13392
0.89375 0.80625 13392
0.89375 0.80625 13392
0.89375 0.80625 13392
0.89375 0.80625 13392
0.89375 0.80625 13392
0.89375 0.80625 13392
0.89375 0.80625 13392
0.89375 0.80625 13392
0.89375 0.80625 13392
0.89375 0.80625 13392
0.89375 0.80625 13392
0.89375 0.80625 13392
0.89375 0.8 13392
0.89375 0.8 13392
0.89375 0.8 13392
0.89375 0.8 13392
0.89375 0.8 13392
0.89375 0.8 13392
0.89375 0.8 13392
0.89375 0.8 13392
0.89375 0.8 13392
0.89375 0.8 13392
0.89375 0.8 13392
0.89375 0.8 13392
0.89375 0.8 13392
0.89375 0.8 13392
0.89375 0.8 13392
0.89375 0.8 13392
0.89375 0.8 13392
0.89375 0.8 13392
0.89375 0.8 13392
0.89375 0.8 13392
0.89375 0.8 13392
0.89375 0.8 13392
0.89375 0.8 13392
0.89375 0.8 13392
0.89375 0.8 13392
0.89375 0.8 13392
0.89375 0.8 13392
0.89375 0.8 13392
0.89375 0.8 13392
0.89375 0.8 13392
0.89375 0.8 13392
0.89375 0.8 13392
0.89375 0.8 13392
0.89375 0.8 13392
0.89375 0.8 13392
0.89375 0.8 13392
0.89375 0.8 13392
0.89375 0.8 13392
0.89375 0.8 13392
0.89375 0.8 13392
0.89375 0.8 13392
0.89375 0.8 13392
0.89375 0.8 13392
0.89375 0.8 13392
0.89375 0.8 13392
0.89375 0.8 13392
0.89375 0.8 13392
0.89375 0.8 13392
0.89375 0.8 13392
0.89375 0.8 13392
0.89375 0.8 13392
0.89375 0.8 13392
0.89375 0.8 13392
0.89375 0.8 13392
0.89375 0.8 13392
0.89375 0.8 13392
0.89375 0.8 13392
0.89375 0.8 13392
0.89375 0.8 13392
0.89375 0.8 13392
0.89375 0.8 13392
0.89375 0.8 13392
0.89375 0.8 13392
0.89375 0.8 13392
0.89375 0.8 13392
0.89375 0.8 13392
0.89375 0.8 13392
0.89375 0.8 13392
0.89375 0.8 13392
0.89375 0.8 13392
0.89375 0.8 13392
0.89375 0.8 13392
0.89375 0.8 13392
0.89375 0.8 13392
0.89375 0.8 13392
0.89375 0.8 13392
0.89375 0.8 13392
0.89375 0.8 13392
0.89375 0.8 13392
0.89375 0.8 13392
0.89375 0.8 13392
0.89375 0.8 13392
0.89375 0.8 13392
0.89375 0.8 13392
0.89375 0.8 13392
0.89375 0.8 13392
0.89375 0.8 13392
0.89375 0.8 13392
0.89375 0.8 13392
0.89375 0.8 13392
0.89375 0.8 13392
0.89375 0.8 13392
0.89375 0.8 13392
0.89375 0.8 13392
0.89375 0.8 13392
0.89375 0.8 13392
0.89375 0.8 13392
0.89375 0.8 13392
0.89375 0.8 13392
0.89375 0.8 13392
0.89375 0.8 13392
0.89375 0.8 13392
0.89375 0.8 13392
0.89375 0.8 13392
0.89375 0.8 13392
0.89375 0.8 13392
0.89375 0.8 13392
0.89375 0.8 13392
0.89375 0.8 13392
0.89375 0.8 13392
0.89375 0.8 13392
0.89375 0.8 13392
0.89375 0.8 13392
0.89375 0.8 13392
0.89375 0.8 13392
0.89375 0.8 13392
0.89375 0.8 13392
0.89375 0.8 13392
0.89375 0.8 13392
0.89375 0.8 13392
0.89375 0.8 13392
0.89375 0.8 13392
0.89375 0.8 13392
0.89375 0.8 13392
0.89375 0.8 13392
0.89375 0.8 13392
0.89375 0.8 13392
0.89375 0.8 13392
0.89375 0.8 13392
0.89375 0.8 13392
0.89375 0.8 13392
0.89375 0.8 13392
0.89375 0.8 13392
0.89375 0.8 13392
0.89375 0.8 13392
0.89375 0.8 13392
0.89375 0.8 13392
0.89375 0.8 13392
0.89375 0.8 13392
0.89375 0.8 13392
0.89375 0.8 13392
0.89375 0.8 13392
0.89375 0.8 13392
0.89375 0.8 13392
0.89375 0.8 13392
0.89375 0.8 13392
0.89375 0.8 13392
0.89375 0.8 13392
0.89375 0.8 13392
0.89375 0.8 13392
0.89375 0.8 13392
0.89375 0.8 13392
0.89375 0.8 13392
0.89375 0.8 13392
0.89375 0.8 13392
0.89375 0.8 13392
0.89375 0.8 13392
0.89375 0.8 13392
0.89375 0.8 13392
0.89375 0.8 13392
0.89375 0.8 13392
0.89375 0.8 13392
0.89375 0.8 13392
0.89375 0.8 13392
0.89375 0.8 13392
0.89375 0.8 13392
0.89375 0.8 13392
0.89375 0.8 13392
0.89375 0.8 13392
0.89375 0.8 13392
0.89375 0.8 13392
0.89375 0.8 13392
0.89375 0.8 13392
0.89375 0.8 13392
0.89375 0.8 13392
0.89375 0.8 13392
0.89375 0.8 13392
0.89375 0.8 13392
0.89375 0.8 13392
0.89375 0.8 13392
0.89375 0.8 13392
0.89375 0.8 13392
0.89375 0.8 13392
0.89375 0.8 13392
0.89375 0.8 13392
0.89375 0.8 13392
0.89375 0.8 13392
0.89375 0.8 13392
0.89375 0.8 13392
0.89375 0.8 13392
0.89375 0.8 13392
0.89375 0.8 13392
0.89375 0.8 13392
0.89375 0.8 13392
0.89375 0.8 13392
0.89375 0.8 13392
0.89375 0.8 13392
0.89375 0.8 13392
0.89375 0.8 13392
0.89375 0.8 13392
0.89375 0.8 13392
0.89375 0.8 13392
0.89375 0.8 13392
0.89375 0.8 13392
0.89375 0.8 13392
0.89375 0.8 13392
0.89375 0.8 13392
0.89375 0.8 13392
0.89375 0.8 13392
0.89375 0.8 13392
0.89375 0.8 13392
0.89375 0.8 13392
0.89375 0.8 13392
0.89375 0.8 13392
0.89375 0.8 13392
0.89375 0.8 13392
0.89375 0.8 13392
0.89375 0.8 13392
0.89375 0.8 13392
0.89375 0.8 13392
0.89375 0.8 13392
0.89375 0.8 13392
0.89375 0.8 13392
0.89375 0.8 13392
0.89375 0.8 13392
0.89375 0.8 13392
0.89375 0.8 13392
0.89375 0.8 13392
0.89375 0.8 13392
0.89375 0.8 13392
0.89375 0.8 13392
0.89375 0.8 13392
0.89375 0.8 13392
0.89375 0.8 13392
0.89375 0.8 13392
0.89375 0.8 13392
0.89375 0.8 13392
0.89375 0.8 13392
0.89375 0.8 13392
0.89375 0.8 13392
0.89375 0.8 13392
0.89375 0.8 13392
0.89375 0.8 13392
0.89375 0.8 13392
0.89375 0.8 13392
0.89375 0.8 13392
0.89375 0.8 13392
0.89375 0.8 13392
0.89375 0.8 13392
0.89375 0.8 13392
0.89375 0.8 13392
0.89375 0.8 13392
0.89375 0.8 13392
0.89375 0.8 13392
0.89375 0.8 13392
0.89375 0.8 13392
0.89375 0.8 13392
0.89375 0.8 13392
0.89375 0.8 13392
0.89375 0.8 13392
0.89375 0.8 13392
0.89375 0.8 13392
0.89375 0.8 13392
0.89375 0.8 13392
0.89375 0.8 13392
0.89375 0.8 13392
0.89375 0.8 13392
0.89375 0.8 13392
0.89375 0.8 13392
0.89375 0.8 13392
0.89375 0.8 13392
0.89375 0.8 13392
0.89375 0.8 13392
0.89375 0.8 13392
0.89375 0.8 13392
0.89375 0.8 13392
0.89375 0.8 13392
0.89375 0.8 13392
0.89375 0.8 13392
0.89375 0.8 13392
0.89375 0.8 13392
0.89375 0.8 13392
0.89375 0.8 13392
0.89375 0.8 13392
0.89375 0.8 13392
0.89375 0.8 13392
0.89375 0.8 13392
0.89375 0.8 13392
0.89375 0.8 13392
0.89375 0.8 13392
0.89375 0.8 13392
0.89375 0.8 13392
0.89375 0.8 13392
0.89375 0.8 13392
0.89375 0.8 13392
0.89375 0.8 13392
0.89375 0.8 13392
0.89375 0.8 13392
0.89375 0.8 13392
0.89375 0.8 13392
0.89375 0.8 13392
0.89375 0.8 13392
0.89375 0.8 13392
0.89375 0.8 13392
0.89375 0.8 13392
0.89375 0.8 13392
0.89375 0.8 13392
0.89375 0.8 13392
0.89375 0.8 13392
0.89375 0.8 13392
0.89375 0.8 13392
0.89375 0.8 13392
0.89375 0.8 13392
0.89375 0.8 13392
0.89375 0.8 13392
0.89375 0.8 13392
0.89375 0.8 13392
0.89375 0.8 13392
0.89375 0.8 13392
0.89375 0.8 13392
0.89375 0.8 13392
0.89375 0.8 13392
0.89375 0.8 13392
0.89375 0.8 13392
0.89375 0.8 13392
0.89375 0.8 13392
0.89375 0.8 13392
0.89375 0.8 13392
0.89375 0.8 13392
0.89375 0.8 13392
0.89375 0.8 13392
0.89375 0.8 13392
0.89375 0.8 13392
0.89375 0.8 13392
0.89375 0.8 13392
0.89375 0.8 13392
0.89375 0.8 13392
0.89375 0.8 13392
0.89375 0.8 13392
0.89375 0.8 13392
0.89375 0.8 13392
0.89375 0.8 13392
0.89375 0.8 13392
0.89375 0.8 13392
0.89375 0.8 13392
0.89375 0.8 13392
0.89375 0.8 13392
0.89375 0.8 13392
0.89375 0.8 13392
0.89375 0.8 13392
0.89375 0.8 13392
0.89375 0.8 13392
0.89375 0.8 13392
0.89375 0.8 13392
0.89375 0.8 13392
0.89375 0.8 13392
0.89375 0.8 13392
0.89375 0.8 13392
0.89375 0.8 13392
0.89375 0.8 13392
0.89375 0.8 13392
0.89375 0.8 13392
0.89375 0.8 13392
0.89375 0.8 13392
0.89375 0.8 13392
0.89375 0.8 13392
0.89375 0.8 13392
0.89375 0.8 13392
0.89375 0.8 13392
0.89375 0.8 13392
0.89375 0.8 13392
0.89375 0.8 13392
0.89375 0.8 13392
0.89375 0.8 13392
0.89375 0.8 13392
0.89375 0.8 13392
0.89375 0.8 13392
0.89375 0.8 13392
0.89375 0.8 13392
0.89375 0.8 13392
0.89375 0.8 13392
0.89375 0.8 13392
0.89375 0.8 13392
0.89375 0.8 13392
0.89375 0.8 13392
0.89375 0.8 13392
0.89375 0.8 13392
0.89375 0.8 13392
0.89375 0.8 13392
0.89375 0.8 13392
0.89375 0.8 13392
0.89375 0.8 13392
0.89375 0.8 13392
0.89375 0.8 13392
0.89375 0.8 13392
0.89375 0.8 13392
0.89375 0.8 13392
0.89375 0.8 13392
0.89375 0.8 13392
0.89375 0.8 13392
0.89375 0.8 13392
0.89375 0.8 13392
0.89375 0.8 13392
0.89375 0.8 13392
0.89375 0.8 13392
0.89375 0.8 13392
0.89375 0.8 13392
0.89375 0.8 13392
0.89375 0.8 13392
0.89375 0.8 13392
0.89375 0.8 13392
0.89375 0.8 13392
0.89375 0.8 13392
0.89375 0.8 13392
0.89375 0.8 13392
0.89375 0.8 13392
0.89375 0.8 13392
0.89375 0.8 13392
0.89375 0.8 13392
0.89375 0.8 13392
0.89375 0.8 13392
0.89375 0.8 13392
0.89375 0.8 13392
0.89375 0.8 13392
0.89375 0.8 13392
0.89375 0.8 13392
0.89375 0.8 13392
0.89375 0.8 13392
0.89375 0.8 13392
0.89375 0.8 13392
0.89375 0.8 13392
0.89375 0.8 13392
0.89375 0.8 13392
0.89375 0.8 13392
0.89375 0.8 13392
0.89375 0.8 13392
0.89375 0.8 13392
0.89375 0.8 13392
0.89375 0.8 13392
0.89375 0.8 13392
0.89375 0.8 13392
0.89375 0.8 13392
0.89375 0.8 13392
0.89375 0.8 13392
0.89375 0.8 13392
0.89375 0.8 13392
0.89375 0.8 13392
0.89375 0.8 13392
0.89375 0.8 13392
0.89375 0.8 13392
0.89375 0.8 13392
0.89375 0.8 13392
0.89375 0.8 13392
0.89375 0.8 13392
0.89375 0.8 13392
0.89375 0.8 13392
0.89375 0.8 13392
0.89375 0.8 13392
0.89375 0.8 13392
0.89375 0.8 13392
0.89375 0.8 13392
0.89375 0.8 13392
0.89375 0.8 13392
0.89375 0.8 13392
0.89375 0.8 13392
0.89375 0.8 13392
0.89375 0.8 13392
0.89375 0.8 13392
0.89375 0.8 13392
0.89375 0.8 13392
0.89375 0.8 13392
0.89375 0.8 13392
0.89375 0.8 13392
0.89375 0.8 13392
0.89375 0.8 13392
0.89375 0.8 13392
0.89375 0.8 13392
0.89375 0.8 13392
0.89375 0.8 13392
0.89375 0.8 13392
0.89375 0.8 13392
0.89375 0.8 13392
0.89375 0.8 13392
0.89375 0.8 13392
0.89375 0.8 13392
0.89375 0.8 13392
0.89375 0.8 13392
0.89375 0.8 13392
0.89375 0.8 13392
0.89375 0.8 13392
0.89375 0.8 13392
0.89375 0.8 13392
0.89375 0.8 13392
0.89375 0.8 13392
0.89375 0.8 13392
0.89375 0.8 13392
0.89375 0.8 13392
0.89375 0.8 13392
0.89375 0.8 13392
0.89375 0.8 13392
0.89375 0.8 13392
0.89375 0.8 13392
0.89375 0.8 13392
0.89375 0.8 13392
0.89375 0.8 13392
0.89375 0.8 13392
0.89375 0.8 13392
0.89375 0.8 13392
0.89375 0.8 13392
0.89375 0.8 13392
0.89375 0.8 13392
0.89375 0.8 13392
0.89375 0.8 13392
0.89375 0.8 13392
0.89375 0.8 13392
0.89375 0.8 13392
0.89375 0.8 13392
0.89375 0.8 13392
0.89375 0.8 13392
0.89375 0.8 13392
0.89375 0.8 13392
0.89375 0.8 13392
0.89375 0.8 13392
0.89375 0.8 13392
0.89375 0.8 13392
0.89375 0.8 13392
0.89375 0.8 13392
0.89375 0.8 13392
0.89375 0.8 13392
0.89375 0.8 13392
0.89375 0.80625 13392
0.89375 0.80625 13392
0.89375 0.80625 13392
0.89375 0.80625 13392
0.89375 0.80625 13392
0.89375 0.80625 13392
0.89375 0.80625 13392
0.89375 0.80625 13392
0.89375 0.80625 13392
0.89375 0.80625 13392
0.89375 0.80625 13392
0.89375 0.80625 13392
0.89375 0.80625 13392
0.89375 0.80625 13392
0.89375 0.80625 13392
0.89375 0.80625 13392
0.89375 0.80625 13392
0.89375 0.80625 13392
0.89375 0.80625 13392
0.89375 0.80625 13392
0.89375 0.80625 13392
0.89375 0.80625 13392
0.89375 0.80625 13392
0.89375 0.80625 13392
0.89375 0.80625 13392
0.89375 0.80625 13392
0.89375 0.80625 13392
0.89375 0.80625 13392
0.89375 0.80625 13392
0.89375 0.80625 13392
0.89375 0.80625 13392
0.89375 0.80625 13392
0.89375 0.80625 13392
0.89375 0.80625 13392
0.89375 0.80625 13392
0.89375 0.80625 13392
0.89375 0.80625 13392
0.89375 0.80625 13392
0.89375 0.80625 13392
0.89375 0.80625 13392
0.89375 0.80625 13392
0.89375 0.80625 13392
0.89375 0.80625 13392
0.89375 0.80625 13392
0.89375 0.80625 13392
0.89375 0.80625 13392
0.89375 0.80625 13392
0.89375 0.80625 13392
0.89375 0.80625 13392
0.89375 0.80625 13392
0.89375 0.80625 13392
0.89375 0.80625 13392
0.89375 0.80625 13392
0.89375 0.80625 13392
0.89375 0.80625 13392
0.89375 0.80625 13392
0.89375 0.80625 13392
0.89375 0.80625 13392
0.89375 0.80625 13392
0.89375 0.80625 13392
0.89375 0.80625 13392
0.89375 0.80625 13392
0.89375 0.80625 13392
0.89375 0.80625 13392
0.89375 0.80625 13392
0.89375 0.80625 13392
0.89375 0.80625 13392
0.89375 0.80625 13392
0.89375 0.80625 13392
0.89375 0.80625 13392
0.89375 0.80625 13392
0.89375 0.80625 13392
0.89375 0.80625 13392
0.89375 0.80625 13392
0.89375 0.80625 13392
0.89375 0.80625 13392
0.89375 0.80625 13392
0.89375 0.80625 13392
0.89375 0.80625 13392
0.89375 0.80625 13392
0.89375 0.80625 13392
0.89375 0.80625 13392
0.89375 0.80625 13392
0.89375 0.80625 13392
0.89375 0.80625 13392
0.89375 0.80625 13392
0.89375 0.80625 13392
0.89375 0.80625 13392
0.89375 0.80625 13392
0.89375 0.80625 13392
0.89375 0.8 13392
0.89375 0.8 13392
0.89375 0.8 13392
0.89375 0.8 13392
0.89375 0.8 13392
0.89375 0.8 13392
0.89375 0.8 13392
0.89375 0.8 13392
0.89375 0.8 13392
0.89375 0.8 13392
0.89375 0.8 13392
0.89375 0.8 13392
0.89375 0.8 13392
0.89375 0.8 13392
0.89375 0.8 13392
0.89375 0.8 13392
0.89375 0.8 13392
0.89375 0.8 13392
0.89375 0.8 13392
0.89375 0.8 13392
0.89375 0.8 13392
0.89375 0.8 13392
0.89375 0.8 13392
0.89375 0.8 13392
0.89375 0.8 13392
0.89375 0.8 13392
0.89375 0.8 13392
0.89375 0.8 13392
0.89375 0.8 13392
0.89375 0.8 13392
0.89375 0.8 13392
0.89375 0.8 13392
0.89375 0.8 13392
0.89375 0.8 13392
0.89375 0.8 13392
0.89375 0.8 13392
0.89375 0.8 13392
0.89375 0.8 13392
0.89375 0.8 13392
0.89375 0.8 13392
0.89375 0.8 13392
0.89375 0.8 13392
0.89375 0.8 13392
0.89375 0.8 13392
0.89375 0.8 13392
0.89375 0.8 13392
0.89375 0.8 13392
0.89375 0.8 13392
0.89375 0.8 13392
0.89375 0.8 13392
0.89375 0.8 13392
0.89375 0.8 13392
0.89375 0.8 13392
0.89375 0.8 13392
0.89375 0.8 13392
0.89375 0.8 13392
0.89375 0.79375 13392
0.89375 0.79375 13392
0.89375 0.79375 13392
0.89375 0.79375 13392
0.89375 0.79375 13392
0.89375 0.79375 13392
0.89375 0.79375 13392
0.89375 0.79375 13392
0.89375 0.79375 13392
0.89375 0.79375 13392
0.89375 0.79375 13392
0.89375 0.79375 13392
0.89375 0.79375 13392
0.89375 0.79375 13392
0.89375 0.79375 13392
0.89375 0.79375 13392
0.89375 0.79375 13392
0.89375 0.79375 13392
0.89375 0.79375 13392
0.89375 0.79375 13392
0.89375 0.79375 13392
0.89375 0.79375 13392
0.89375 0.79375 13392
0.89375 0.79375 13392
0.89375 0.79375 13392
0.89375 0.79375 13392
0.89375 0.79375 13392
0.89375 0.79375 13392
0.89375 0.79375 13392
0.89375 0.79375 13392
0.89375 0.79375 13392
0.89375 0.79375 13392
0.89375 0.79375 13392
0.89375 0.79375 13392
0.89375 0.79375 13392
0.89375 0.79375 13392
0.89375 0.79375 13392
0.89375 0.79375 13392
0.89375 0.79375 13392
0.89375 0.79375 13392
0.89375 0.79375 13392
0.89375 0.79375 13392
0.89375 0.79375 13392
0.89375 0.79375 13392
0.89375 0.79375 13392
0.89375 0.79375 13392
0.89375 0.79375 13392
0.89375 0.79375 13392
0.89375 0.79375 13392
0.89375 0.79375 13392
0.89375 0.79375 13392
0.89375 0.79375 13392
0.89375 0.79375 13392
0.89375 0.79375 13392
0.89375 0.79375 13392
0.89375 0.79375 13392
0.89375 0.79375 13392
0.89375 0.79375 13392
0.89375 0.79375 13392
0.89375 0.79375 13392
0.89375 0.79375 13392
0.89375 0.79375 13392
0.89375 0.79375 13392
0.89375 0.79375 13392
0.89375 0.79375 13392
0.89375 0.79375 13392
0.89375 0.79375 13392
0.89375 0.79375 13392
0.89375 0.79375 13392
0.89375 0.79375 13392
0.89375 0.79375 13392
0.89375 0.79375 13392
0.89375 0.79375 13392
0.89375 0.79375 13392
0.89375 0.79375 13392
0.89375 0.79375 13392
0.89375 0.79375 13392
0.89375 0.79375 13392
0.89375 0.79375 13392
0.89375 0.79375 13392
0.89375 0.79375 13392
0.89375 0.79375 13392
0.89375 0.79375 13392
0.89375 0.79375 13392
0.89375 0.79375 13392
0.89375 0.79375 13392
0.89375 0.79375 13392
0.89375 0.79375 13392
0.89375 0.79375 13392
0.89375 0.79375 13392
0.89375 0.79375 13392
0.89375 0.79375 13392
0.89375 0.79375 13392
0.89375 0.79375 13392
0.89375 0.79375 13392
0.89375 0.79375 13392
0.89375 0.79375 13392
0.89375 0.79375 13392
0.89375 0.79375 13392
0.89375 0.79375 13392
0.89375 0.79375 13392
0.89375 0.79375 13392
0.89375 0.79375 13392
0.89375 0.79375 13392
0.89375 0.79375 13392
0.89375 0.79375 13392
0.89375 0.79375 13392
0.89375 0.79375 13392
0.89375 0.79375 13392
0.89375 0.79375 13392
0.89375 0.79375 13392
0.89375 0.79375 13392
0.89375 0.79375 13392
0.89375 0.79375 13392
0.89375 0.79375 13392
0.89375 0.79375 13392
0.89375 0.79375 13392
0.89375 0.79375 13392
0.89375 0.79375 13392
0.89375 0.79375 13392
0.89375 0.79375 13392
0.89375 0.79375 13392
0.89375 0.79375 13392
0.89375 0.79375 13392
0.89375 0.79375 13392
0.89375 0.79375 13392
0.89375 0.79375 13392
0.89375 0.79375 13392
0.89375 0.79375 13392
0.89375 0.79375 13392
0.89375 0.79375 13392
0.89375 0.79375 13392
0.89375 0.79375 13392
0.89375 0.79375 13392
0.89375 0.79375 13392
0.89375 0.79375 13392
0.89375 0.79375 13392
0.89375 0.79375 13392
0.89375 0.79375 13392
0.89375 0.79375 13392
0.89375 0.79375 13392
0.89375 0.79375 13392
0.89375 0.79375 13392
0.89375 0.79375 13392
0.89375 0.79375 13392
0.89375 0.79375 13392
0.89375 0.79375 13392
0.89375 0.79375 13392
0.89375 0.79375 13392
0.89375 0.79375 13392
0.89375 0.79375 13392
0.89375 0.79375 13392
0.89375 0.79375 13392
0.89375 0.79375 13392
0.89375 0.79375 13392
0.89375 0.79375 13392
0.89375 0.79375 13392
0.89375 0.79375 13392
0.89375 0.79375 13392
0.89375 0.79375 13392
0.89375 0.79375 13392
0.89375 0.79375 13392
0.89375 0.79375 13392
0.89375 0.79375 13392
0.89375 0.79375 13392
0.89375 0.79375 13392
0.89375 0.79375 13392
0.89375 0.79375 13392
0.89375 0.79375 13392
0.89375 0.79375 13392
0.89375 0.79375 13392
0.89375 0.79375 13392
0.89375 0.79375 13392
0.89375 0.79375 13392
0.89375 0.79375 13392
0.89375 0.79375 13392
0.89375 0.79375 13392
0.89375 0.79375 13392
0.89375 0.79375 13392
0.89375 0.79375 13392
0.89375 0.79375 13392
0.89375 0.79375 13392
0.89375 0.79375 13392
0.89375 0.79375 13392
0.89375 0.79375 13392
0.89375 0.79375 13392
0.89375 0.79375 13392
0.89375 0.79375 13392
0.89375 0.79375 13392
0.89375 0.79375 13392
0.89375 0.79375 13392
0.89375 0.79375 13392
0.89375 0.79375 13392
0.89375 0.79375 13392
0.89375 0.79375 13392
0.89375 0.79375 13392
0.89375 0.79375 13392
0.89375 0.79375 13392
0.89375 0.79375 13392
0.89375 0.79375 13392
0.89375 0.79375 13392
0.89375 0.79375 13392
0.89375 0.79375 13392
0.89375 0.79375 13392
0.89375 0.79375 13392
0.89375 0.79375 13392
0.89375 0.79375 13392
0.89375 0.79375 13392
0.89375 0.79375 13392
0.89375 0.79375 13392
0.89375 0.79375 13392
0.89375 0.79375 13392
0.89375 0.79375 13392
0.89375 0.79375 13392
0.89375 0.79375 13392
0.89375 0.79375 13392
0.89375 0.79375 13392
0.89375 0.79375 13392
0.89375 0.79375 13392
0.89375 0.79375 13392
0.89375 0.79375 13392
0.89375 0.79375 13392
0.89375 0.79375 13392
0.89375 0.79375 13392
0.89375 0.79375 13392
0.89375 0.79375 13392
0.89375 0.79375 13392
0.89375 0.79375 13392
0.89375 0.79375 13392
0.89375 0.79375 13392
0.89375 0.79375 13392
0.89375 0.79375 13392
0.89375 0.79375 13392
0.89375 0.79375 13392
0.89375 0.79375 13392
0.89375 0.79375 13392
0.89375 0.79375 13392
0.89375 0.79375 13392
0.89375 0.79375 13392
0.89375 0.79375 13392
0.89375 0.79375 13392
0.89375 0.79375 13392
0.89375 0.79375 13392
0.89375 0.79375 13392
0.89375 0.79375 13392
0.89375 0.79375 13392
0.89375 0.79375 13392
0.89375 0.79375 13392
0.89375 0.79375 13392
0.89375 0.79375 13392
0.89375 0.79375 13392
0.89375 0.79375 13392
0.89375 0.79375 13392
0.89375 0.79375 13392
0.89375 0.79375 13392
0.89375 0.79375 13392
0.89375 0.79375 13392
0.89375 0.79375 13392
0.89375 0.79375 13392
0.89375 0.79375 13392
0.89375 0.79375 13392
0.89375 0.79375 13392
0.89375 0.79375 13392
0.89375 0.79375 13392
0.89375 0.79375 13392
0.89375 0.79375 13392
0.89375 0.79375 13392
0.89375 0.79375 13392
0.89375 0.79375 13392
0.89375 0.79375 13392
0.89375 0.79375 13392
0.89375 0.79375 13392
0.89375 0.79375 13392
0.89375 0.79375 13392
0.89375 0.79375 13392
0.89375 0.79375 13392
0.89375 0.79375 13392
0.89375 0.79375 13392
0.89375 0.79375 13392
0.89375 0.79375 13392
0.89375 0.79375 13392
0.89375 0.79375 13392
0.89375 0.79375 13392
0.89375 0.79375 13392
0.89375 0.79375 13392
0.89375 0.79375 13392
0.89375 0.79375 13392
0.89375 0.79375 13392
0.89375 0.79375 13392
0.89375 0.79375 13392
0.89375 0.79375 13392
0.89375 0.79375 13392
0.89375 0.79375 13392
0.89375 0.79375 13392
0.89375 0.79375 13392
0.89375 0.79375 13392
0.89375 0.79375 13392
0.89375 0.79375 13392
0.89375 0.79375 13392
0.89375 0.8 13392
0.89375 0.8 13392
0.89375 0.8 13392
0.89375 0.8 13392
0.89375 0.8 13392
0.89375 0.8 13392
0.89375 0.8 13392
0.89375 0.8 13392
0.89375 0.8 13392
0.89375 0.8 13392
0.89375 0.8 13392
0.89375 0.8 13392
0.89375 0.8 13392
0.89375 0.8 13392
0.89375 0.8 13392
0.89375 0.80625 13392
0.89375 0.80625 13392
0.89375 0.80625 13392
0.89375 0.80625 13392
0.89375 0.80625 13392
0.89375 0.80625 13392
0.89375 0.80625 13392
0.89375 0.80625 13392
0.89375 0.80625 13392
0.89375 0.80625 13392
0.89375 0.80625 13392
0.89375 0.80625 13392
0.89375 0.80625 13392
0.89375 0.80625 13392
0.89375 0.80625 13392
0.89375 0.80625 13392
0.89375 0.80625 13392
0.89375 0.80625 13392
0.89375 0.80625 13392
0.89375 0.80625 13392
0.89375 0.80625 13392
0.89375 0.80625 13392
0.89375 0.80625 13392
0.89375 0.80625 13392
0.89375 0.80625 13392
0.89375 0.80625 13392
0.89375 0.80625 13392
0.89375 0.80625 13392
0.89375 0.80625 13392
0.89375 0.80625 13392
0.89375 0.80625 13392
0.89375 0.80625 13392
0.89375 0.80625 13392
0.89375 0.80625 13392
0.89375 0.80625 13392
0.89375 0.80625 13392
0.89375 0.80625 13392
0.89375 0.80625 13392
0.89375 0.80625 13392
0.89375 0.80625 13392
0.89375 0.80625 13392
0.89375 0.80625 13392
0.89375 0.80625 13392
0.89375 0.80625 13392
0.89375 0.80625 13392
0.89375 0.80625 13392
0.89375 0.80625 13392
0.89375 0.80625 13392
0.89375 0.80625 13392
0.89375 0.80625 13392
0.89375 0.80625 13392
0.89375 0.80625 13392
0.89375 0.80625 13392
0.89375 0.80625 13392
0.89375 0.80625 13392
0.89375 0.80625 13392
0.89375 0.80625 13392
0.89375 0.80625 13392
0.89375 0.80625 13392
0.89375 0.80625 13392
0.89375 0.80625 13392
0.89375 0.8125 13392
0.89375 0.8125 13392
0.89375 0.8125 13392
0.89375 0.8125 13392
0.89375 0.8125 13392
0.89375 0.8125 13392
0.89375 0.8125 13392
0.89375 0.8125 13392
0.89375 0.8125 13392
0.89375 0.8125 13392
0.89375 0.8125 13392
0.89375 0.8125 13392
0.89375 0.8125 13392
0.89375 0.8125 13392
0.89375 0.8125 13392
0.89375 0.8125 13392
0.89375 0.8125 13392
0.89375 0.8125 13392
0.89375 0.8125 13392
0.89375 0.8125 13392
0.89375 0.8125 13392
0.89375 0.8125 13392
0.89375 0.8125 13392
0.89375 0.8125 13392
0.89375 0.8125 13392
0.89375 0.8125 13392
0.89375 0.8125 13392
0.89375 0.8125 13392
0.89375 0.8125 13392
0.89375 0.8125 13392
0.89375 0.8125 13392
0.89375 0.8125 13392
0.89375 0.8125 13392
0.89375 0.8125 13392
0.89375 0.8125 13392
0.89375 0.8125 13392
0.89375 0.8125 13392
0.89375 0.8125 13392
0.89375 0.8125 13392
0.89375 0.8125 13392
0.89375 0.8125 13392
0.89375 0.8125 13392
0.89375 0.8125 13392
0.89375 0.8125 13392
0.89375 0.8125 13392
0.89375 0.8125 13392
0.89375 0.8125 13392
0.89375 0.8125 13392
0.89375 0.8125 13392
0.89375 0.8125 13392
0.89375 0.8125 13392
0.89375 0.8125 13392
0.89375 0.8125 13392
0.89375 0.8125 13392
0.89375 0.8125 13392
0.89375 0.8125 13392
0.89375 0.8125 13392
0.89375 0.8125 13392
0.89375 0.8125 13392
0.89375 0.8125 13392
0.89375 0.8125 13392
0.89375 0.8125 13392
0.89375 0.8125 13392
0.89375 0.8125 13392
0.89375 0.8125 13392
0.89375 0.8125 13392
0.89375 0.8125 13392
0.89375 0.8125 13392
0.89375 0.8125 13392
0.89375 0.8125 13392
0.89375 0.8125 13392
0.89375 0.8125 13392
0.89375 0.8125 13392
0.89375 0.8125 13392
0.89375 0.8125 13392
0.89375 0.8125 13392
0.89375 0.8125 13392
0.89375 0.8125 13392
0.89375 0.8125 13392
0.89375 0.8125 13392
0.89375 0.8125 13392
0.89375 0.8125 13392
0.89375 0.8125 13392
0.89375 0.8125 13392
0.89375 0.8125 13392
0.89375 0.8125 13392
0.89375 0.8125 13392
0.89375 0.8125 13392
0.89375 0.8125 13392
0.89375 0.8125 13392
0.89375 0.8125 13392
0.89375 0.8125 13392
0.89375 0.8125 13392
0.89375 0.8125 13392
0.89375 0.8125 13392
0.89375 0.8125 13392
0.89375 0.8125 13392
0.89375 0.8125 13392
0.89375 0.8125 13392
0.89375 0.8125 13392
0.89375 0.8125 13392
0.89375 0.8125 13392
0.89375 0.8125 13392
0.89375 0.8125 13392
0.89375 0.8125 13392
0.89375 0.8125 13392
0.89375 0.8125 13392
0.89375 0.8125 13392
0.89375 0.8125 13392
0.89375 0.8125 13392
0.89375 0.8125 13392
0.89375 0.8125 13392
0.89375 0.8125 13392
0.89375 0.8125 13392
0.89375 0.8125 13392
0.89375 0.8125 13392
0.89375 0.8125 13392
0.89375 0.8125 13392
0.89375 0.8125 13392
0.89375 0.8125 13392
0.89375 0.81875 13392
0.89375 0.81875 13392
0.89375 0.81875 13392
0.89375 0.81875 13392
0.89375 0.81875 13392
0.89375 0.81875 13392
0.89375 0.81875 13392
0.89375 0.81875 13392
0.89375 0.81875 13392
0.89375 0.81875 13392
0.89375 0.81875 13392
0.89375 0.81875 13392
0.89375 0.81875 13392
0.89375 0.81875 13392
0.89375 0.81875 13392
0.89375 0.81875 13392
0.89375 0.81875 13392
0.89375 0.81875 13392
0.89375 0.81875 13392
0.89375 0.81875 13392
0.89375 0.81875 13392
0.89375 0.81875 13392
0.89375 0.81875 13392
0.89375 0.81875 13392
0.89375 0.81875 13392
0.89375 0.81875 13392
0.89375 0.81875 13392
0.89375 0.81875 13392
0.89375 0.81875 13392
0.89375 0.81875 13392
0.89375 0.81875 13392
0.89375 0.81875 13392
0.89375 0.81875 13392
0.89375 0.81875 13392
0.89375 0.81875 13392
0.89375 0.81875 13392
0.89375 0.81875 13392
0.89375 0.81875 13392
0.89375 0.81875 13392
0.89375 0.81875 13392
0.89375 0.81875 13392
0.89375 0.81875 13392
0.89375 0.81875 13392
0.89375 0.81875 13392
0.89375 0.81875 13392
0.89375 0.81875 13392
0.89375 0.81875 13392
0.89375 0.81875 13392
0.89375 0.81875 13392
0.89375 0.81875 13392
0.89375 0.81875 13392
0.89375 0.81875 13392
0.89375 0.81875 13392
0.89375 0.81875 13392
0.89375 0.81875 13392
0.89375 0.81875 13392
0.89375 0.81875 13392
0.89375 0.81875 13392
0.89375 0.81875 13392
0.89375 0.81875 13392
0.89375 0.81875 13392
0.89375 0.825 13392
0.89375 0.825 13392
0.89375 0.825 13392
0.89375 0.825 13392
0.89375 0.825 13392
0.89375 0.825 13392
0.89375 0.825 13392
0.89375 0.825 13392
0.89375 0.825 13392
0.89375 0.825 13392
0.89375 0.825 13392
0.89375 0.825 13392
0.89375 0.825 13392
0.89375 0.825 13392
0.89375 0.825 13392
0.89375 0.825 13392
0.89375 0.825 13392
0.89375 0.825 13392
0.89375 0.825 13392
0.89375 0.825 13392
0.89375 0.825 13392
0.89375 0.825 13392
0.89375 0.825 13392
0.89375 0.825 13392
0.89375 0.825 13392
0.89375 0.825 13392
0.89375 0.825 13392
0.89375 0.825 13392
0.89375 0.825 13392
0.89375 0.825 13392
0.89375 0.825 13392
0.89375 0.825 13392
0.89375 0.825 13392
0.89375 0.825 13392
0.89375 0.825 13392
0.89375 0.825 13392
0.89375 0.825 13392
0.89375 0.825 13392
0.89375 0.825 13392
0.89375 0.825 13392
0.89375 0.825 13392
0.89375 0.825 13392
0.89375 0.825 13392
0.89375 0.825 13392
0.89375 0.825 13392
0.89375 0.825 13392
0.89375 0.825 13392
0.89375 0.825 13392
0.89375 0.825 13392
0.89375 0.825 13392
0.89375 0.825 13392
0.89375 0.825 13392
0.89375 0.825 13392
0.89375 0.825 13392
0.89375 0.825 13392
0.89375 0.825 13392
0.89375 0.825 13392
0.89375 0.825 13392
0.89375 0.825 13392
0.89375 0.825 13392
0.89375 0.825 13392
0.89375 0.825 13392
0.89375 0.825 13392
0.89375 0.825 13392
0.89375 0.825 13392
0.89375 0.825 13392
0.89375 0.825 13392
0.89375 0.825 13392
0.89375 0.825 13392
0.89375 0.825 13392
0.89375 0.825 13392
0.89375 0.825 13392
0.89375 0.825 13392
0.89375 0.825 13392
0.89375 0.825 13392
0.89375 0.83125 13392
0.89375 0.83125 13392
0.89375 0.83125 13392
0.89375 0.83125 13392
0.89375 0.83125 13392
0.89375 0.83125 13392
0.89375 0.83125 13392
0.89375 0.83125 13392
0.89375 0.83125 13392
0.89375 0.83125 13392
0.89375 0.83125 13392
0.89375 0.83125 13392
0.89375 0.83125 13392
0.89375 0.83125 13392
0.89375 0.83125 13392
0.89375 0.83125 13392
0.89375 0.83125 13392
0.89375 0.83125 13392
0.89375 0.83125 13392
0.89375 0.83125 13392
0.89375 0.83125 13392
0.89375 0.83125 13392
0.89375 0.83125 13392
0.89375 0.83125 13392
0.89375 0.83125 13392
0.89375 0.83125 13392
0.89375 0.83125 13392
0.89375 0.83125 13392
0.89375 0.83125 13392
0.89375 0.83125 13392
0.89375 0.83125 13392
0.89375 0.83125 13392
0.89375 0.83125 13392
0.89375 0.83125 13392
0.89375 0.83125 13392
0.89375 0.83125 13392
0.89375 0.83125 13392
0.89375 0.83125 13392
0.89375 0.83125 13392
0.89375 0.83125 13392
0.89375 0.83125 13392
0.89375 0.83125 13392
0.89375 0.83125 13392
0.89375 0.83125 13392
0.89375 0.83125 13392
0.89375 0.83125 13392
0.89375 0.83125 13392
0.89375 0.83125 13392
0.89375 0.83125 13392
0.89375 0.83125 13392
0.89375 0.83125 13392
0.89375 0.83125 13392
0.89375 0.83125 13392
0.89375 0.83125 13392
0.89375 0.83125 13392
0.89375 0.83125 13392
0.89375 0.83125 13392
0.89375 0.83125 13392
0.89375 0.83125 13392
0.89375 0.83125 13392
0.89375 0.83125 13392
0.89375 0.83125 13392
0.89375 0.83125 13392
0.89375 0.83125 13392
0.89375 0.83125 13392
0.89375 0.83125 13392
0.89375 0.83125 13392
0.89375 0.83125 13392
0.89375 0.83125 13392
0.89375 0.83125 13392
0.89375 0.83125 13392
0.89375 0.83125 13392
0.89375 0.83125 13392
0.89375 0.83125 13392
0.89375 0.83125 13392
0.89375 0.83125 13392
0.89375 0.83125 13392
0.89375 0.83125 13392
0.89375 0.83125 13392
0.89375 0.83125 13392
0.89375 0.83125 13392
0.89375 0.83125 13392
0.89375 0.83125 13392
0.89375 0.83125 13392
0.89375 0.83125 13392
0.89375 0.83125 13392
0.89375 0.83125 13392
0.89375 0.83125 13392
0.89375 0.83125 13392
0.89375 0.83125 13392
0.89375 0.83125 13392
0.89375 0.83125 13392
0.89375 0.83125 13392
0.89375 0.83125 13392
0.89375 0.83125 13392
0.89375 0.83125 13392
0.89375 0.83125 13392
0.89375 0.83125 13392
0.89375 0.83125 13392
0.89375 0.83125 13392
0.89375 0.83125 13392
0.89375 0.83125 13392
0.89375 0.83125 13392
0.89375 0.83125 13392
0.89375 0.83125 13392
0.89375 0.83125 13392
0.89375 0.83125 13392
0.89375 0.83125 13392
0.89375 0.83125 13392
0.89375 0.83125 13392
0.89375 0.83125 13392
0.89375 0.83125 13392
0.89375 0.83125 13392
0.89375 0.83125 13392
0.89375 0.83125 13392
0.89375 0.83125 13392
0.89375 0.83125 13392
0.89375 0.83125 13392
0.89375 0.83125 13392
0.89375 0.83125 13392
0.89375 0.83125 13392
0.89375 0.83125 13392
0.89375 0.83125 13392
0.89375 0.83125 13392
0.89375 0.83125 13392
0.89375 0.83125 13392
0.89375 0.83125 13392
0.89375 0.83125 13392
0.89375 0.83125 13392
0.89375 0.83125 13392
0.89375 0.83125 13392
0.89375 0.83125 13392
0.89375 0.83125 13392
0.89375 0.83125 13392
0.89375 0.83125 13392
0.89375 0.83125 13392
0.89375 0.83125 13392
0.89375 0.83125 13392
0.89375 0.83125 13392
0.89375 0.83125 13392
0.89375 0.83125 13392
0.89375 0.83125 13392
0.89375 0.83125 13392
0.89375 0.83125 13392
0.89375 0.83125 13392
0.89375 0.83125 13392
0.89375 0.83125 13392
0.89375 0.83125 13392
0.89375 0.83125 13392
0.89375 0.83125 13392
0.89375 0.83125 13392
0.89375 0.83125 13392
0.89375 0.83125 13392
0.89375 0.83125 13392
0.89375 0.83125 13392
0.89375 0.83125 13392
0.89375 0.83125 13392
0.89375 0.83125 13392
0.89375 0.83125 13392
0.89375 0.83125 13392
0.89375 0.83125 13392
0.89375 0.83125 13392
0.89375 0.83125 13392
0.89375 0.83125 13392
0.89375 0.83125 13392
0.89375 0.83125 13392
0.89375 0.83125 13392
0.89375 0.83125 13392
0.89375 0.83125 13392
0.89375 0.83125 13392
0.89375 0.83125 13392
0.89375 0.83125 13392
0.89375 0.83125 13392
0.89375 0.83125 13392
0.89375 0.83125 13392
0.89375 0.83125 13392
0.89375 0.83125 13392
0.89375 0.83125 13392
0.89375 0.83125 13392
0.89375 0.83125 13392
0.89375 0.83125 13392
0.89375 0.83125 13392
0.89375 0.83125 13392
0.89375 0.83125 13392
0.89375 0.83125 13392
0.89375 0.83125 13392
0.89375 0.83125 13392
0.89375 0.83125 13392
0.89375 0.83125 13392
0.89375 0.83125 13392
0.89375 0.83125 13392
0.89375 0.83125 13392
0.89375 0.83125 13392
0.89375 0.83125 13392
0.89375 0.83125 13392
0.89375 0.83125 13392
0.89375 0.83125 13392
0.89375 0.83125 13392
0.89375 0.83125 13392
0.89375 0.83125 13392
0.89375 0.83125 13392
0.89375 0.83125 13392
0.89375 0.83125 13392
0.89375 0.83125 13392
0.89375 0.83125 13392
0.89375 0.83125 13392
0.89375 0.83125 13392
0.89375 0.83125 13392
0.89375 0.83125 13392
0.89375 0.83125 13392
0.89375 0.83125 13392
0.89375 0.83125 13392
0.89375 0.83125 13392
0.89375 0.83125 13392
0.89375 0.83125 13392
0.89375 0.83125 13392
0.89375 0.83125 13392
0.89375 0.83125 13392
0.89375 0.83125 13392
0.89375 0.83125 13392
0.89375 0.83125 13392
0.89375 0.83125 13392
0.89375 0.83125 13392
0.89375 0.83125 13392
0.89375 0.83125 13392
0.89375 0.83125 13392
0.89375 0.83125 13392
0.89375 0.83125 13392
0.89375 0.83125 13392
0.89375 0.83125 13392
0.89375 0.83125 13392
0.89375 0.83125 13392
0.89375 0.83125 13392
0.89375 0.83125 13392
0.89375 0.83125 13392
0.89375 0.83125 13392
0.89375 0.83125 13392
0.89375 0.83125 13392
0.89375 0.83125 13392
0.89375 0.83125 13392
0.89375 0.83125 13392
0.89375 0.83125 13392
0.89375 0.83125 13392
0.89375 0.83125 13392
0.89375 0.83125 13392
0.89375 0.83125 13392
0.89375 0.83125 13392
0.89375 0.83125 13392
0.89375 0.83125 13392
0.89375 0.83125 13392
0.89375 0.83125 13392
0.89375 0.83125 13392
0.89375 0.83125 13392
0.89375 0.83125 13392
0.89375 0.83125 13392
0.89375 0.83125 13392
0.89375 0.83125 13392
0.89375 0.83125 13392
0.89375 0.83125 13392
0.89375 0.83125 13392
0.89375 0.83125 13392
0.89375 0.83125 13392
0.89375 0.83125 13392
0.89375 0.83125 13392
0.89375 0.83125 13392
0.89375 0.83125 13392
0.89375 0.83125 13392
0.89375 0.83125 13392
0.89375 0.83125 13392
0.89375 0.83125 13392
0.89375 0.83125 13392
0.89375 0.83125 13392
0.89375 0.83125 13392
0.89375 0.83125 13392
0.89375 0.83125 13392
0.89375 0.83125 13392
0.89375 0.83125 13392
0.89375 0.83125 13392
0.89375 0.83125 13392
0.89375 0.83125 13392
0.89375 0.83125 13392
0.89375 0.83125 13392
0.89375 0.83125 13392
0.89375 0.83125 13392
0.89375 0.83125 13392
0.89375 0.83125 13392
0.89375 0.83125 13392
0.89375 0.83125 13392
0.89375 0.83125 13392
0.89375 0.83125 13392
0.89375 0.83125 13392
0.89375 0.83125 13392
0.89375 0.83125 13392
0.89375 0.83125 13392
0.89375 0.83125 13392
0.89375 0.83125 13392
0.89375 0.83125 13392
0.89375 0.83125 13392
0.89375 0.83125 13392
0.89375 0.83125 13392
0.89375 0.83125 13392
0.89375 0.83125 13392
0.89375 0.83125 13392
0.89375 0.83125 13392
0.89375 0.8375 13392
0.89375 0.8375 13392
0.89375 0.8375 13392
0.89375 0.8375 13392
0.89375 0.8375 13392
0.89375 0.8375 13392
0.89375 0.8375 13392
0.89375 0.8375 13392
0.89375 0.8375 13392
0.89375 0.8375 13392
0.89375 0.8375 13392
0.89375 0.8375 13392
0.89375 0.8375 13392
0.89375 0.8375 13392
0.89375 0.8375 13392
0.89375 0.8375 13392
0.89375 0.8375 13392
0.89375 0.8375 13392
0.89375 0.8375 13392
0.89375 0.8375 13392
0.89375 0.8375 13392
0.89375 0.8375 13392
0.89375 0.8375 13392
0.89375 0.8375 13392
0.89375 0.8375 13392
0.89375 0.8375 13392
0.89375 0.8375 13392
0.89375 0.8375 13392
0.89375 0.8375 13392
0.89375 0.8375 13392
0.89375 0.8375 13392
0.89375 0.8375 13392
0.89375 0.8375 13392
0.89375 0.8375 13392
0.89375 0.8375 13392
0.89375 0.8375 13392
0.89375 0.8375 13392
0.89375 0.8375 13392
0.89375 0.83125 13392
0.89375 0.83125 13392
0.89375 0.83125 13392
0.89375 0.83125 13392
0.89375 0.83125 13392
0.89375 0.83125 13392
0.89375 0.8375 13392
0.89375 0.8375 13392
0.89375 0.8375 13392
0.89375 0.8375 13392
0.89375 0.8375 13392
0.89375 0.8375 13392
0.89375 0.8375 13392
0.89375 0.8375 13392
0.89375 0.8375 13392
0.89375 0.8375 13392
0.89375 0.8375 13392
0.89375 0.8375 13392
0.89375 0.8375 13392
0.89375 0.8375 13392
0.89375 0.8375 13392
0.89375 0.8375 13392
0.89375 0.8375 13392
0.89375 0.8375 13392
0.89375 0.8375 13392
0.89375 0.8375 13392
0.89375 0.8375 13392
0.89375 0.8375 13392
0.89375 0.8375 13392
0.89375 0.8375 13392
0.89375 0.8375 13392
0.89375 0.8375 13392
0.89375 0.8375 13392
0.89375 0.8375 13392
0.89375 0.8375 13392
0.89375 0.8375 13392
0.89375 0.8375 13392
0.89375 0.8375 13392
0.89375 0.8375 13392
0.89375 0.8375 13392
0.89375 0.8375 13392
0.89375 0.8375 13392
0.89375 0.8375 13392
0.89375 0.8375 13392
0.89375 0.8375 13392
0.89375 0.8375 13392
0.89375 0.8375 13392
0.89375 0.8375 13392
0.89375 0.8375 13392
0.89375 0.8375 13392
0.89375 0.8375 13392
0.89375 0.8375 13392
0.89375 0.8375 13392
0.89375 0.8375 13392
0.89375 0.8375 13392
0.89375 0.8375 13392
0.89375 0.8375 13392
0.89375 0.8375 13392
0.89375 0.8375 13392
0.89375 0.8375 13392
0.89375 0.8375 13392
0.89375 0.8375 13392
0.89375 0.8375 13392
0.89375 0.8375 13392
0.89375 0.8375 13392
0.89375 0.8375 13392
0.89375 0.8375 13392
0.89375 0.8375 13392
0.89375 0.8375 13392
0.89375 0.8375 13392
0.89375 0.8375 13392
0.89375 0.8375 13392
0.89375 0.8375 13392
0.89375 0.8375 13392
0.89375 0.8375 13392
0.89375 0.8375 13392
0.89375 0.8375 13392
0.89375 0.8375 13392
0.89375 0.8375 13392
0.89375 0.8375 13392
0.89375 0.8375 13392
0.89375 0.8375 13392
0.89375 0.8375 13392
0.89375 0.8375 13392
0.89375 0.8375 13392
0.89375 0.8375 13392
0.89375 0.8375 13392
0.89375 0.8375 13392
0.89375 0.8375 13392
0.89375 0.8375 13392
0.89375 0.8375 13392
0.89375 0.8375 13392
0.89375 0.8375 13392
0.89375 0.8375 13392
0.89375 0.8375 13392
0.89375 0.8375 13392
0.89375 0.8375 13392
0.89375 0.8375 13392
0.89375 0.8375 13392
0.89375 0.8375 13392
0.89375 0.8375 13392
0.89375 0.8375 13392
0.89375 0.8375 13392
0.89375 0.8375 13392
0.89375 0.8375 13392
0.89375 0.8375 13392
0.89375 0.8375 13392
0.89375 0.8375 13392
0.89375 0.8375 13392
0.89375 0.8375 13392
0.89375 0.8375 13392
0.89375 0.8375 13392
0.89375 0.8375 13392
0.89375 0.8375 13392
0.89375 0.8375 13392
0.89375 0.8375 13392
0.89375 0.8375 13392
0.89375 0.8375 13392
0.89375 0.8375 13392
0.89375 0.8375 13392
0.89375 0.8375 13392
0.89375 0.8375 13392
0.89375 0.8375 13392
0.89375 0.8375 13392
0.89375 0.8375 13392
0.89375 0.8375 13392
0.89375 0.8375 13392
0.89375 0.8375 13392
0.89375 0.8375 13392
0.89375 0.8375 13392
0.89375 0.8375 13392
0.89375 0.8375 13392
0.89375 0.8375 13392
0.89375 0.8375 13392
0.89375 0.8375 13392
0.89375 0.8375 13392
0.89375 0.8375 13392
0.89375 0.8375 13392
0.89375 0.8375 13392
0.89375 0.8375 13392
0.89375 0.8375 13392
0.89375 0.8375 13392
0.89375 0.8375 13392
0.89375 0.8375 13392
0.89375 0.8375 13392
0.89375 0.8375 13392
0.89375 0.8375 13392
0.89375 0.8375 13392
0.89375 0.8375 13392
0.89375 0.8375 13392
0.89375 0.8375 13392
0.89375 0.8375 13392
0.89375 0.8375 13392
0.89375 0.8375 13392
0.89375 0.8375 13392
0.89375 0.8375 13392
0.89375 0.8375 13392
0.89375 0.8375 13392
0.89375 0.8375 13392
0.89375 0.8375 13392
0.89375 0.8375 13392
0.89375 0.8375 13392
0.89375 0.8375 13392
0.89375 0.8375 13392
0.89375 0.8375 13392
0.89375 0.8375 13392
0.89375 0.8375 13392
0.89375 0.8375 13392
0.89375 0.8375 13392
0.89375 0.8375 13392
0.89375 0.8375 13392
0.89375 0.8375 13392
0.89375 0.8375 13392
0.89375 0.8375 13392
0.89375 0.8375 13392
0.89375 0.8375 13392
0.89375 0.8375 13392
0.89375 0.8375 13392
0.89375 0.8375 13392
0.89375 0.8375 13392
0.89375 0.8375 13392
0.89375 0.8375 13392
0.89375 0.8375 13392
0.89375 0.8375 13392
0.89375 0.8375 13392
0.89375 0.8375 13392
0.89375 0.8375 13392
0.89375 0.8375 13392
0.89375 0.8375 13392
0.89375 0.8375 13392
0.89375 0.8375 13392
0.89375 0.8375 13392
0.89375 0.8375 13392
0.89375 0.8375 13392
0.89375 0.8375 13392
0.89375 0.8375 13392
0.89375 0.8375 13392
0.89375 0.8375 13392
0.89375 0.8375 13392
0.89375 0.8375 13392
0.89375 0.8375 13392
0.89375 0.8375 13392
0.89375 0.8375 13392
0.89375 0.8375 13392
0.89375 0.8375 13392
0.89375 0.8375 13392
0.89375 0.8375 13392
0.89375 0.8375 13392
0.89375 0.8375 13392
0.89375 0.8375 13392
0.89375 0.8375 13392
0.89375 0.8375 13392
0.89375 0.8375 13392
0.89375 0.8375 13392
0.89375 0.8375 13392
0.89375 0.8375 13392
0.89375 0.8375 13392
0.89375 0.8375 13392
0.89375 0.8375 13392
0.89375 0.8375 13392
0.89375 0.8375 13392
0.89375 0.8375 13392
0.89375 0.8375 13392
0.89375 0.8375 13392
0.89375 0.8375 13392
0.89375 0.8375 13392
0.89375 0.8375 13392
0.89375 0.8375 13392
0.89375 0.8375 13392
0.89375 0.8375 13392
0.89375 0.8375 13392
0.89375 0.8375 13392
0.89375 0.8375 13392
0.89375 0.8375 13392
0.89375 0.8375 13392
0.89375 0.8375 13392
0.89375 0.8375 13392
0.89375 0.8375 13392
0.89375 0.8375 13392
0.89375 0.8375 13392
0.89375 0.8375 13392
0.89375 0.8375 13392
0.89375 0.8375 13392
0.89375 0.8375 13392
0.89375 0.8375 13392
0.89375 0.8375 13392
0.89375 0.8375 13392
0.89375 0.8375 13392
0.89375 0.8375 13392
0.89375 0.8375 13392
0.89375 0.8375 13392
0.89375 0.8375 13392
0.89375 0.8375 13392
0.89375 0.8375 13392
0.89375 0.8375 13392
0.89375 0.8375 13392
0.89375 0.8375 13392
0.89375 0.8375 13392
0.89375 0.8375 13392
0.89375 0.8375 13392
0.89375 0.8375 13392
0.89375 0.8375 13392
0.89375 0.8375 13392
0.89375 0.8375 13392
0.89375 0.8375 13392
0.89375 0.8375 13392
0.89375 0.8375 13392
0.89375 0.8375 13392
0.89375 0.8375 13392
0.89375 0.8375 13392
0.89375 0.8375 13392
0.89375 0.8375 13392
0.89375 0.8375 13392
0.89375 0.8375 13392
0.89375 0.84375 13392
0.89375 0.84375 13392
0.89375 0.84375 13392
0.89375 0.84375 13392
0.89375 0.84375 13392
0.89375 0.84375 13392
0.89375 0.84375 13392
0.89375 0.84375 13392
0.89375 0.84375 13392
0.89375 0.84375 13392
0.89375 0.84375 13392
0.89375 0.84375 13392
0.89375 0.84375 13392
0.89375 0.84375 13392
0.89375 0.84375 13392
0.89375 0.84375 13392
0.89375 0.84375 13392
0.89375 0.84375 13392
0.89375 0.84375 13392
0.89375 0.84375 13392
0.89375 0.84375 13392
0.89375 0.84375 13392
0.89375 0.84375 13392
0.89375 0.84375 13392
0.89375 0.84375 13392
0.89375 0.84375 13392
0.89375 0.84375 13392
0.89375 0.84375 13392
0.89375 0.84375 13392
0.89375 0.84375 13392
0.89375 0.84375 13392
0.89375 0.84375 13392
0.89375 0.84375 13392
0.89375 0.84375 13392
0.89375 0.84375 13392
0.89375 0.84375 13392
0.89375 0.84375 13392
0.89375 0.84375 13392
0.89375 0.84375 13392
0.89375 0.84375 13392
0.89375 0.84375 13392
0.89375 0.84375 13392
0.89375 0.84375 13392
0.89375 0.84375 13392
0.89375 0.84375 13392
0.89375 0.84375 13392
0.89375 0.84375 13392
0.89375 0.84375 13392
0.89375 0.84375 13392
0.89375 0.84375 13392
0.89375 0.84375 13392
0.89375 0.84375 13392
0.89375 0.84375 13392
0.89375 0.84375 13392
0.89375 0.84375 13392
0.89375 0.84375 13392
0.89375 0.84375 13392
0.89375 0.84375 13392
0.89375 0.84375 13392
0.89375 0.84375 13392
0.89375 0.84375 13392
0.89375 0.84375 13392
0.89375 0.84375 13392
0.89375 0.84375 13392
0.89375 0.84375 13392
0.89375 0.84375 13392
0.89375 0.84375 13392
0.89375 0.84375 13392
0.89375 0.84375 13392
0.89375 0.84375 13392
0.89375 0.84375 13392
0.89375 0.84375 13392
0.89375 0.84375 13392
0.89375 0.84375 13392
0.89375 0.84375 13392
0.89375 0.84375 13392
0.89375 0.84375 13392
0.89375 0.84375 13392
0.89375 0.84375 13392
0.89375 0.84375 13392
0.89375 0.84375 13392
0.89375 0.84375 13392
0.89375 0.84375 13392
0.89375 0.84375 13392
0.89375 0.84375 13392
0.89375 0.84375 13392
0.89375 0.84375 13392
0.89375 0.84375 13392
0.89375 0.84375 13392
0.89375 0.84375 13392
0.89375 0.84375 13392
0.89375 0.84375 13392
0.89375 0.84375 13392
0.89375 0.84375 13392
0.89375 0.84375 13392
0.89375 0.84375 13392
0.89375 0.84375 13392
0.89375 0.84375 13392
0.89375 0.84375 13392
0.89375 0.84375 13392
0.89375 0.84375 13392
0.89375 0.84375 13392
0.89375 0.84375 13392
0.89375 0.84375 13392
0.89375 0.84375 13392
0.89375 0.84375 13392
0.89375 0.84375 13392
0.89375 0.84375 13392
0.89375 0.84375 13392
0.89375 0.84375 13392
0.89375 0.84375 13392
0.89375 0.84375 13392
0.89375 0.84375 13392
0.89375 0.84375 13392
0.89375 0.84375 13392
0.89375 0.84375 13392
0.89375 0.84375 13392
0.89375 0.84375 13392
0.89375 0.84375 13392
0.89375 0.84375 13392
0.89375 0.84375 13392
0.89375 0.84375 13392
0.89375 0.84375 13392
0.89375 0.84375 13392
0.89375 0.84375 13392
0.89375 0.84375 13392
0.89375 0.84375 13392
0.89375 0.84375 13392
