0.803125 0.79375 596
0.765625 0.765625 1102
0.715625 0.703125 1564
0.753125 0.75 1720
0.715625 0.71875 1876
0.70625 0.71875 2008
0.696875 0.728125 2140
0.69375 0.73125 2272
0.696875 0.728125 2404
0.7 0.74375 2536
0.690625 0.734375 2668
0.690625 0.74375 2778
0.69375 0.740625 2888
0.690625 0.725 2998
0.690625 0.73125 3108
0.7 0.73125 3198
0.696875 0.728125 3288
0.715625 0.7375 3378
0.715625 0.734375 3450
0.715625 0.734375 3522
0.7125 0.7375 3594
0.7125 0.7375 3666
0.7125 0.73125 3738
0.73125 0.7375 3810
0.73125 0.73125 3882
0.73125 0.740625 3954
0.734375 0.734375 4026
0.73125 0.7375 4082
0.734375 0.7375 4138
0.74375 0.740625 4194
0.753125 0.78125 4250
0.753125 0.775 4306
0.753125 0.7875 4362
0.753125 0.771875 4418
0.753125 0.771875 4474
0.753125 0.78125 4530
0.746875 0.78125 4586
0.74375 0.78125 4642
0.740625 0.78125 4698
0.7375 0.78125 4754
0.734375 0.771875 4810
0.73125 0.778125 4866
0.73125 0.7875 4922
0.728125 0.7875 4964
0.740625 0.79375 5006
0.759375 0.825 5048
0.759375 0.821875 5090
0.759375 0.821875 5132
0.759375 0.825 5174
0.759375 0.83125 5216
0.75625 0.825 5258
0.75625 0.825 5300
0.7625 0.83125 5342
0.759375 0.83125 5384
0.759375 0.83125 5426
0.7625 0.83125 5468
0.7625 0.825 5510
0.759375 0.81875 5552
0.7625 0.834375 5594
0.7625 0.83125 5636
0.759375 0.825 5678
0.759375 0.81875 5720
0.759375 0.81875 5762
0.765625 0.8125 5804
0.765625 0.8125 5846
0.771875 0.815625 5888
0.771875 0.803125 5930
0.76875 0.803125 5972
0.76875 0.8125 6002
0.76875 0.80625 6032
0.765625 0.8 6062
0.765625 0.80625 6092
0.765625 0.796875 6122
0.765625 0.7875 6152
0.765625 0.790625 6182
0.78125 0.815625 6212
0.778125 0.821875 6242
0.778125 0.821875 6272
0.778125 0.821875 6302
0.778125 0.821875 6332
0.778125 0.828125 6362
0.778125 0.828125 6392
0.7875 0.828125 6422
0.790625 0.821875 6452
0.790625 0.83125 6482
0.790625 0.834375 6512
0.790625 0.8375 6542
0.7875 0.8375 6572
0.7875 0.825 6602
0.7875 0.8125 6632
0.7875 0.815625 6662
0.7875 0.815625 6692
0.7875 0.809375 6722
0.7875 0.809375 6752
0.7875 0.809375 6782
0.8125 0.85 6812
0.8125 0.85 6842
0.8125 0.85 6872
0.8125 0.85 6902
0.8125 0.85 6932
0.8125 0.85 6962
0.8125 0.85625 6992
0.8125 0.85625 7022
0.8125 0.85625 7052
0.8125 0.8625 7082
0.8125 0.8625 7112
0.815625 0.86875 7142
0.8125 0.8625 7172
0.8125 0.8625 7202
0.8125 0.85625 7232
0.821875 0.86875 7262
0.821875 0.8625 7292
0.821875 0.859375 7312
0.821875 0.853125 7332
0.821875 0.85 7352
0.821875 0.85625 7372
0.821875 0.85 7392
0.821875 0.86875 7412
0.821875 0.8625 7432
0.825 0.85625 7452
0.825 0.85625 7472
0.821875 0.853125 7492
0.821875 0.85 7512
0.821875 0.859375 7532
0.825 0.85 7552
0.825 0.85625 7572
0.825 0.853125 7592
0.825 0.85 7612
0.825 0.853125 7632
0.825 0.85625 7652
0.825 0.85625 7672
0.825 0.85625 7692
0.825 0.85625 7712
0.825 0.85625 7732
0.825 0.85625 7752
0.825 0.85625 7772
0.825 0.85625 7792
0.825 0.85625 7812
0.825 0.85625 7832
0.825 0.85625 7852
0.825 0.85625 7872
0.825 0.85625 7892
0.828125 0.85625 7912
0.828125 0.85625 7932
0.828125 0.85625 7952
0.828125 0.85625 7972
0.825 0.8625 7992
0.825 0.8625 8012
0.825 0.8625 8032
0.825 0.85625 8052
0.825 0.85625 8072
0.825 0.859375 8092
0.825 0.8625 8112
0.825 0.8625 8132
0.825 0.8625 8152
0.828125 0.86875 8172
0.828125 0.865625 8192
0.828125 0.865625 8212
0.825 0.859375 8232
0.825 0.85625 8252
0.821875 0.859375 8272
0.821875 0.8625 8292
0.821875 0.8625 8312
0.821875 0.86875 8332
0.821875 0.86875 8352
0.821875 0.8625 8372
0.821875 0.865625 8392
0.821875 0.86875 8412
0.821875 0.86875 8432
0.821875 0.859375 8452
0.821875 0.8625 8472
0.821875 0.85625 8492
0.825 0.85625 8512
0.81875 0.85625 8532
0.81875 0.85625 8552
0.815625 0.85625 8572
0.81875 0.85625 8592
0.81875 0.85625 8612
0.81875 0.85625 8632
0.81875 0.85625 8652
0.815625 0.85625 8672
0.815625 0.85625 8692
0.825 0.85625 8712
0.83125 0.85625 8732
0.83125 0.85625 8752
0.83125 0.853125 8772
0.83125 0.85 8792
0.83125 0.85 8812
0.83125 0.85 8832
0.83125 0.85 8852
0.83125 0.85 8872
0.83125 0.85 8892
0.83125 0.85 8912
0.828125 0.85 8932
0.828125 0.85 8944
0.828125 0.85 8956
0.828125 0.85 8968
0.828125 0.853125 8980
0.828125 0.853125 8992
0.828125 0.853125 9004
0.828125 0.859375 9016
0.828125 0.859375 9028
0.828125 0.859375 9040
0.828125 0.859375 9052
0.828125 0.865625 9064
0.828125 0.865625 9076
0.828125 0.86875 9088
0.828125 0.86875 9100
0.828125 0.86875 9112
0.828125 0.86875 9124
0.828125 0.86875 9136
0.828125 0.86875 9148
0.828125 0.86875 9160
0.828125 0.86875 9172
0.828125 0.86875 9184
0.828125 0.86875 9196
0.828125 0.8625 9208
0.828125 0.8625 9220
0.828125 0.8625 9232
0.828125 0.8625 9244
0.83125 0.8625 9256
0.83125 0.85625 9268
0.83125 0.85625 9280
0.83125 0.85625 9292
0.83125 0.85625 9304
0.83125 0.85625 9316
0.83125 0.85625 9328
0.83125 0.85625 9340
0.83125 0.85625 9352
0.83125 0.85625 9364
0.83125 0.85625 9376
0.828125 0.859375 9388
0.828125 0.8625 9400
0.828125 0.8625 9412
0.828125 0.8625 9424
0.828125 0.85625 9436
0.828125 0.85 9448
0.828125 0.85625 9460
0.828125 0.85625 9472
0.828125 0.859375 9484
0.828125 0.859375 9496
0.828125 0.85625 9508
0.828125 0.840625 9520
0.828125 0.840625 9532
0.828125 0.840625 9544
0.84375 0.871875 9556
0.853125 0.871875 9568
0.853125 0.871875 9580
0.853125 0.875 9592
0.853125 0.878125 9604
0.853125 0.878125 9616
0.853125 0.878125 9628
0.853125 0.878125 9640
0.853125 0.878125 9652
0.853125 0.878125 9664
0.853125 0.878125 9676
0.853125 0.878125 9688
0.853125 0.878125 9700
0.853125 0.88125 9712
0.853125 0.88125 9724
0.853125 0.88125 9736
0.853125 0.88125 9748
0.853125 0.88125 9760
0.853125 0.88125 9772
0.853125 0.88125 9784
0.853125 0.88125 9796
0.853125 0.875 9808
0.853125 0.86875 9820
0.853125 0.86875 9832
0.853125 0.86875 9844
0.85625 0.86875 9856
0.859375 0.86875 9868
0.859375 0.86875 9880
0.859375 0.86875 9892
0.859375 0.86875 9904
0.859375 0.86875 9916
0.859375 0.86875 9928
0.859375 0.875 9940
0.8625 0.875 9952
0.8625 0.88125 9964
0.8625 0.884375 9976
0.8625 0.8875 9988
0.8625 0.8875 10000
0.8625 0.871875 10012
0.8625 0.875 10024
0.8625 0.875 10036
0.8625 0.875 10048
0.8625 0.88125 10060
0.8625 0.88125 10072
0.8625 0.88125 10084
0.8625 0.875 10096
0.8625 0.875 10108
0.8625 0.86875 10120
0.859375 0.86875 10132
0.859375 0.86875 10144
0.859375 0.86875 10156
0.859375 0.86875 10168
0.859375 0.86875 10180
0.859375 0.86875 10192
0.859375 0.86875 10204
0.859375 0.86875 10216
0.859375 0.86875 10228
0.859375 0.86875 10240
0.859375 0.86875 10252
0.859375 0.86875 10264
0.859375 0.86875 10276
0.859375 0.86875 10288
0.859375 0.86875 10300
0.859375 0.86875 10312
0.859375 0.86875 10324
0.859375 0.86875 10336
0.859375 0.86875 10348
0.859375 0.86875 10360
0.859375 0.86875 10372
0.859375 0.86875 10384
0.859375 0.86875 10396
0.85625 0.86875 10408
0.85625 0.86875 10420
0.859375 0.86875 10432
0.859375 0.86875 10444
0.859375 0.86875 10456
0.8625 0.86875 10468
0.8625 0.875 10480
0.8625 0.875 10492
0.8625 0.875 10504
0.8625 0.875 10516
0.859375 0.875 10528
0.859375 0.875 10540
0.859375 0.875 10552
0.859375 0.875 10564
0.859375 0.88125 10576
0.859375 0.88125 10588
0.859375 0.875 10600
0.859375 0.875 10612
0.859375 0.88125 10624
0.859375 0.88125 10636
0.859375 0.88125 10648
0.8625 0.875 10660
0.8625 0.875 10672
0.8625 0.875 10684
0.8625 0.875 10696
0.8625 0.875 10708
0.859375 0.86875 10720
0.859375 0.871875 10732
0.859375 0.871875 10744
0.859375 0.871875 10756
0.8625 0.871875 10762
0.8625 0.878125 10768
0.8625 0.878125 10774
0.8625 0.88125 10780
0.8625 0.878125 10786
0.8625 0.884375 10792
0.8625 0.884375 10798
0.8625 0.884375 10804
0.8625 0.884375 10810
0.8625 0.884375 10816
0.8625 0.884375 10822
0.8625 0.884375 10828
0.8625 0.884375 10834
0.8625 0.8875 10840
0.8625 0.8875 10846
0.8625 0.8875 10852
0.8625 0.8875 10858
0.8625 0.8875 10864
0.8625 0.8875 10870
0.8625 0.8875 10876
0.8625 0.8875 10882
0.8625 0.8875 10888
0.8625 0.8875 10894
0.8625 0.8875 10900
0.8625 0.8875 10906
0.8625 0.8875 10912
0.8625 0.8875 10918
0.8625 0.8875 10924
0.8625 0.8875 10930
0.8625 0.8875 10936
0.8625 0.8875 10942
0.8625 0.8875 10948
0.8625 0.8875 10954
0.8625 0.8875 10960
0.8625 0.8875 10966
0.8625 0.8875 10972
0.8625 0.8875 10978
0.8625 0.8875 10984
0.8625 0.8875 10990
0.8625 0.8875 10996
0.8625 0.8875 11002
0.8625 0.8875 11008
0.859375 0.8875 11014
0.859375 0.88125 11020
0.859375 0.88125 11026
0.859375 0.88125 11032
0.859375 0.88125 11038
0.859375 0.884375 11044
0.859375 0.884375 11050
0.85625 0.884375 11056
0.85625 0.884375 11062
0.85625 0.884375 11068
0.85625 0.884375 11074
0.85625 0.878125 11080
0.85625 0.878125 11086
0.85625 0.878125 11092
0.85625 0.878125 11098
0.85625 0.878125 11104
0.85625 0.878125 11110
0.85625 0.878125 11116
0.85625 0.878125 11122
0.85625 0.88125 11128
0.85625 0.88125 11134
0.85625 0.878125 11140
0.85625 0.878125 11146
0.85625 0.88125 11152
0.85625 0.88125 11158
0.85625 0.88125 11164
0.85625 0.88125 11170
0.85625 0.88125 11176
0.85625 0.88125 11182
0.85625 0.88125 11188
0.85625 0.88125 11194
0.85625 0.878125 11200
0.85625 0.878125 11206
0.85625 0.878125 11212
0.85625 0.878125 11218
0.859375 0.875 11224
0.859375 0.875 11230
0.859375 0.875 11236
0.859375 0.875 11242
0.859375 0.875 11248
0.859375 0.875 11254
0.859375 0.875 11260
0.859375 0.86875 11266
0.859375 0.86875 11272
0.859375 0.86875 11278
0.859375 0.86875 11284
0.859375 0.86875 11290
0.859375 0.86875 11296
0.859375 0.86875 11302
0.859375 0.86875 11308
0.859375 0.86875 11314
0.859375 0.86875 11320
0.859375 0.86875 11326
0.859375 0.86875 11332
0.859375 0.86875 11338
0.859375 0.86875 11344
0.859375 0.86875 11350
0.859375 0.86875 11356
0.859375 0.8625 11362
0.859375 0.8625 11368
0.859375 0.8625 11374
0.859375 0.8625 11380
0.859375 0.8625 11386
0.859375 0.8625 11392
0.859375 0.8625 11398
0.859375 0.8625 11404
0.859375 0.85625 11410
0.859375 0.85625 11416
0.859375 0.85625 11422
0.859375 0.85625 11428
0.859375 0.85625 11434
0.859375 0.85625 11440
0.859375 0.85625 11446
0.859375 0.85625 11452
0.859375 0.85625 11458
0.8625 0.85625 11464
0.8625 0.85625 11470
0.8625 0.85625 11476
0.8625 0.85625 11482
0.8625 0.85625 11488
0.8625 0.85625 11494
0.8625 0.85625 11500
0.8625 0.85625 11506
0.8625 0.85625 11512
0.859375 0.85625 11518
0.859375 0.85625 11524
0.859375 0.85625 11530
0.859375 0.85625 11536
0.859375 0.85625 11542
0.865625 0.85625 11548
0.865625 0.85625 11554
0.865625 0.85625 11560
0.865625 0.85625 11566
0.865625 0.85625 11572
0.865625 0.85625 11578
0.865625 0.85625 11584
0.865625 0.85 11590
0.865625 0.85 11596
0.865625 0.85 11602
0.865625 0.85 11608
0.865625 0.85 11614
0.865625 0.85 11620
0.865625 0.85 11626
0.865625 0.85 11632
0.865625 0.85 11638
0.865625 0.85 11644
0.865625 0.85 11650
0.865625 0.85 11656
0.865625 0.85 11662
0.865625 0.85 11668
0.865625 0.85 11674
0.865625 0.85 11680
0.8625 0.85 11686
0.8625 0.85 11692
0.8625 0.85 11698
0.8625 0.85 11704
0.8625 0.85 11710
0.8625 0.85 11716
0.8625 0.85 11722
0.859375 0.85625 11728
0.859375 0.85625 11734
0.859375 0.85625 11740
0.859375 0.85625 11746
0.859375 0.85625 11752
0.859375 0.85625 11758
0.859375 0.85625 11764
0.859375 0.85625 11770
0.859375 0.85625 11776
0.859375 0.85625 11782
0.859375 0.85625 11788
0.859375 0.85625 11794
0.859375 0.85625 11800
0.859375 0.85625 11806
0.859375 0.85625 11812
0.859375 0.85625 11818
0.859375 0.85625 11824
0.859375 0.85625 11830
0.859375 0.85625 11836
0.859375 0.85625 11842
0.859375 0.85625 11848
0.859375 0.85625 11854
0.85625 0.85625 11860
0.853125 0.85625 11866
0.853125 0.85625 11872
0.853125 0.85625 11878
0.853125 0.85625 11884
0.853125 0.85625 11890
0.853125 0.85625 11896
0.853125 0.85625 11902
0.853125 0.85625 11908
0.853125 0.85625 11914
0.853125 0.85625 11920
0.853125 0.85625 11926
0.853125 0.85625 11932
0.853125 0.85625 11938
0.853125 0.85625 11944
0.853125 0.85625 11950
0.853125 0.85625 11956
0.853125 0.85625 11962
0.853125 0.85625 11968
0.85 0.85625 11974
0.85 0.85625 11980
0.85 0.85625 11986
0.85 0.85625 11992
0.85 0.85625 11998
0.85 0.85625 12004
0.85 0.85625 12010
0.85 0.85625 12016
0.85 0.8625 12022
0.85 0.8625 12028
0.85 0.8625 12034
0.85 0.8625 12040
0.85 0.8625 12046
0.85 0.8625 12052
0.85 0.8625 12058
0.85 0.8625 12064
0.85 0.8625 12070
0.85 0.86875 12076
0.85 0.86875 12082
0.85 0.86875 12088
0.85 0.86875 12094
0.85 0.86875 12100
0.85 0.86875 12106
0.85 0.86875 12112
0.85 0.86875 12118
0.85 0.86875 12124
0.85 0.86875 12130
0.85 0.865625 12136
0.85 0.8625 12142
0.85 0.8625 12148
0.85 0.8625 12154
0.85 0.8625 12160
0.85 0.8625 12166
0.85 0.865625 12172
0.85 0.865625 12178
0.85 0.865625 12184
0.85 0.86875 12190
0.85 0.86875 12196
0.85 0.86875 12202
0.846875 0.86875 12208
0.846875 0.871875 12214
0.846875 0.875 12220
0.846875 0.875 12226
0.846875 0.875 12232
0.846875 0.875 12238
0.846875 0.875 12244
0.846875 0.875 12246
0.846875 0.875 12248
0.846875 0.875 12250
0.846875 0.875 12252
0.846875 0.875 12254
0.846875 0.875 12256
0.846875 0.875 12258
0.846875 0.875 12260
0.846875 0.875 12262
0.846875 0.875 12264
0.846875 0.875 12266
0.846875 0.875 12268
0.846875 0.875 12270
0.846875 0.875 12272
0.846875 0.875 12274
0.846875 0.86875 12276
0.846875 0.86875 12278
0.846875 0.86875 12280
0.846875 0.86875 12282
0.846875 0.86875 12284
0.846875 0.86875 12286
0.846875 0.86875 12288
0.846875 0.871875 12290
0.846875 0.871875 12292
0.846875 0.875 12294
0.846875 0.875 12296
0.846875 0.875 12298
0.846875 0.875 12300
0.846875 0.875 12302
0.846875 0.875 12304
0.846875 0.875 12306
0.846875 0.875 12308
0.846875 0.875 12310
0.846875 0.875 12312
0.846875 0.875 12314
0.846875 0.875 12316
0.846875 0.875 12318
0.846875 0.875 12320
0.846875 0.875 12322
0.846875 0.875 12324
0.846875 0.875 12326
0.846875 0.875 12328
0.846875 0.875 12330
0.846875 0.875 12332
0.846875 0.875 12334
0.846875 0.875 12336
0.846875 0.875 12338
0.846875 0.875 12340
0.846875 0.875 12342
0.846875 0.875 12344
0.846875 0.875 12346
0.846875 0.875 12348
0.846875 0.875 12350
0.846875 0.875 12352
0.846875 0.875 12354
0.846875 0.875 12356
0.846875 0.875 12358
0.846875 0.875 12360
0.846875 0.875 12362
0.846875 0.875 12364
0.846875 0.875 12366
0.846875 0.875 12368
0.846875 0.875 12370
0.846875 0.875 12372
0.846875 0.875 12374
0.846875 0.875 12376
0.846875 0.875 12378
0.846875 0.875 12380
0.846875 0.875 12382
0.846875 0.875 12384
0.846875 0.86875 12386
0.846875 0.86875 12388
0.846875 0.86875 12390
0.846875 0.86875 12392
0.846875 0.86875 12394
0.846875 0.86875 12396
0.846875 0.86875 12398
0.846875 0.86875 12400
0.846875 0.86875 12402
0.846875 0.86875 12404
0.846875 0.86875 12406
0.846875 0.86875 12408
0.853125 0.875 12410
0.853125 0.875 12412
0.853125 0.875 12414
0.853125 0.875 12416
0.859375 0.875 12418
0.865625 0.88125 12420
0.865625 0.88125 12422
0.86875 0.88125 12424
0.86875 0.88125 12426
0.871875 0.8875 12428
0.871875 0.8875 12430
0.871875 0.8875 12432
0.871875 0.8875 12434
0.871875 0.8875 12436
0.871875 0.8875 12438
0.871875 0.8875 12440
0.871875 0.8875 12442
0.871875 0.8875 12444
0.871875 0.8875 12446
0.871875 0.8875 12448
0.871875 0.8875 12450
0.871875 0.8875 12452
0.871875 0.8875 12454
0.871875 0.8875 12456
0.871875 0.8875 12458
0.871875 0.8875 12460
0.871875 0.8875 12462
0.871875 0.8875 12464
0.871875 0.8875 12466
0.871875 0.8875 12468
0.871875 0.8875 12470
0.871875 0.8875 12472
0.871875 0.8875 12474
0.871875 0.8875 12476
0.871875 0.8875 12478
0.871875 0.8875 12480
0.871875 0.8875 12482
0.871875 0.8875 12484
0.871875 0.8875 12486
0.871875 0.8875 12488
0.871875 0.8875 12490
0.871875 0.8875 12492
0.871875 0.8875 12494
0.871875 0.8875 12496
0.871875 0.8875 12498
0.871875 0.8875 12500
0.871875 0.8875 12502
0.871875 0.8875 12504
0.871875 0.8875 12506
0.871875 0.8875 12508
0.871875 0.8875 12510
0.871875 0.8875 12512
0.871875 0.8875 12514
0.871875 0.8875 12516
0.871875 0.8875 12518
0.871875 0.8875 12520
0.871875 0.8875 12522
0.871875 0.8875 12524
0.871875 0.8875 12526
0.871875 0.8875 12528
0.871875 0.8875 12530
0.871875 0.8875 12532
0.871875 0.8875 12534
0.871875 0.8875 12536
0.871875 0.8875 12538
0.871875 0.8875 12540
0.871875 0.8875 12542
0.871875 0.8875 12544
0.871875 0.8875 12546
0.871875 0.8875 12548
0.871875 0.8875 12550
0.871875 0.8875 12552
0.871875 0.8875 12554
0.871875 0.8875 12556
0.871875 0.8875 12558
0.871875 0.8875 12560
0.871875 0.8875 12562
0.871875 0.8875 12564
0.871875 0.8875 12566
0.871875 0.8875 12568
0.871875 0.8875 12570
0.871875 0.8875 12572
0.871875 0.8875 12574
0.871875 0.8875 12576
0.871875 0.8875 12578
0.871875 0.8875 12580
0.871875 0.8875 12582
0.871875 0.8875 12584
0.871875 0.8875 12586
0.871875 0.8875 12588
0.871875 0.8875 12590
0.871875 0.8875 12592
0.871875 0.8875 12594
0.871875 0.8875 12596
0.871875 0.8875 12598
0.871875 0.8875 12600
0.871875 0.8875 12602
0.871875 0.8875 12604
0.871875 0.8875 12606
0.871875 0.8875 12608
0.871875 0.8875 12610
0.871875 0.8875 12612
0.871875 0.8875 12614
0.871875 0.8875 12616
0.871875 0.8875 12618
0.871875 0.8875 12620
0.871875 0.8875 12622
0.871875 0.8875 12624
0.871875 0.8875 12626
0.871875 0.8875 12628
0.871875 0.8875 12630
0.871875 0.8875 12632
0.871875 0.8875 12634
0.871875 0.8875 12636
0.871875 0.8875 12638
0.871875 0.8875 12640
0.871875 0.8875 12642
0.871875 0.8875 12644
0.871875 0.8875 12646
0.871875 0.8875 12648
0.871875 0.8875 12650
0.871875 0.8875 12652
0.871875 0.8875 12654
0.871875 0.8875 12656
0.871875 0.8875 12658
0.871875 0.8875 12660
0.871875 0.8875 12662
0.871875 0.8875 12664
0.871875 0.8875 12666
0.871875 0.8875 12668
0.871875 0.8875 12670
0.871875 0.8875 12672
0.871875 0.884375 12674
0.871875 0.88125 12676
0.871875 0.88125 12678
0.871875 0.88125 12680
0.871875 0.88125 12682
0.871875 0.88125 12684
0.871875 0.88125 12686
0.871875 0.88125 12688
0.871875 0.88125 12690
0.871875 0.88125 12692
0.871875 0.88125 12694
0.871875 0.88125 12696
0.871875 0.875 12698
0.871875 0.875 12700
0.871875 0.875 12702
0.871875 0.875 12704
0.871875 0.875 12706
0.871875 0.875 12708
0.871875 0.875 12710
0.871875 0.875 12712
0.871875 0.875 12714
0.871875 0.875 12716
0.871875 0.875 12718
0.871875 0.875 12720
0.871875 0.875 12722
0.871875 0.88125 12724
0.871875 0.8875 12726
0.871875 0.8875 12728
0.871875 0.8875 12730
0.871875 0.8875 12732
0.871875 0.8875 12734
0.871875 0.8875 12736
0.871875 0.8875 12738
0.871875 0.8875 12740
0.871875 0.8875 12742
0.871875 0.8875 12744
0.871875 0.8875 12746
0.871875 0.8875 12748
0.871875 0.8875 12750
0.871875 0.8875 12752
0.871875 0.88125 12754
0.871875 0.8875 12756
0.871875 0.8875 12758
0.871875 0.89375 12760
0.871875 0.89375 12762
0.871875 0.89375 12764
0.871875 0.89375 12766
0.871875 0.89375 12768
0.871875 0.89375 12770
0.871875 0.89375 12772
0.871875 0.89375 12774
0.871875 0.89375 12776
0.871875 0.89375 12778
0.871875 0.89375 12780
0.871875 0.89375 12782
0.871875 0.89375 12784
0.871875 0.89375 12786
0.871875 0.89375 12788
0.871875 0.89375 12790
0.871875 0.89375 12792
0.871875 0.89375 12794
0.871875 0.89375 12796
0.871875 0.89375 12798
0.871875 0.89375 12800
0.871875 0.8875 12802
0.871875 0.8875 12804
0.871875 0.89375 12806
0.871875 0.89375 12808
0.871875 0.89375 12810
0.871875 0.89375 12812
0.871875 0.89375 12814
0.871875 0.8875 12816
0.871875 0.8875 12818
0.871875 0.8875 12820
0.871875 0.8875 12822
0.871875 0.8875 12824
0.871875 0.8875 12826
0.871875 0.8875 12828
0.871875 0.8875 12830
0.871875 0.8875 12832
0.871875 0.8875 12834
0.871875 0.8875 12836
0.871875 0.8875 12838
0.871875 0.8875 12840
0.871875 0.8875 12842
0.871875 0.8875 12844
0.871875 0.8875 12846
0.871875 0.8875 12848
0.871875 0.89375 12850
0.871875 0.89375 12852
0.871875 0.89375 12854
0.871875 0.89375 12856
0.871875 0.89375 12858
0.871875 0.89375 12860
0.871875 0.89375 12862
0.871875 0.89375 12864
0.871875 0.89375 12866
0.871875 0.89375 12868
0.871875 0.89375 12870
0.871875 0.89375 12872
0.871875 0.89375 12874
0.871875 0.89375 12876
0.871875 0.89375 12878
0.871875 0.89375 12880
0.871875 0.89375 12882
0.871875 0.89375 12884
0.871875 0.89375 12886
0.871875 0.89375 12888
0.871875 0.89375 12890
0.871875 0.89375 12892
0.871875 0.89375 12894
0.871875 0.89375 12896
0.871875 0.89375 12898
0.871875 0.89375 12900
0.871875 0.89375 12902
0.871875 0.89375 12904
0.871875 0.89375 12906
0.871875 0.89375 12908
0.871875 0.89375 12910
0.871875 0.89375 12912
0.871875 0.89375 12914
0.871875 0.89375 12916
0.871875 0.89375 12918
0.871875 0.89375 12920
0.871875 0.89375 12922
0.871875 0.89375 12924
0.871875 0.89375 12926
0.871875 0.89375 12928
0.871875 0.89375 12930
0.871875 0.89375 12932
0.871875 0.89375 12934
0.871875 0.89375 12936
0.871875 0.89375 12938
0.871875 0.89375 12940
0.871875 0.89375 12942
0.871875 0.89375 12944
0.871875 0.89375 12946
0.871875 0.89375 12948
0.871875 0.89375 12950
0.871875 0.89375 12952
0.871875 0.89375 12954
0.871875 0.89375 12956
0.871875 0.89375 12958
0.871875 0.89375 12960
0.871875 0.89375 12962
0.871875 0.89375 12964
0.871875 0.89375 12966
0.871875 0.89375 12968
0.871875 0.89375 12970
0.871875 0.89375 12972
0.871875 0.89375 12974
0.871875 0.89375 12976
0.871875 0.89375 12978
0.871875 0.89375 12980
0.871875 0.89375 12982
0.871875 0.89375 12984
0.871875 0.89375 12986
0.871875 0.89375 12988
0.871875 0.89375 12990
0.871875 0.89375 12992
0.871875 0.89375 12994
0.871875 0.89375 12996
0.871875 0.89375 12998
0.871875 0.89375 13000
0.871875 0.89375 13002
0.871875 0.89375 13004
0.871875 0.89375 13006
0.871875 0.89375 13008
0.871875 0.89375 13010
0.871875 0.89375 13012
0.871875 0.8875 13014
0.871875 0.8875 13016
0.871875 0.8875 13018
0.871875 0.8875 13020
0.871875 0.8875 13022
0.871875 0.884375 13024
0.871875 0.88125 13026
0.871875 0.88125 13028
0.871875 0.88125 13030
0.871875 0.88125 13032
0.871875 0.88125 13034
0.871875 0.88125 13036
0.871875 0.88125 13038
0.871875 0.88125 13040
0.871875 0.88125 13042
0.871875 0.88125 13044
0.871875 0.88125 13046
0.871875 0.88125 13048
0.871875 0.88125 13050
0.871875 0.88125 13052
0.871875 0.88125 13054
0.871875 0.88125 13056
0.871875 0.88125 13058
0.871875 0.88125 13060
0.871875 0.878125 13062
0.871875 0.875 13064
0.871875 0.875 13066
0.871875 0.875 13068
0.871875 0.875 13070
0.871875 0.875 13072
0.871875 0.875 13074
0.871875 0.875 13076
0.871875 0.875 13078
0.871875 0.875 13080
0.871875 0.875 13082
0.871875 0.875 13084
0.871875 0.875 13086
0.871875 0.875 13088
0.86875 0.875 13090
0.86875 0.875 13092
0.86875 0.875 13094
0.86875 0.875 13096
0.86875 0.875 13098
0.86875 0.875 13100
0.86875 0.875 13102
0.86875 0.875 13104
0.86875 0.875 13106
0.86875 0.875 13108
0.86875 0.875 13110
0.86875 0.875 13112
0.86875 0.875 13114
0.86875 0.875 13116
0.86875 0.875 13118
0.86875 0.875 13120
0.86875 0.875 13122
0.86875 0.875 13124
0.86875 0.875 13126
0.86875 0.875 13128
0.86875 0.86875 13130
0.86875 0.86875 13132
0.86875 0.86875 13134
0.86875 0.86875 13136
0.86875 0.86875 13138
0.86875 0.86875 13140
0.86875 0.86875 13142
0.86875 0.86875 13144
0.86875 0.86875 13146
0.86875 0.86875 13148
0.86875 0.86875 13150
0.86875 0.86875 13152
0.86875 0.86875 13154
0.86875 0.86875 13156
0.86875 0.86875 13158
0.86875 0.86875 13160
0.86875 0.86875 13162
0.86875 0.86875 13164
0.86875 0.86875 13166
0.86875 0.86875 13168
0.86875 0.86875 13170
0.86875 0.86875 13172
0.86875 0.86875 13174
0.86875 0.86875 13176
0.86875 0.86875 13178
0.86875 0.86875 13180
0.86875 0.86875 13182
0.86875 0.86875 13184
0.86875 0.86875 13186
0.86875 0.86875 13188
0.86875 0.86875 13190
0.86875 0.86875 13192
0.86875 0.86875 13194
0.86875 0.86875 13196
0.86875 0.86875 13198
0.86875 0.86875 13200
0.86875 0.86875 13202
0.86875 0.86875 13204
0.86875 0.86875 13206
0.86875 0.86875 13208
0.86875 0.86875 13210
0.86875 0.86875 13212
0.86875 0.86875 13214
0.86875 0.86875 13216
0.86875 0.86875 13218
0.86875 0.86875 13220
0.86875 0.86875 13222
0.86875 0.86875 13224
0.86875 0.86875 13226
0.86875 0.86875 13228
0.86875 0.86875 13230
0.86875 0.86875 13232
0.86875 0.86875 13234
0.86875 0.86875 13236
0.86875 0.86875 13238
0.86875 0.86875 13240
0.86875 0.86875 13242
0.86875 0.86875 13244
0.86875 0.86875 13246
0.86875 0.86875 13248
0.86875 0.86875 13250
0.86875 0.86875 13252
0.86875 0.86875 13254
0.86875 0.86875 13256
0.86875 0.86875 13258
0.86875 0.86875 13260
0.86875 0.86875 13262
0.86875 0.86875 13264
0.86875 0.86875 13266
0.86875 0.86875 13268
0.86875 0.86875 13270
0.86875 0.86875 13272
0.86875 0.86875 13274
0.86875 0.86875 13276
0.86875 0.86875 13278
0.86875 0.86875 13280
0.86875 0.86875 13282
0.86875 0.86875 13284
0.86875 0.86875 13286
0.86875 0.86875 13288
0.86875 0.875 13290
0.86875 0.875 13292
0.86875 0.875 13294
0.86875 0.875 13296
0.86875 0.875 13298
0.86875 0.875 13300
0.86875 0.875 13302
0.86875 0.875 13304
0.86875 0.875 13306
0.86875 0.875 13308
0.86875 0.875 13310
0.86875 0.875 13312
0.86875 0.875 13314
0.86875 0.875 13316
0.86875 0.875 13318
0.86875 0.875 13320
0.86875 0.875 13322
0.86875 0.875 13324
0.86875 0.875 13326
0.86875 0.875 13328
0.86875 0.875 13330
0.86875 0.875 13332
0.86875 0.875 13334
0.86875 0.875 13336
0.86875 0.875 13338
0.86875 0.875 13340
0.86875 0.875 13342
0.86875 0.875 13344
0.86875 0.875 13346
0.86875 0.875 13348
0.86875 0.875 13350
0.86875 0.875 13352
0.86875 0.875 13354
0.86875 0.875 13356
0.86875 0.875 13358
0.86875 0.875 13360
0.86875 0.875 13362
0.86875 0.875 13364
0.86875 0.875 13366
0.86875 0.875 13368
0.86875 0.875 13370
0.86875 0.875 13372
0.86875 0.875 13374
0.86875 0.875 13376
0.86875 0.875 13378
0.86875 0.875 13380
0.86875 0.875 13382
0.86875 0.875 13384
0.86875 0.875 13386
0.86875 0.875 13388
0.86875 0.875 13390
0.86875 0.875 13392
0.86875 0.875 13392
0.86875 0.875 13392
0.86875 0.875 13392
0.86875 0.875 13392
0.86875 0.875 13392
0.86875 0.875 13392
0.86875 0.875 13392
0.86875 0.875 13392
0.86875 0.875 13392
0.86875 0.875 13392
0.86875 0.875 13392
0.86875 0.875 13392
0.86875 0.875 13392
0.86875 0.875 13392
0.86875 0.875 13392
0.86875 0.875 13392
0.86875 0.875 13392
0.86875 0.875 13392
0.86875 0.875 13392
0.86875 0.875 13392
0.86875 0.875 13392
0.86875 0.875 13392
0.86875 0.875 13392
0.86875 0.875 13392
0.86875 0.875 13392
0.86875 0.875 13392
0.86875 0.875 13392
0.86875 0.875 13392
0.86875 0.875 13392
0.86875 0.875 13392
0.86875 0.875 13392
0.86875 0.875 13392
0.86875 0.875 13392
0.86875 0.875 13392
0.86875 0.875 13392
0.86875 0.875 13392
0.86875 0.875 13392
0.86875 0.875 13392
0.86875 0.875 13392
0.86875 0.875 13392
0.86875 0.875 13392
0.86875 0.875 13392
0.86875 0.875 13392
0.86875 0.875 13392
0.86875 0.875 13392
0.86875 0.875 13392
0.86875 0.875 13392
0.86875 0.875 13392
0.86875 0.875 13392
0.86875 0.875 13392
0.86875 0.875 13392
0.86875 0.875 13392
0.86875 0.875 13392
0.86875 0.875 13392
0.86875 0.875 13392
0.86875 0.875 13392
0.86875 0.875 13392
0.86875 0.875 13392
0.86875 0.875 13392
0.86875 0.875 13392
0.86875 0.875 13392
0.86875 0.875 13392
0.86875 0.875 13392
0.86875 0.875 13392
0.86875 0.875 13392
0.86875 0.875 13392
0.86875 0.875 13392
0.86875 0.875 13392
0.86875 0.875 13392
0.86875 0.875 13392
0.86875 0.875 13392
0.86875 0.875 13392
0.86875 0.875 13392
0.86875 0.875 13392
0.86875 0.875 13392
0.86875 0.875 13392
0.86875 0.875 13392
0.86875 0.875 13392
0.86875 0.875 13392
0.86875 0.875 13392
0.86875 0.875 13392
0.86875 0.875 13392
0.86875 0.875 13392
0.86875 0.875 13392
0.86875 0.875 13392
0.86875 0.875 13392
0.86875 0.875 13392
0.86875 0.875 13392
0.86875 0.875 13392
0.86875 0.875 13392
0.86875 0.875 13392
0.86875 0.875 13392
0.86875 0.875 13392
0.86875 0.875 13392
0.86875 0.875 13392
0.86875 0.875 13392
0.86875 0.875 13392
0.86875 0.875 13392
0.86875 0.875 13392
0.86875 0.875 13392
0.86875 0.875 13392
0.86875 0.875 13392
0.86875 0.875 13392
0.86875 0.875 13392
0.86875 0.875 13392
0.86875 0.875 13392
0.86875 0.875 13392
0.86875 0.875 13392
0.86875 0.875 13392
0.86875 0.875 13392
0.86875 0.875 13392
0.86875 0.875 13392
0.86875 0.875 13392
0.86875 0.875 13392
0.86875 0.875 13392
0.86875 0.875 13392
0.86875 0.875 13392
0.86875 0.875 13392
0.86875 0.875 13392
0.86875 0.875 13392
0.86875 0.875 13392
0.86875 0.875 13392
0.86875 0.875 13392
0.86875 0.875 13392
0.86875 0.875 13392
0.86875 0.875 13392
0.86875 0.875 13392
0.86875 0.875 13392
0.86875 0.875 13392
0.86875 0.875 13392
0.86875 0.875 13392
0.86875 0.875 13392
0.86875 0.875 13392
0.86875 0.875 13392
0.86875 0.875 13392
0.86875 0.875 13392
0.86875 0.875 13392
0.86875 0.875 13392
0.86875 0.875 13392
0.86875 0.875 13392
0.86875 0.875 13392
0.86875 0.875 13392
0.86875 0.875 13392
0.86875 0.875 13392
0.86875 0.875 13392
0.86875 0.875 13392
0.86875 0.875 13392
0.86875 0.875 13392
0.86875 0.875 13392
0.86875 0.875 13392
0.86875 0.875 13392
0.86875 0.875 13392
0.86875 0.875 13392
0.86875 0.875 13392
0.86875 0.875 13392
0.86875 0.875 13392
0.86875 0.875 13392
0.86875 0.875 13392
0.86875 0.875 13392
0.86875 0.875 13392
0.86875 0.875 13392
0.86875 0.875 13392
0.86875 0.875 13392
0.86875 0.875 13392
0.86875 0.875 13392
0.86875 0.875 13392
0.86875 0.875 13392
0.86875 0.875 13392
0.86875 0.875 13392
0.86875 0.875 13392
0.86875 0.875 13392
0.86875 0.875 13392
0.86875 0.875 13392
0.86875 0.875 13392
0.86875 0.875 13392
0.86875 0.875 13392
0.86875 0.86875 13392
0.86875 0.86875 13392
0.86875 0.86875 13392
0.86875 0.86875 13392
0.86875 0.86875 13392
0.86875 0.86875 13392
0.86875 0.86875 13392
0.86875 0.86875 13392
0.86875 0.86875 13392
0.86875 0.86875 13392
0.86875 0.86875 13392
0.86875 0.86875 13392
0.86875 0.86875 13392
0.86875 0.86875 13392
0.86875 0.86875 13392
0.86875 0.86875 13392
0.86875 0.86875 13392
0.86875 0.86875 13392
0.86875 0.86875 13392
0.86875 0.86875 13392
0.86875 0.86875 13392
0.86875 0.86875 13392
0.86875 0.86875 13392
0.86875 0.86875 13392
0.86875 0.86875 13392
0.86875 0.86875 13392
0.86875 0.86875 13392
0.86875 0.86875 13392
0.86875 0.86875 13392
0.86875 0.86875 13392
0.86875 0.86875 13392
0.86875 0.86875 13392
0.86875 0.86875 13392
0.86875 0.86875 13392
0.86875 0.86875 13392
0.86875 0.86875 13392
0.86875 0.86875 13392
0.86875 0.86875 13392
0.86875 0.86875 13392
0.86875 0.86875 13392
0.86875 0.86875 13392
0.86875 0.86875 13392
0.86875 0.86875 13392
0.86875 0.86875 13392
0.86875 0.86875 13392
0.86875 0.86875 13392
0.86875 0.86875 13392
0.86875 0.86875 13392
0.86875 0.86875 13392
0.86875 0.86875 13392
0.86875 0.86875 13392
0.86875 0.86875 13392
0.86875 0.86875 13392
0.86875 0.86875 13392
0.86875 0.86875 13392
0.86875 0.86875 13392
0.86875 0.86875 13392
0.86875 0.86875 13392
0.86875 0.86875 13392
0.86875 0.86875 13392
0.86875 0.86875 13392
0.86875 0.86875 13392
0.86875 0.86875 13392
0.86875 0.86875 13392
0.86875 0.86875 13392
0.86875 0.86875 13392
0.86875 0.86875 13392
0.86875 0.86875 13392
0.86875 0.86875 13392
0.86875 0.86875 13392
0.86875 0.86875 13392
0.86875 0.86875 13392
0.86875 0.86875 13392
0.86875 0.86875 13392
0.86875 0.86875 13392
0.86875 0.86875 13392
0.86875 0.86875 13392
0.86875 0.86875 13392
0.86875 0.86875 13392
0.86875 0.86875 13392
0.86875 0.86875 13392
0.86875 0.86875 13392
0.86875 0.86875 13392
0.86875 0.86875 13392
0.86875 0.86875 13392
0.86875 0.86875 13392
0.86875 0.86875 13392
0.86875 0.86875 13392
0.86875 0.86875 13392
0.86875 0.86875 13392
0.86875 0.86875 13392
0.86875 0.86875 13392
0.86875 0.86875 13392
0.86875 0.86875 13392
0.86875 0.86875 13392
0.86875 0.86875 13392
0.86875 0.86875 13392
0.86875 0.86875 13392
0.86875 0.86875 13392
0.86875 0.86875 13392
0.86875 0.86875 13392
0.86875 0.86875 13392
0.86875 0.86875 13392
0.86875 0.86875 13392
0.86875 0.86875 13392
0.86875 0.86875 13392
0.86875 0.8625 13392
0.86875 0.8625 13392
0.86875 0.8625 13392
0.86875 0.8625 13392
0.86875 0.8625 13392
0.86875 0.8625 13392
0.86875 0.8625 13392
0.86875 0.8625 13392
0.86875 0.8625 13392
0.86875 0.8625 13392
0.86875 0.8625 13392
0.86875 0.8625 13392
0.86875 0.8625 13392
0.86875 0.8625 13392
0.86875 0.8625 13392
0.86875 0.8625 13392
0.86875 0.8625 13392
0.86875 0.8625 13392
0.86875 0.8625 13392
0.86875 0.8625 13392
0.86875 0.8625 13392
0.86875 0.85625 13392
0.86875 0.85625 13392
0.86875 0.85625 13392
0.86875 0.85625 13392
0.86875 0.85625 13392
0.86875 0.85625 13392
0.86875 0.85625 13392
0.86875 0.85625 13392
0.86875 0.85625 13392
0.86875 0.853125 13392
0.86875 0.85 13392
0.86875 0.85 13392
0.86875 0.85 13392
0.86875 0.85 13392
0.86875 0.85 13392
0.86875 0.85 13392
0.86875 0.85 13392
0.86875 0.85 13392
0.86875 0.85 13392
0.86875 0.85 13392
0.86875 0.85 13392
0.86875 0.85 13392
0.86875 0.85 13392
0.86875 0.846875 13392
0.86875 0.84375 13392
0.86875 0.84375 13392
0.86875 0.84375 13392
0.86875 0.84375 13392
0.86875 0.84375 13392
0.86875 0.84375 13392
0.86875 0.84375 13392
0.86875 0.84375 13392
0.86875 0.84375 13392
0.86875 0.84375 13392
0.86875 0.84375 13392
0.86875 0.84375 13392
0.86875 0.84375 13392
0.86875 0.84375 13392
0.86875 0.84375 13392
0.86875 0.84375 13392
0.86875 0.84375 13392
0.86875 0.84375 13392
0.86875 0.84375 13392
0.86875 0.84375 13392
0.86875 0.84375 13392
0.86875 0.84375 13392
0.86875 0.84375 13392
0.86875 0.840625 13392
0.86875 0.8375 13392
0.86875 0.8375 13392
0.86875 0.8375 13392
0.86875 0.8375 13392
0.86875 0.8375 13392
0.86875 0.8375 13392
0.86875 0.8375 13392
0.86875 0.8375 13392
0.86875 0.8375 13392
0.86875 0.8375 13392
0.86875 0.8375 13392
0.86875 0.8375 13392
0.86875 0.8375 13392
0.86875 0.8375 13392
0.86875 0.8375 13392
0.86875 0.8375 13392
0.86875 0.8375 13392
0.86875 0.834375 13392
0.86875 0.83125 13392
0.86875 0.83125 13392
0.86875 0.83125 13392
0.86875 0.83125 13392
0.86875 0.83125 13392
0.86875 0.83125 13392
0.86875 0.83125 13392
0.86875 0.83125 13392
0.86875 0.83125 13392
0.86875 0.83125 13392
0.86875 0.83125 13392
0.86875 0.83125 13392
0.86875 0.83125 13392
0.86875 0.83125 13392
0.86875 0.83125 13392
0.86875 0.83125 13392
0.86875 0.83125 13392
0.86875 0.83125 13392
0.86875 0.83125 13392
0.86875 0.83125 13392
0.86875 0.83125 13392
0.86875 0.83125 13392
0.86875 0.83125 13392
0.86875 0.83125 13392
0.86875 0.83125 13392
0.86875 0.83125 13392
0.86875 0.83125 13392
0.86875 0.83125 13392
0.86875 0.83125 13392
0.86875 0.83125 13392
0.86875 0.83125 13392
0.86875 0.83125 13392
0.86875 0.83125 13392
0.86875 0.83125 13392
0.86875 0.83125 13392
0.86875 0.83125 13392
0.86875 0.83125 13392
0.86875 0.83125 13392
0.86875 0.83125 13392
0.86875 0.83125 13392
0.86875 0.83125 13392
0.86875 0.83125 13392
0.86875 0.83125 13392
0.86875 0.83125 13392
0.86875 0.83125 13392
0.86875 0.83125 13392
0.86875 0.83125 13392
0.86875 0.83125 13392
0.86875 0.83125 13392
0.86875 0.83125 13392
0.86875 0.83125 13392
0.86875 0.83125 13392
0.86875 0.83125 13392
0.86875 0.83125 13392
0.86875 0.83125 13392
0.86875 0.83125 13392
0.86875 0.83125 13392
0.86875 0.83125 13392
0.86875 0.83125 13392
0.86875 0.83125 13392
0.86875 0.83125 13392
0.86875 0.83125 13392
0.86875 0.83125 13392
0.86875 0.83125 13392
0.86875 0.83125 13392
0.86875 0.83125 13392
0.86875 0.83125 13392
0.86875 0.83125 13392
0.86875 0.83125 13392
0.86875 0.83125 13392
0.86875 0.83125 13392
0.86875 0.83125 13392
0.86875 0.83125 13392
0.86875 0.83125 13392
0.86875 0.83125 13392
0.86875 0.83125 13392
0.86875 0.83125 13392
0.86875 0.83125 13392
0.86875 0.83125 13392
0.86875 0.83125 13392
0.86875 0.83125 13392
0.86875 0.83125 13392
0.86875 0.83125 13392
0.86875 0.83125 13392
0.86875 0.83125 13392
0.86875 0.83125 13392
0.86875 0.83125 13392
0.86875 0.83125 13392
0.86875 0.83125 13392
0.86875 0.83125 13392
0.86875 0.83125 13392
0.86875 0.83125 13392
0.86875 0.83125 13392
0.86875 0.83125 13392
0.86875 0.83125 13392
0.86875 0.83125 13392
0.86875 0.83125 13392
0.86875 0.83125 13392
0.86875 0.83125 13392
0.86875 0.83125 13392
0.86875 0.83125 13392
0.86875 0.83125 13392
0.86875 0.83125 13392
0.86875 0.83125 13392
0.86875 0.83125 13392
0.86875 0.83125 13392
0.86875 0.83125 13392
0.86875 0.83125 13392
0.86875 0.83125 13392
0.86875 0.83125 13392
0.86875 0.83125 13392
0.86875 0.834375 13392
0.86875 0.8375 13392
0.86875 0.8375 13392
0.86875 0.8375 13392
0.86875 0.8375 13392
0.86875 0.8375 13392
0.86875 0.8375 13392
0.86875 0.8375 13392
0.86875 0.8375 13392
0.86875 0.8375 13392
0.86875 0.8375 13392
0.86875 0.8375 13392
0.86875 0.8375 13392
0.86875 0.8375 13392
0.86875 0.8375 13392
0.86875 0.8375 13392
0.86875 0.8375 13392
0.86875 0.8375 13392
0.86875 0.8375 13392
0.86875 0.8375 13392
0.86875 0.8375 13392
0.86875 0.8375 13392
0.86875 0.8375 13392
0.86875 0.8375 13392
0.86875 0.8375 13392
0.86875 0.8375 13392
0.86875 0.8375 13392
0.86875 0.8375 13392
0.86875 0.8375 13392
0.86875 0.8375 13392
0.86875 0.8375 13392
0.86875 0.8375 13392
0.86875 0.8375 13392
0.86875 0.8375 13392
0.86875 0.8375 13392
0.86875 0.8375 13392
0.86875 0.8375 13392
0.86875 0.8375 13392
0.86875 0.8375 13392
0.86875 0.8375 13392
0.86875 0.8375 13392
0.86875 0.8375 13392
0.86875 0.8375 13392
0.86875 0.8375 13392
0.86875 0.8375 13392
0.86875 0.8375 13392
0.86875 0.8375 13392
0.86875 0.8375 13392
0.86875 0.8375 13392
0.86875 0.8375 13392
0.86875 0.8375 13392
0.86875 0.8375 13392
0.86875 0.8375 13392
0.86875 0.8375 13392
0.86875 0.8375 13392
0.86875 0.8375 13392
0.86875 0.8375 13392
0.86875 0.8375 13392
0.86875 0.8375 13392
0.86875 0.8375 13392
0.86875 0.8375 13392
0.86875 0.8375 13392
0.86875 0.8375 13392
0.86875 0.8375 13392
0.86875 0.8375 13392
0.86875 0.8375 13392
0.86875 0.8375 13392
0.86875 0.8375 13392
0.86875 0.8375 13392
0.86875 0.8375 13392
0.86875 0.8375 13392
0.86875 0.8375 13392
0.86875 0.8375 13392
0.86875 0.8375 13392
0.86875 0.8375 13392
0.86875 0.8375 13392
0.86875 0.8375 13392
0.86875 0.8375 13392
0.86875 0.8375 13392
0.86875 0.8375 13392
0.86875 0.8375 13392
0.86875 0.8375 13392
0.86875 0.8375 13392
0.86875 0.8375 13392
0.86875 0.8375 13392
0.86875 0.8375 13392
0.86875 0.8375 13392
0.86875 0.8375 13392
0.86875 0.8375 13392
0.86875 0.8375 13392
0.86875 0.8375 13392
0.86875 0.8375 13392
0.86875 0.8375 13392
0.86875 0.8375 13392
0.86875 0.8375 13392
0.86875 0.8375 13392
0.86875 0.8375 13392
0.86875 0.8375 13392
0.86875 0.8375 13392
0.86875 0.8375 13392
0.86875 0.8375 13392
0.86875 0.8375 13392
0.86875 0.8375 13392
0.86875 0.8375 13392
0.86875 0.8375 13392
0.86875 0.8375 13392
0.86875 0.8375 13392
0.86875 0.8375 13392
0.86875 0.8375 13392
0.86875 0.8375 13392
0.86875 0.8375 13392
0.86875 0.8375 13392
0.86875 0.8375 13392
0.86875 0.8375 13392
0.86875 0.8375 13392
0.86875 0.8375 13392
0.86875 0.8375 13392
0.86875 0.8375 13392
0.86875 0.8375 13392
0.86875 0.8375 13392
0.86875 0.8375 13392
0.86875 0.8375 13392
0.86875 0.8375 13392
0.86875 0.8375 13392
0.86875 0.8375 13392
0.86875 0.8375 13392
0.86875 0.8375 13392
0.86875 0.8375 13392
0.86875 0.8375 13392
0.86875 0.8375 13392
0.86875 0.8375 13392
0.86875 0.8375 13392
0.86875 0.8375 13392
0.86875 0.8375 13392
0.86875 0.8375 13392
0.86875 0.8375 13392
0.86875 0.8375 13392
0.86875 0.8375 13392
0.86875 0.8375 13392
0.86875 0.8375 13392
0.86875 0.8375 13392
0.86875 0.8375 13392
0.86875 0.8375 13392
0.86875 0.8375 13392
0.86875 0.8375 13392
0.86875 0.8375 13392
0.86875 0.8375 13392
0.86875 0.8375 13392
0.86875 0.8375 13392
0.86875 0.8375 13392
0.86875 0.8375 13392
0.86875 0.8375 13392
0.86875 0.8375 13392
0.86875 0.8375 13392
0.86875 0.8375 13392
0.86875 0.8375 13392
0.86875 0.8375 13392
0.86875 0.8375 13392
0.86875 0.8375 13392
0.86875 0.8375 13392
0.86875 0.8375 13392
0.86875 0.8375 13392
0.86875 0.8375 13392
0.86875 0.8375 13392
0.86875 0.8375 13392
0.86875 0.8375 13392
0.86875 0.8375 13392
0.86875 0.8375 13392
0.86875 0.8375 13392
0.86875 0.8375 13392
0.86875 0.8375 13392
0.86875 0.8375 13392
0.86875 0.8375 13392
0.86875 0.8375 13392
0.86875 0.8375 13392
0.86875 0.8375 13392
0.86875 0.8375 13392
0.86875 0.8375 13392
0.86875 0.8375 13392
0.86875 0.8375 13392
0.86875 0.8375 13392
0.86875 0.8375 13392
0.86875 0.8375 13392
0.86875 0.8375 13392
0.86875 0.8375 13392
0.86875 0.8375 13392
0.86875 0.8375 13392
0.86875 0.8375 13392
0.86875 0.8375 13392
0.86875 0.8375 13392
0.86875 0.8375 13392
0.86875 0.8375 13392
0.86875 0.8375 13392
0.86875 0.8375 13392
0.86875 0.8375 13392
0.86875 0.8375 13392
0.86875 0.8375 13392
0.86875 0.8375 13392
0.86875 0.8375 13392
0.86875 0.8375 13392
0.86875 0.8375 13392
0.86875 0.8375 13392
0.86875 0.8375 13392
0.86875 0.8375 13392
0.86875 0.8375 13392
0.86875 0.8375 13392
0.86875 0.8375 13392
0.86875 0.8375 13392
0.86875 0.8375 13392
0.86875 0.8375 13392
0.86875 0.8375 13392
0.86875 0.8375 13392
0.86875 0.8375 13392
0.86875 0.8375 13392
0.86875 0.8375 13392
0.86875 0.8375 13392
0.86875 0.8375 13392
0.86875 0.8375 13392
0.86875 0.8375 13392
0.86875 0.8375 13392
0.86875 0.8375 13392
0.86875 0.8375 13392
0.86875 0.8375 13392
0.86875 0.8375 13392
0.86875 0.8375 13392
0.86875 0.8375 13392
0.86875 0.8375 13392
0.86875 0.8375 13392
0.86875 0.8375 13392
0.86875 0.8375 13392
0.86875 0.8375 13392
0.86875 0.8375 13392
0.86875 0.8375 13392
0.86875 0.8375 13392
0.86875 0.8375 13392
0.86875 0.8375 13392
0.86875 0.8375 13392
0.86875 0.8375 13392
0.86875 0.8375 13392
0.86875 0.8375 13392
0.86875 0.8375 13392
0.86875 0.8375 13392
0.86875 0.8375 13392
0.86875 0.8375 13392
0.86875 0.8375 13392
0.86875 0.8375 13392
0.86875 0.8375 13392
0.86875 0.8375 13392
0.86875 0.8375 13392
0.86875 0.8375 13392
0.86875 0.8375 13392
0.86875 0.8375 13392
0.86875 0.8375 13392
0.86875 0.8375 13392
0.86875 0.8375 13392
0.86875 0.8375 13392
0.86875 0.8375 13392
0.86875 0.8375 13392
0.86875 0.8375 13392
0.86875 0.8375 13392
0.86875 0.8375 13392
0.86875 0.83125 13392
0.86875 0.83125 13392
0.86875 0.83125 13392
0.86875 0.825 13392
0.86875 0.825 13392
0.86875 0.825 13392
0.86875 0.825 13392
0.86875 0.825 13392
0.86875 0.825 13392
0.86875 0.825 13392
0.86875 0.825 13392
0.86875 0.825 13392
0.86875 0.825 13392
0.86875 0.825 13392
0.86875 0.825 13392
0.86875 0.825 13392
0.86875 0.81875 13392
0.86875 0.81875 13392
0.86875 0.81875 13392
0.86875 0.81875 13392
0.86875 0.81875 13392
0.86875 0.81875 13392
0.86875 0.81875 13392
0.86875 0.81875 13392
0.86875 0.81875 13392
0.86875 0.81875 13392
0.86875 0.81875 13392
0.86875 0.81875 13392
0.86875 0.81875 13392
0.86875 0.81875 13392
0.86875 0.81875 13392
0.86875 0.81875 13392
0.86875 0.81875 13392
0.86875 0.81875 13392
0.86875 0.81875 13392
0.86875 0.81875 13392
0.86875 0.81875 13392
0.86875 0.81875 13392
0.86875 0.81875 13392
0.86875 0.81875 13392
0.86875 0.81875 13392
0.86875 0.81875 13392
0.86875 0.81875 13392
0.86875 0.81875 13392
0.86875 0.81875 13392
0.86875 0.81875 13392
0.86875 0.81875 13392
0.86875 0.81875 13392
0.86875 0.81875 13392
0.86875 0.81875 13392
0.86875 0.81875 13392
0.86875 0.81875 13392
0.86875 0.81875 13392
0.86875 0.81875 13392
0.86875 0.81875 13392
0.86875 0.81875 13392
0.86875 0.81875 13392
0.86875 0.81875 13392
0.86875 0.8125 13392
0.86875 0.8125 13392
0.86875 0.8125 13392
0.86875 0.8125 13392
0.86875 0.8125 13392
0.86875 0.8125 13392
0.86875 0.8125 13392
0.86875 0.8125 13392
0.86875 0.8125 13392
0.86875 0.8125 13392
0.86875 0.8125 13392
0.86875 0.8125 13392
0.86875 0.8125 13392
0.86875 0.8125 13392
0.86875 0.8125 13392
0.86875 0.8125 13392
0.86875 0.8125 13392
0.86875 0.8125 13392
0.86875 0.8125 13392
0.86875 0.8125 13392
0.86875 0.8125 13392
0.86875 0.8125 13392
0.86875 0.8125 13392
0.86875 0.8125 13392
0.86875 0.8125 13392
0.86875 0.8125 13392
0.86875 0.8125 13392
0.86875 0.8125 13392
0.86875 0.8125 13392
0.86875 0.8125 13392
0.86875 0.8125 13392
0.86875 0.8125 13392
0.86875 0.8125 13392
0.86875 0.8125 13392
0.86875 0.8125 13392
0.86875 0.8125 13392
0.86875 0.8125 13392
0.86875 0.8125 13392
0.86875 0.8125 13392
0.86875 0.8125 13392
0.86875 0.8125 13392
0.86875 0.8125 13392
0.86875 0.8125 13392
0.86875 0.8125 13392
0.86875 0.8125 13392
0.86875 0.8125 13392
0.86875 0.8125 13392
0.86875 0.8125 13392
0.86875 0.8125 13392
0.86875 0.8125 13392
0.86875 0.8125 13392
0.86875 0.8125 13392
0.86875 0.8125 13392
0.86875 0.8125 13392
0.86875 0.8125 13392
0.86875 0.8125 13392
0.86875 0.8125 13392
0.86875 0.8125 13392
0.86875 0.8125 13392
0.86875 0.8125 13392
0.86875 0.8125 13392
0.86875 0.8125 13392
0.86875 0.8125 13392
0.86875 0.8125 13392
0.86875 0.8125 13392
0.86875 0.8125 13392
0.86875 0.8125 13392
0.86875 0.8125 13392
0.86875 0.8125 13392
0.86875 0.8125 13392
0.86875 0.8125 13392
0.86875 0.8125 13392
0.86875 0.8125 13392
0.86875 0.8125 13392
0.86875 0.8125 13392
0.86875 0.8125 13392
0.86875 0.8125 13392
0.86875 0.8125 13392
0.86875 0.8125 13392
0.86875 0.8125 13392
0.86875 0.8125 13392
0.86875 0.8125 13392
0.86875 0.8125 13392
0.86875 0.8125 13392
0.86875 0.8125 13392
0.86875 0.8125 13392
0.86875 0.8125 13392
0.86875 0.8125 13392
0.86875 0.8125 13392
0.86875 0.8125 13392
0.86875 0.8125 13392
0.86875 0.8125 13392
0.86875 0.8125 13392
0.86875 0.8125 13392
0.86875 0.8125 13392
0.86875 0.8125 13392
0.86875 0.8125 13392
0.86875 0.8125 13392
0.86875 0.8125 13392
0.86875 0.8125 13392
0.86875 0.8125 13392
0.86875 0.8125 13392
0.86875 0.8125 13392
0.86875 0.8125 13392
0.86875 0.8125 13392
0.86875 0.8125 13392
0.86875 0.8125 13392
0.86875 0.8125 13392
0.86875 0.8125 13392
0.86875 0.8125 13392
0.86875 0.8125 13392
0.86875 0.8125 13392
0.86875 0.8125 13392
0.86875 0.8125 13392
0.86875 0.8125 13392
0.86875 0.8125 13392
0.86875 0.8125 13392
0.86875 0.8125 13392
0.86875 0.8125 13392
0.86875 0.8125 13392
0.86875 0.8125 13392
0.86875 0.8125 13392
0.86875 0.8125 13392
0.86875 0.8125 13392
0.86875 0.8125 13392
0.86875 0.8125 13392
0.86875 0.8125 13392
0.86875 0.8125 13392
0.86875 0.8125 13392
0.86875 0.8125 13392
0.86875 0.8125 13392
0.86875 0.8125 13392
0.86875 0.8125 13392
0.86875 0.8125 13392
0.86875 0.8125 13392
0.86875 0.8125 13392
0.86875 0.80625 13392
0.86875 0.80625 13392
0.86875 0.80625 13392
0.86875 0.80625 13392
0.86875 0.80625 13392
0.86875 0.80625 13392
0.86875 0.80625 13392
0.86875 0.80625 13392
0.86875 0.80625 13392
0.86875 0.803125 13392
0.86875 0.8 13392
0.86875 0.8 13392
0.86875 0.8 13392
0.86875 0.8 13392
0.86875 0.8 13392
0.86875 0.8 13392
0.86875 0.79375 13392
0.86875 0.79375 13392
0.86875 0.79375 13392
0.86875 0.79375 13392
0.86875 0.79375 13392
0.86875 0.79375 13392
0.86875 0.79375 13392
0.86875 0.79375 13392
0.86875 0.79375 13392
0.86875 0.79375 13392
0.86875 0.79375 13392
0.86875 0.79375 13392
0.86875 0.79375 13392
0.86875 0.79375 13392
0.86875 0.79375 13392
0.86875 0.79375 13392
0.86875 0.79375 13392
0.86875 0.79375 13392
0.86875 0.79375 13392
0.86875 0.79375 13392
0.86875 0.79375 13392
0.86875 0.79375 13392
0.86875 0.79375 13392
0.86875 0.79375 13392
0.86875 0.79375 13392
0.86875 0.79375 13392
0.86875 0.79375 13392
0.86875 0.79375 13392
0.86875 0.7875 13392
0.86875 0.7875 13392
0.86875 0.7875 13392
0.86875 0.7875 13392
0.86875 0.7875 13392
0.86875 0.78125 13392
0.86875 0.78125 13392
0.86875 0.78125 13392
0.86875 0.78125 13392
0.86875 0.78125 13392
0.86875 0.78125 13392
0.86875 0.78125 13392
0.86875 0.78125 13392
0.86875 0.78125 13392
0.86875 0.78125 13392
0.86875 0.78125 13392
0.86875 0.78125 13392
0.86875 0.78125 13392
0.86875 0.78125 13392
0.86875 0.78125 13392
0.86875 0.78125 13392
0.86875 0.78125 13392
0.86875 0.78125 13392
0.86875 0.78125 13392
0.86875 0.78125 13392
0.86875 0.78125 13392
0.86875 0.78125 13392
0.86875 0.78125 13392
0.86875 0.78125 13392
0.86875 0.778125 13392
0.86875 0.775 13392
0.86875 0.775 13392
0.86875 0.775 13392
0.86875 0.775 13392
0.86875 0.775 13392
0.86875 0.775 13392
0.86875 0.775 13392
0.86875 0.775 13392
0.86875 0.775 13392
0.86875 0.775 13392
0.86875 0.775 13392
0.86875 0.775 13392
0.86875 0.771875 13392
0.86875 0.76875 13392
0.86875 0.76875 13392
0.86875 0.76875 13392
0.86875 0.76875 13392
0.86875 0.76875 13392
0.86875 0.76875 13392
0.86875 0.76875 13392
0.86875 0.76875 13392
0.86875 0.76875 13392
0.86875 0.76875 13392
0.86875 0.76875 13392
0.86875 0.76875 13392
0.86875 0.76875 13392
0.86875 0.76875 13392
0.86875 0.76875 13392
0.86875 0.76875 13392
0.86875 0.76875 13392
0.86875 0.76875 13392
0.86875 0.76875 13392
0.86875 0.76875 13392
0.86875 0.76875 13392
0.86875 0.76875 13392
0.86875 0.76875 13392
0.86875 0.76875 13392
0.86875 0.76875 13392
0.86875 0.76875 13392
0.86875 0.76875 13392
0.86875 0.76875 13392
0.86875 0.76875 13392
0.86875 0.76875 13392
0.86875 0.76875 13392
0.86875 0.76875 13392
0.86875 0.76875 13392
0.86875 0.76875 13392
0.86875 0.76875 13392
0.86875 0.76875 13392
0.86875 0.76875 13392
0.86875 0.76875 13392
0.86875 0.76875 13392
0.86875 0.76875 13392
0.86875 0.76875 13392
0.86875 0.76875 13392
0.86875 0.76875 13392
0.86875 0.76875 13392
0.86875 0.76875 13392
0.86875 0.76875 13392
0.86875 0.76875 13392
0.86875 0.76875 13392
0.86875 0.76875 13392
0.86875 0.76875 13392
0.86875 0.76875 13392
0.86875 0.76875 13392
0.86875 0.76875 13392
0.86875 0.76875 13392
0.86875 0.76875 13392
0.86875 0.76875 13392
0.86875 0.76875 13392
0.86875 0.76875 13392
0.86875 0.76875 13392
0.86875 0.76875 13392
0.86875 0.76875 13392
0.86875 0.76875 13392
0.86875 0.76875 13392
0.86875 0.76875 13392
0.86875 0.76875 13392
0.86875 0.76875 13392
0.86875 0.76875 13392
0.86875 0.76875 13392
0.86875 0.76875 13392
0.86875 0.76875 13392
0.86875 0.76875 13392
0.86875 0.76875 13392
0.86875 0.76875 13392
0.86875 0.76875 13392
0.86875 0.76875 13392
0.86875 0.76875 13392
0.86875 0.76875 13392
0.86875 0.76875 13392
0.86875 0.76875 13392
0.86875 0.76875 13392
0.86875 0.76875 13392
0.86875 0.76875 13392
0.86875 0.76875 13392
0.86875 0.76875 13392
0.86875 0.76875 13392
0.86875 0.76875 13392
0.86875 0.76875 13392
0.86875 0.76875 13392
0.86875 0.76875 13392
0.86875 0.76875 13392
0.86875 0.76875 13392
0.86875 0.76875 13392
0.86875 0.76875 13392
0.86875 0.76875 13392
0.86875 0.76875 13392
0.86875 0.76875 13392
0.86875 0.76875 13392
0.86875 0.76875 13392
0.86875 0.76875 13392
0.86875 0.76875 13392
0.86875 0.76875 13392
0.86875 0.76875 13392
0.86875 0.76875 13392
0.86875 0.76875 13392
0.86875 0.76875 13392
0.86875 0.76875 13392
0.86875 0.76875 13392
0.86875 0.76875 13392
0.86875 0.76875 13392
0.86875 0.76875 13392
0.86875 0.76875 13392
0.86875 0.76875 13392
0.86875 0.76875 13392
0.86875 0.76875 13392
0.86875 0.76875 13392
0.86875 0.76875 13392
0.86875 0.76875 13392
0.86875 0.76875 13392
0.86875 0.76875 13392
0.86875 0.76875 13392
0.86875 0.76875 13392
0.86875 0.76875 13392
0.86875 0.76875 13392
0.86875 0.76875 13392
0.86875 0.76875 13392
0.86875 0.76875 13392
0.86875 0.76875 13392
0.86875 0.76875 13392
0.86875 0.76875 13392
0.86875 0.76875 13392
0.86875 0.76875 13392
0.86875 0.76875 13392
0.86875 0.76875 13392
0.86875 0.76875 13392
0.86875 0.76875 13392
0.86875 0.76875 13392
0.86875 0.76875 13392
0.86875 0.76875 13392
0.86875 0.76875 13392
0.86875 0.76875 13392
0.86875 0.76875 13392
0.86875 0.76875 13392
0.86875 0.76875 13392
0.86875 0.76875 13392
0.86875 0.76875 13392
0.86875 0.76875 13392
0.86875 0.76875 13392
0.86875 0.76875 13392
0.86875 0.76875 13392
0.86875 0.76875 13392
0.86875 0.76875 13392
0.86875 0.76875 13392
0.86875 0.76875 13392
0.86875 0.7625 13392
0.86875 0.7625 13392
0.86875 0.7625 13392
0.86875 0.7625 13392
0.86875 0.7625 13392
0.86875 0.7625 13392
0.86875 0.7625 13392
0.86875 0.7625 13392
0.86875 0.7625 13392
0.86875 0.7625 13392
0.86875 0.7625 13392
0.86875 0.7625 13392
0.86875 0.7625 13392
0.86875 0.7625 13392
0.86875 0.7625 13392
0.86875 0.7625 13392
0.86875 0.7625 13392
0.86875 0.7625 13392
0.86875 0.7625 13392
0.86875 0.7625 13392
0.86875 0.7625 13392
0.86875 0.7625 13392
0.86875 0.7625 13392
0.86875 0.7625 13392
0.86875 0.7625 13392
0.86875 0.7625 13392
0.86875 0.7625 13392
0.86875 0.7625 13392
0.86875 0.7625 13392
0.86875 0.7625 13392
0.86875 0.7625 13392
0.86875 0.7625 13392
0.86875 0.7625 13392
0.86875 0.7625 13392
0.86875 0.7625 13392
0.86875 0.7625 13392
0.86875 0.7625 13392
0.86875 0.7625 13392
0.86875 0.7625 13392
0.86875 0.7625 13392
0.86875 0.7625 13392
0.86875 0.7625 13392
0.86875 0.7625 13392
0.86875 0.7625 13392
0.86875 0.7625 13392
0.86875 0.7625 13392
0.86875 0.7625 13392
0.86875 0.7625 13392
0.86875 0.7625 13392
0.86875 0.7625 13392
0.86875 0.7625 13392
0.86875 0.7625 13392
0.86875 0.7625 13392
0.86875 0.7625 13392
0.86875 0.7625 13392
0.86875 0.7625 13392
0.86875 0.7625 13392
0.86875 0.7625 13392
0.86875 0.7625 13392
0.86875 0.7625 13392
0.86875 0.7625 13392
0.86875 0.7625 13392
0.86875 0.7625 13392
0.86875 0.7625 13392
0.86875 0.7625 13392
0.86875 0.7625 13392
0.86875 0.7625 13392
0.86875 0.7625 13392
0.86875 0.7625 13392
0.86875 0.7625 13392
0.86875 0.7625 13392
0.86875 0.7625 13392
0.86875 0.7625 13392
0.86875 0.7625 13392
0.86875 0.7625 13392
0.86875 0.7625 13392
0.86875 0.7625 13392
0.86875 0.7625 13392
0.86875 0.7625 13392
0.86875 0.7625 13392
0.86875 0.7625 13392
0.86875 0.7625 13392
0.86875 0.7625 13392
0.86875 0.7625 13392
0.86875 0.7625 13392
0.86875 0.7625 13392
0.86875 0.7625 13392
0.86875 0.7625 13392
0.86875 0.7625 13392
0.86875 0.7625 13392
0.86875 0.759375 13392
0.86875 0.75625 13392
0.86875 0.75625 13392
0.86875 0.75625 13392
0.86875 0.75625 13392
0.86875 0.75625 13392
0.86875 0.75625 13392
0.86875 0.75625 13392
0.86875 0.75625 13392
0.86875 0.75625 13392
0.86875 0.75625 13392
0.86875 0.75625 13392
0.86875 0.75625 13392
0.86875 0.75625 13392
0.86875 0.75625 13392
0.86875 0.75625 13392
0.86875 0.75625 13392
0.86875 0.75625 13392
0.86875 0.75625 13392
0.86875 0.75625 13392
0.86875 0.75625 13392
0.86875 0.75625 13392
0.86875 0.75625 13392
0.86875 0.75625 13392
0.86875 0.75625 13392
0.86875 0.75625 13392
0.86875 0.75625 13392
0.86875 0.75625 13392
0.86875 0.75625 13392
0.86875 0.75625 13392
0.86875 0.75625 13392
0.86875 0.75625 13392
0.86875 0.75625 13392
0.86875 0.75625 13392
0.86875 0.75625 13392
0.86875 0.75625 13392
0.86875 0.75625 13392
0.86875 0.75625 13392
0.86875 0.75625 13392
0.86875 0.75625 13392
0.86875 0.75625 13392
0.86875 0.75625 13392
0.86875 0.75625 13392
0.86875 0.75625 13392
0.86875 0.75625 13392
0.86875 0.75625 13392
0.86875 0.75625 13392
0.86875 0.75625 13392
0.86875 0.75625 13392
0.86875 0.75625 13392
0.86875 0.75625 13392
0.86875 0.75625 13392
0.86875 0.75625 13392
0.86875 0.75625 13392
0.86875 0.75625 13392
0.86875 0.75625 13392
0.86875 0.75625 13392
0.86875 0.75625 13392
0.86875 0.75625 13392
0.86875 0.75625 13392
0.86875 0.75625 13392
0.86875 0.75625 13392
0.86875 0.75625 13392
0.86875 0.75 13392
0.86875 0.75 13392
0.86875 0.75 13392
0.86875 0.75 13392
0.86875 0.75 13392
0.86875 0.75 13392
0.86875 0.75 13392
0.86875 0.75 13392
0.86875 0.75 13392
0.86875 0.75 13392
0.86875 0.75 13392
0.86875 0.75625 13392
0.86875 0.75625 13392
0.86875 0.75625 13392
0.86875 0.75625 13392
0.86875 0.75625 13392
0.86875 0.75625 13392
0.86875 0.75625 13392
0.86875 0.75625 13392
0.86875 0.75625 13392
0.86875 0.75625 13392
0.86875 0.75625 13392
0.86875 0.75625 13392
0.86875 0.75625 13392
0.86875 0.75625 13392
0.86875 0.75625 13392
0.86875 0.75625 13392
0.86875 0.75625 13392
0.86875 0.75625 13392
0.86875 0.75625 13392
0.86875 0.75625 13392
0.86875 0.75625 13392
0.86875 0.7625 13392
0.86875 0.7625 13392
0.86875 0.7625 13392
0.86875 0.7625 13392
0.86875 0.7625 13392
0.86875 0.7625 13392
0.86875 0.7625 13392
0.86875 0.7625 13392
0.86875 0.7625 13392
0.86875 0.7625 13392
0.86875 0.7625 13392
0.86875 0.7625 13392
0.86875 0.7625 13392
0.86875 0.7625 13392
0.86875 0.7625 13392
0.86875 0.7625 13392
0.86875 0.7625 13392
0.86875 0.7625 13392
0.86875 0.7625 13392
0.86875 0.7625 13392
0.86875 0.7625 13392
0.86875 0.7625 13392
0.86875 0.76875 13392
0.86875 0.76875 13392
0.86875 0.76875 13392
0.86875 0.76875 13392
0.86875 0.76875 13392
0.86875 0.76875 13392
0.86875 0.76875 13392
0.86875 0.76875 13392
0.86875 0.76875 13392
0.86875 0.76875 13392
0.86875 0.76875 13392
0.86875 0.76875 13392
0.86875 0.76875 13392
0.86875 0.76875 13392
0.86875 0.76875 13392
0.86875 0.76875 13392
0.86875 0.76875 13392
0.86875 0.76875 13392
0.86875 0.76875 13392
0.86875 0.76875 13392
0.86875 0.76875 13392
0.86875 0.76875 13392
0.86875 0.76875 13392
0.86875 0.76875 13392
0.86875 0.76875 13392
0.86875 0.76875 13392
0.86875 0.76875 13392
0.86875 0.76875 13392
0.86875 0.76875 13392
0.86875 0.76875 13392
0.86875 0.76875 13392
0.86875 0.76875 13392
0.86875 0.76875 13392
0.86875 0.775 13392
0.86875 0.775 13392
0.86875 0.775 13392
0.86875 0.775 13392
0.86875 0.775 13392
0.86875 0.775 13392
0.86875 0.775 13392
0.86875 0.775 13392
0.86875 0.775 13392
0.86875 0.775 13392
0.86875 0.775 13392
0.86875 0.775 13392
0.86875 0.775 13392
0.86875 0.775 13392
0.86875 0.775 13392
0.86875 0.775 13392
0.86875 0.775 13392
0.86875 0.775 13392
0.86875 0.78125 13392
0.86875 0.78125 13392
0.86875 0.78125 13392
0.86875 0.78125 13392
0.86875 0.78125 13392
0.86875 0.78125 13392
0.86875 0.78125 13392
0.86875 0.78125 13392
0.86875 0.78125 13392
0.86875 0.78125 13392
0.86875 0.78125 13392
0.86875 0.78125 13392
0.86875 0.78125 13392
0.86875 0.78125 13392
0.86875 0.78125 13392
0.86875 0.78125 13392
0.86875 0.78125 13392
0.86875 0.78125 13392
0.86875 0.78125 13392
0.86875 0.78125 13392
0.86875 0.78125 13392
0.86875 0.78125 13392
0.86875 0.78125 13392
0.86875 0.78125 13392
0.86875 0.78125 13392
0.86875 0.78125 13392
0.86875 0.78125 13392
0.86875 0.78125 13392
0.86875 0.78125 13392
0.86875 0.78125 13392
0.86875 0.78125 13392
0.86875 0.78125 13392
0.86875 0.78125 13392
0.86875 0.78125 13392
0.86875 0.78125 13392
0.86875 0.78125 13392
0.86875 0.78125 13392
0.86875 0.78125 13392
0.86875 0.78125 13392
0.86875 0.78125 13392
0.86875 0.78125 13392
0.86875 0.78125 13392
0.86875 0.78125 13392
0.86875 0.78125 13392
0.86875 0.78125 13392
0.86875 0.78125 13392
0.86875 0.78125 13392
0.86875 0.78125 13392
0.86875 0.78125 13392
0.86875 0.78125 13392
0.86875 0.78125 13392
0.86875 0.78125 13392
0.86875 0.78125 13392
0.86875 0.78125 13392
0.86875 0.78125 13392
0.86875 0.78125 13392
0.86875 0.78125 13392
0.86875 0.78125 13392
0.86875 0.78125 13392
0.86875 0.78125 13392
0.86875 0.78125 13392
0.86875 0.78125 13392
0.86875 0.78125 13392
0.86875 0.78125 13392
0.86875 0.78125 13392
0.86875 0.78125 13392
0.86875 0.78125 13392
0.86875 0.78125 13392
0.86875 0.78125 13392
0.86875 0.78125 13392
0.86875 0.78125 13392
0.86875 0.78125 13392
0.86875 0.78125 13392
0.86875 0.78125 13392
0.86875 0.78125 13392
0.86875 0.78125 13392
0.86875 0.78125 13392
0.86875 0.78125 13392
0.86875 0.78125 13392
0.86875 0.78125 13392
0.86875 0.78125 13392
0.86875 0.78125 13392
0.86875 0.78125 13392
0.86875 0.78125 13392
0.86875 0.78125 13392
0.86875 0.78125 13392
0.86875 0.78125 13392
0.86875 0.78125 13392
0.86875 0.78125 13392
0.86875 0.78125 13392
0.86875 0.78125 13392
0.86875 0.78125 13392
0.86875 0.78125 13392
0.86875 0.78125 13392
0.86875 0.78125 13392
0.86875 0.78125 13392
0.86875 0.78125 13392
0.86875 0.78125 13392
0.86875 0.78125 13392
0.86875 0.78125 13392
0.86875 0.78125 13392
0.86875 0.78125 13392
0.86875 0.78125 13392
0.86875 0.78125 13392
0.86875 0.78125 13392
0.86875 0.78125 13392
0.86875 0.78125 13392
0.86875 0.78125 13392
0.86875 0.78125 13392
0.86875 0.78125 13392
0.86875 0.78125 13392
0.86875 0.78125 13392
0.86875 0.78125 13392
0.86875 0.78125 13392
0.86875 0.78125 13392
0.86875 0.78125 13392
0.86875 0.78125 13392
0.86875 0.78125 13392
0.86875 0.78125 13392
0.86875 0.78125 13392
0.86875 0.78125 13392
0.86875 0.78125 13392
0.86875 0.78125 13392
0.86875 0.78125 13392
0.86875 0.78125 13392
0.86875 0.78125 13392
0.86875 0.78125 13392
0.86875 0.78125 13392
0.86875 0.78125 13392
0.86875 0.78125 13392
0.86875 0.78125 13392
0.86875 0.78125 13392
0.86875 0.78125 13392
0.86875 0.78125 13392
0.86875 0.78125 13392
0.86875 0.78125 13392
0.86875 0.78125 13392
0.86875 0.78125 13392
0.86875 0.78125 13392
0.86875 0.78125 13392
0.86875 0.78125 13392
0.86875 0.78125 13392
0.86875 0.78125 13392
0.86875 0.78125 13392
0.86875 0.78125 13392
0.86875 0.78125 13392
0.86875 0.78125 13392
0.86875 0.78125 13392
0.86875 0.78125 13392
0.86875 0.78125 13392
0.86875 0.78125 13392
0.86875 0.78125 13392
0.86875 0.78125 13392
0.86875 0.78125 13392
0.86875 0.78125 13392
0.86875 0.78125 13392
0.86875 0.78125 13392
0.86875 0.78125 13392
0.86875 0.78125 13392
0.86875 0.78125 13392
0.86875 0.78125 13392
0.86875 0.78125 13392
0.86875 0.78125 13392
0.86875 0.78125 13392
0.86875 0.78125 13392
0.86875 0.78125 13392
0.86875 0.78125 13392
0.86875 0.78125 13392
0.86875 0.78125 13392
0.86875 0.78125 13392
0.86875 0.78125 13392
0.86875 0.78125 13392
0.86875 0.78125 13392
0.86875 0.78125 13392
0.86875 0.78125 13392
0.86875 0.78125 13392
0.86875 0.78125 13392
0.86875 0.78125 13392
0.86875 0.78125 13392
0.86875 0.78125 13392
0.86875 0.78125 13392
0.86875 0.78125 13392
0.86875 0.78125 13392
0.86875 0.78125 13392
0.86875 0.78125 13392
0.86875 0.78125 13392
0.86875 0.78125 13392
0.86875 0.78125 13392
0.86875 0.78125 13392
0.86875 0.78125 13392
0.86875 0.78125 13392
0.86875 0.78125 13392
0.86875 0.784375 13392
0.86875 0.7875 13392
0.86875 0.7875 13392
0.86875 0.7875 13392
0.86875 0.7875 13392
0.86875 0.7875 13392
0.86875 0.7875 13392
0.86875 0.7875 13392
0.86875 0.7875 13392
0.86875 0.7875 13392
0.86875 0.7875 13392
0.86875 0.7875 13392
0.86875 0.7875 13392
0.86875 0.7875 13392
0.86875 0.7875 13392
0.86875 0.7875 13392
0.86875 0.7875 13392
0.86875 0.7875 13392
0.86875 0.7875 13392
0.86875 0.7875 13392
0.86875 0.7875 13392
0.86875 0.7875 13392
0.86875 0.7875 13392
0.86875 0.7875 13392
0.86875 0.7875 13392
0.86875 0.7875 13392
0.86875 0.7875 13392
0.86875 0.7875 13392
0.86875 0.7875 13392
0.86875 0.7875 13392
0.86875 0.7875 13392
0.86875 0.7875 13392
0.86875 0.7875 13392
0.86875 0.7875 13392
0.86875 0.7875 13392
0.86875 0.7875 13392
0.86875 0.7875 13392
0.86875 0.7875 13392
0.86875 0.7875 13392
0.86875 0.7875 13392
0.86875 0.7875 13392
0.86875 0.7875 13392
0.86875 0.7875 13392
0.86875 0.7875 13392
0.86875 0.7875 13392
0.86875 0.7875 13392
0.86875 0.7875 13392
0.86875 0.7875 13392
0.86875 0.7875 13392
0.86875 0.7875 13392
0.86875 0.7875 13392
0.86875 0.7875 13392
0.86875 0.7875 13392
0.86875 0.7875 13392
0.86875 0.7875 13392
0.86875 0.7875 13392
0.86875 0.7875 13392
0.86875 0.7875 13392
0.86875 0.7875 13392
0.86875 0.7875 13392
0.86875 0.7875 13392
0.86875 0.7875 13392
0.86875 0.7875 13392
0.86875 0.7875 13392
0.86875 0.7875 13392
0.86875 0.7875 13392
0.86875 0.7875 13392
0.86875 0.7875 13392
0.86875 0.7875 13392
0.86875 0.7875 13392
0.86875 0.7875 13392
0.86875 0.7875 13392
0.86875 0.7875 13392
0.86875 0.7875 13392
0.86875 0.7875 13392
0.86875 0.7875 13392
0.86875 0.7875 13392
0.86875 0.7875 13392
0.86875 0.7875 13392
0.86875 0.7875 13392
0.86875 0.7875 13392
0.86875 0.7875 13392
0.86875 0.7875 13392
0.86875 0.7875 13392
0.86875 0.7875 13392
0.86875 0.7875 13392
0.86875 0.7875 13392
0.86875 0.7875 13392
0.86875 0.7875 13392
0.86875 0.7875 13392
0.86875 0.7875 13392
0.86875 0.7875 13392
0.86875 0.7875 13392
0.86875 0.7875 13392
0.86875 0.7875 13392
0.86875 0.7875 13392
0.86875 0.7875 13392
0.86875 0.7875 13392
0.86875 0.7875 13392
0.86875 0.7875 13392
0.86875 0.7875 13392
0.86875 0.7875 13392
0.86875 0.7875 13392
0.86875 0.7875 13392
0.86875 0.7875 13392
0.86875 0.7875 13392
0.86875 0.7875 13392
0.86875 0.7875 13392
0.86875 0.7875 13392
0.86875 0.7875 13392
0.86875 0.7875 13392
0.86875 0.7875 13392
0.86875 0.7875 13392
0.86875 0.7875 13392
0.86875 0.7875 13392
0.86875 0.7875 13392
0.86875 0.7875 13392
0.86875 0.7875 13392
0.86875 0.7875 13392
0.86875 0.7875 13392
0.86875 0.7875 13392
0.86875 0.7875 13392
0.86875 0.7875 13392
0.86875 0.7875 13392
0.86875 0.7875 13392
0.86875 0.7875 13392
0.86875 0.7875 13392
0.86875 0.7875 13392
0.86875 0.7875 13392
0.86875 0.7875 13392
0.86875 0.7875 13392
0.86875 0.7875 13392
0.86875 0.7875 13392
0.86875 0.7875 13392
0.86875 0.79375 13392
0.86875 0.79375 13392
0.86875 0.79375 13392
0.86875 0.79375 13392
0.86875 0.79375 13392
0.86875 0.79375 13392
0.86875 0.79375 13392
0.86875 0.79375 13392
0.86875 0.79375 13392
0.86875 0.79375 13392
0.86875 0.79375 13392
0.86875 0.79375 13392
0.86875 0.79375 13392
0.86875 0.79375 13392
0.86875 0.79375 13392
0.86875 0.79375 13392
0.86875 0.79375 13392
0.86875 0.79375 13392
0.86875 0.79375 13392
0.86875 0.79375 13392
0.86875 0.79375 13392
0.86875 0.79375 13392
0.86875 0.79375 13392
0.86875 0.79375 13392
0.86875 0.79375 13392
0.86875 0.79375 13392
0.86875 0.79375 13392
0.86875 0.79375 13392
0.86875 0.79375 13392
0.86875 0.79375 13392
0.86875 0.79375 13392
0.86875 0.79375 13392
0.86875 0.79375 13392
0.86875 0.79375 13392
0.86875 0.79375 13392
0.86875 0.8 13392
0.86875 0.8 13392
0.86875 0.8 13392
0.86875 0.8 13392
0.86875 0.8 13392
0.86875 0.8 13392
0.86875 0.8 13392
0.86875 0.8 13392
0.86875 0.8 13392
0.86875 0.8 13392
0.86875 0.8 13392
0.86875 0.8 13392
0.86875 0.8 13392
0.86875 0.8 13392
0.86875 0.8 13392
0.86875 0.8 13392
0.86875 0.8 13392
0.86875 0.8 13392
0.86875 0.8 13392
0.86875 0.8 13392
0.86875 0.8 13392
0.86875 0.8 13392
0.86875 0.8 13392
0.86875 0.8 13392
0.86875 0.8 13392
0.86875 0.8 13392
0.86875 0.8 13392
0.86875 0.8 13392
0.86875 0.8 13392
0.86875 0.8 13392
0.86875 0.8 13392
0.86875 0.8 13392
0.86875 0.8 13392
0.86875 0.8 13392
0.86875 0.8 13392
0.86875 0.8 13392
0.86875 0.8 13392
0.86875 0.8 13392
0.86875 0.8 13392
0.86875 0.8 13392
0.86875 0.8 13392
0.86875 0.8 13392
0.86875 0.8 13392
0.86875 0.8 13392
0.86875 0.8 13392
0.86875 0.8 13392
0.86875 0.8 13392
0.86875 0.8 13392
0.86875 0.8 13392
0.86875 0.8 13392
0.86875 0.8 13392
0.86875 0.8 13392
0.86875 0.8 13392
0.86875 0.8 13392
0.86875 0.8 13392
0.86875 0.8 13392
0.86875 0.8 13392
0.86875 0.8 13392
0.86875 0.8 13392
0.86875 0.8 13392
0.86875 0.8 13392
0.86875 0.8 13392
0.86875 0.8 13392
0.86875 0.8 13392
0.86875 0.8 13392
0.86875 0.8 13392
0.86875 0.8 13392
0.86875 0.8 13392
0.86875 0.8 13392
0.86875 0.8 13392
0.86875 0.8 13392
0.86875 0.8 13392
0.86875 0.8 13392
0.86875 0.8 13392
0.86875 0.8 13392
0.86875 0.8 13392
0.86875 0.8 13392
0.86875 0.8 13392
0.86875 0.8 13392
0.86875 0.8 13392
0.86875 0.8 13392
0.86875 0.8 13392
0.86875 0.8 13392
0.86875 0.8 13392
0.86875 0.8 13392
0.86875 0.8 13392
0.86875 0.8 13392
0.86875 0.8 13392
0.86875 0.8 13392
0.86875 0.8 13392
0.86875 0.8 13392
0.86875 0.8 13392
0.86875 0.8 13392
0.86875 0.8 13392
0.86875 0.8 13392
0.86875 0.8 13392
0.86875 0.8 13392
0.86875 0.8 13392
0.86875 0.8 13392
0.86875 0.8 13392
0.86875 0.8 13392
0.86875 0.8 13392
0.86875 0.8 13392
0.86875 0.8 13392
0.86875 0.8 13392
0.86875 0.8 13392
0.86875 0.8 13392
0.86875 0.8 13392
0.86875 0.8 13392
0.86875 0.8 13392
0.86875 0.8 13392
0.86875 0.8 13392
0.86875 0.8 13392
0.86875 0.8 13392
0.86875 0.8 13392
0.86875 0.8 13392
0.86875 0.8 13392
0.86875 0.8 13392
0.86875 0.8 13392
0.86875 0.8 13392
0.86875 0.8 13392
0.86875 0.8 13392
0.86875 0.8 13392
0.86875 0.8 13392
0.86875 0.8 13392
0.86875 0.8 13392
0.86875 0.8 13392
0.86875 0.8 13392
0.86875 0.8 13392
0.86875 0.8 13392
0.86875 0.8 13392
0.86875 0.8 13392
0.86875 0.8 13392
0.86875 0.8 13392
0.86875 0.8 13392
0.86875 0.8 13392
0.86875 0.8 13392
0.86875 0.8 13392
0.86875 0.79375 13392
0.86875 0.79375 13392
0.86875 0.79375 13392
0.86875 0.79375 13392
0.86875 0.79375 13392
0.86875 0.79375 13392
0.86875 0.79375 13392
0.86875 0.79375 13392
0.86875 0.79375 13392
0.86875 0.79375 13392
0.86875 0.79375 13392
0.86875 0.79375 13392
0.86875 0.79375 13392
0.86875 0.79375 13392
0.86875 0.79375 13392
0.86875 0.79375 13392
0.86875 0.79375 13392
0.86875 0.79375 13392
0.86875 0.79375 13392
0.86875 0.79375 13392
0.86875 0.79375 13392
0.86875 0.79375 13392
0.86875 0.79375 13392
0.86875 0.79375 13392
0.86875 0.79375 13392
0.86875 0.79375 13392
0.86875 0.79375 13392
0.86875 0.79375 13392
0.86875 0.79375 13392
0.86875 0.79375 13392
0.86875 0.79375 13392
0.86875 0.79375 13392
0.86875 0.79375 13392
0.86875 0.79375 13392
0.86875 0.79375 13392
0.86875 0.79375 13392
0.86875 0.79375 13392
0.86875 0.79375 13392
0.86875 0.79375 13392
0.86875 0.79375 13392
0.86875 0.79375 13392
0.86875 0.79375 13392
0.86875 0.79375 13392
0.86875 0.79375 13392
0.86875 0.79375 13392
0.86875 0.79375 13392
0.86875 0.79375 13392
0.86875 0.79375 13392
0.86875 0.79375 13392
0.86875 0.79375 13392
0.86875 0.79375 13392
0.86875 0.79375 13392
0.86875 0.79375 13392
0.86875 0.79375 13392
0.86875 0.79375 13392
0.86875 0.79375 13392
0.86875 0.79375 13392
0.86875 0.79375 13392
0.86875 0.79375 13392
0.86875 0.79375 13392
0.86875 0.79375 13392
0.86875 0.79375 13392
0.86875 0.79375 13392
0.86875 0.79375 13392
0.86875 0.79375 13392
0.86875 0.79375 13392
0.86875 0.79375 13392
0.86875 0.79375 13392
0.86875 0.79375 13392
0.86875 0.79375 13392
0.86875 0.79375 13392
0.86875 0.79375 13392
0.86875 0.79375 13392
0.86875 0.79375 13392
0.86875 0.79375 13392
0.86875 0.79375 13392
0.86875 0.79375 13392
0.86875 0.79375 13392
0.86875 0.79375 13392
0.86875 0.79375 13392
0.86875 0.79375 13392
0.86875 0.79375 13392
0.86875 0.79375 13392
0.86875 0.79375 13392
0.86875 0.79375 13392
0.86875 0.79375 13392
0.86875 0.79375 13392
0.86875 0.79375 13392
0.86875 0.79375 13392
0.86875 0.79375 13392
0.86875 0.79375 13392
0.86875 0.79375 13392
0.86875 0.79375 13392
0.86875 0.79375 13392
0.86875 0.79375 13392
0.86875 0.79375 13392
0.86875 0.79375 13392
0.86875 0.79375 13392
0.86875 0.79375 13392
0.86875 0.79375 13392
0.86875 0.79375 13392
0.86875 0.79375 13392
0.86875 0.79375 13392
0.86875 0.79375 13392
0.86875 0.79375 13392
0.86875 0.79375 13392
0.86875 0.79375 13392
0.86875 0.79375 13392
0.86875 0.79375 13392
0.86875 0.79375 13392
0.86875 0.79375 13392
0.86875 0.79375 13392
0.86875 0.79375 13392
0.86875 0.79375 13392
0.86875 0.79375 13392
0.86875 0.79375 13392
0.86875 0.79375 13392
0.86875 0.79375 13392
0.86875 0.79375 13392
0.86875 0.79375 13392
0.86875 0.79375 13392
0.86875 0.79375 13392
0.86875 0.79375 13392
0.86875 0.79375 13392
0.86875 0.79375 13392
0.86875 0.79375 13392
0.86875 0.79375 13392
0.86875 0.79375 13392
0.86875 0.79375 13392
0.86875 0.79375 13392
0.86875 0.79375 13392
0.86875 0.79375 13392
0.86875 0.79375 13392
0.86875 0.79375 13392
0.86875 0.79375 13392
0.86875 0.79375 13392
0.86875 0.79375 13392
0.86875 0.79375 13392
0.86875 0.79375 13392
0.86875 0.79375 13392
0.86875 0.79375 13392
0.86875 0.79375 13392
0.86875 0.79375 13392
0.86875 0.79375 13392
0.86875 0.79375 13392
0.86875 0.79375 13392
0.86875 0.79375 13392
0.86875 0.79375 13392
0.86875 0.79375 13392
0.86875 0.79375 13392
0.86875 0.79375 13392
0.86875 0.79375 13392
0.86875 0.79375 13392
0.86875 0.79375 13392
0.86875 0.79375 13392
0.86875 0.79375 13392
0.86875 0.79375 13392
0.86875 0.79375 13392
0.86875 0.79375 13392
0.86875 0.79375 13392
0.86875 0.79375 13392
0.86875 0.79375 13392
0.86875 0.79375 13392
0.86875 0.79375 13392
0.86875 0.79375 13392
0.86875 0.79375 13392
0.86875 0.79375 13392
0.86875 0.79375 13392
0.86875 0.79375 13392
0.86875 0.79375 13392
0.86875 0.79375 13392
0.86875 0.79375 13392
0.86875 0.79375 13392
0.86875 0.79375 13392
0.86875 0.79375 13392
0.86875 0.79375 13392
0.86875 0.79375 13392
0.86875 0.79375 13392
0.86875 0.79375 13392
0.86875 0.79375 13392
0.86875 0.79375 13392
0.86875 0.79375 13392
0.86875 0.79375 13392
0.86875 0.79375 13392
0.86875 0.79375 13392
0.86875 0.79375 13392
0.86875 0.79375 13392
0.86875 0.79375 13392
0.86875 0.79375 13392
0.86875 0.79375 13392
0.86875 0.79375 13392
0.86875 0.79375 13392
0.86875 0.79375 13392
0.86875 0.79375 13392
0.86875 0.79375 13392
0.86875 0.79375 13392
0.86875 0.79375 13392
0.86875 0.79375 13392
0.86875 0.79375 13392
0.86875 0.79375 13392
0.86875 0.79375 13392
0.86875 0.79375 13392
0.86875 0.79375 13392
0.86875 0.79375 13392
0.86875 0.79375 13392
0.86875 0.79375 13392
0.86875 0.79375 13392
0.86875 0.79375 13392
0.86875 0.79375 13392
0.86875 0.79375 13392
0.86875 0.79375 13392
0.86875 0.79375 13392
0.86875 0.79375 13392
0.86875 0.79375 13392
0.86875 0.79375 13392
0.86875 0.79375 13392
0.86875 0.79375 13392
0.86875 0.79375 13392
0.86875 0.79375 13392
0.86875 0.79375 13392
0.86875 0.79375 13392
0.86875 0.79375 13392
0.86875 0.79375 13392
0.86875 0.79375 13392
0.86875 0.79375 13392
0.86875 0.79375 13392
0.86875 0.79375 13392
0.86875 0.79375 13392
0.86875 0.79375 13392
0.86875 0.79375 13392
0.86875 0.79375 13392
0.86875 0.79375 13392
0.86875 0.79375 13392
0.86875 0.79375 13392
0.86875 0.79375 13392
0.86875 0.79375 13392
0.86875 0.79375 13392
0.86875 0.79375 13392
0.86875 0.79375 13392
0.86875 0.79375 13392
0.86875 0.79375 13392
0.86875 0.79375 13392
0.86875 0.79375 13392
0.86875 0.79375 13392
0.86875 0.79375 13392
0.86875 0.79375 13392
0.86875 0.79375 13392
0.86875 0.79375 13392
0.86875 0.79375 13392
0.86875 0.79375 13392
0.86875 0.79375 13392
0.86875 0.79375 13392
0.86875 0.79375 13392
0.86875 0.79375 13392
0.86875 0.79375 13392
0.86875 0.79375 13392
0.86875 0.79375 13392
0.86875 0.79375 13392
0.86875 0.79375 13392
0.86875 0.79375 13392
0.86875 0.79375 13392
0.86875 0.79375 13392
0.86875 0.79375 13392
0.86875 0.79375 13392
0.86875 0.79375 13392
0.86875 0.79375 13392
0.86875 0.79375 13392
0.86875 0.79375 13392
0.86875 0.79375 13392
0.86875 0.79375 13392
0.86875 0.79375 13392
0.86875 0.79375 13392
0.86875 0.79375 13392
0.86875 0.79375 13392
0.86875 0.79375 13392
0.86875 0.79375 13392
0.86875 0.79375 13392
0.86875 0.79375 13392
0.86875 0.79375 13392
0.86875 0.79375 13392
0.86875 0.79375 13392
0.86875 0.79375 13392
0.86875 0.79375 13392
0.86875 0.79375 13392
0.86875 0.79375 13392
0.86875 0.79375 13392
0.86875 0.79375 13392
0.86875 0.79375 13392
0.86875 0.79375 13392
0.86875 0.79375 13392
0.86875 0.79375 13392
0.86875 0.79375 13392
0.86875 0.79375 13392
0.86875 0.79375 13392
0.86875 0.79375 13392
0.86875 0.79375 13392
0.86875 0.79375 13392
0.86875 0.79375 13392
0.86875 0.79375 13392
0.86875 0.79375 13392
0.86875 0.79375 13392
0.86875 0.79375 13392
0.86875 0.79375 13392
0.86875 0.79375 13392
0.86875 0.79375 13392
0.86875 0.79375 13392
0.86875 0.79375 13392
0.86875 0.79375 13392
0.86875 0.79375 13392
0.86875 0.79375 13392
0.86875 0.79375 13392
0.86875 0.79375 13392
0.86875 0.79375 13392
0.86875 0.79375 13392
0.86875 0.79375 13392
0.86875 0.79375 13392
0.86875 0.79375 13392
0.86875 0.79375 13392
0.86875 0.79375 13392
0.86875 0.79375 13392
0.86875 0.79375 13392
0.86875 0.79375 13392
0.86875 0.79375 13392
0.86875 0.79375 13392
0.86875 0.79375 13392
0.86875 0.79375 13392
0.86875 0.79375 13392
0.86875 0.79375 13392
0.86875 0.79375 13392
0.86875 0.79375 13392
0.86875 0.79375 13392
0.86875 0.79375 13392
0.86875 0.79375 13392
0.86875 0.79375 13392
0.86875 0.79375 13392
0.86875 0.79375 13392
0.86875 0.79375 13392
0.86875 0.79375 13392
0.86875 0.79375 13392
0.86875 0.79375 13392
0.86875 0.79375 13392
0.86875 0.79375 13392
0.86875 0.79375 13392
0.86875 0.79375 13392
0.86875 0.79375 13392
0.86875 0.79375 13392
0.86875 0.79375 13392
0.86875 0.79375 13392
0.86875 0.79375 13392
0.86875 0.79375 13392
0.86875 0.79375 13392
0.86875 0.79375 13392
0.86875 0.79375 13392
0.86875 0.79375 13392
0.86875 0.79375 13392
0.86875 0.79375 13392
0.86875 0.79375 13392
0.86875 0.79375 13392
0.86875 0.79375 13392
0.86875 0.79375 13392
0.86875 0.79375 13392
0.86875 0.79375 13392
0.86875 0.79375 13392
0.86875 0.79375 13392
0.86875 0.79375 13392
0.86875 0.79375 13392
0.86875 0.79375 13392
0.86875 0.79375 13392
0.86875 0.79375 13392
0.86875 0.79375 13392
0.86875 0.79375 13392
0.86875 0.8 13392
0.86875 0.8 13392
0.86875 0.8 13392
0.86875 0.8 13392
0.86875 0.8 13392
0.86875 0.8 13392
0.86875 0.8 13392
0.86875 0.8 13392
0.86875 0.8 13392
0.86875 0.8 13392
0.86875 0.8 13392
0.86875 0.8 13392
0.86875 0.8 13392
0.86875 0.8 13392
0.86875 0.8 13392
0.86875 0.8 13392
0.86875 0.8 13392
0.86875 0.8 13392
0.86875 0.8 13392
0.86875 0.8 13392
0.86875 0.8 13392
0.86875 0.8 13392
0.86875 0.8 13392
0.86875 0.8 13392
0.86875 0.8 13392
0.86875 0.8 13392
0.86875 0.8 13392
0.86875 0.8 13392
0.86875 0.8 13392
0.86875 0.8 13392
0.86875 0.8 13392
0.86875 0.8 13392
0.86875 0.8 13392
0.86875 0.8 13392
0.86875 0.8 13392
0.86875 0.8 13392
0.86875 0.8 13392
0.86875 0.8 13392
0.86875 0.8 13392
0.86875 0.8 13392
0.86875 0.8 13392
0.86875 0.8 13392
0.86875 0.8 13392
0.86875 0.8 13392
0.86875 0.8 13392
0.86875 0.8 13392
0.86875 0.8 13392
0.86875 0.8 13392
0.86875 0.8 13392
0.86875 0.8 13392
0.86875 0.8 13392
0.86875 0.8 13392
0.86875 0.8 13392
0.86875 0.8 13392
0.86875 0.8 13392
0.86875 0.8 13392
0.86875 0.8 13392
0.86875 0.8 13392
0.86875 0.8 13392
0.86875 0.8 13392
0.86875 0.8 13392
0.86875 0.8 13392
0.86875 0.8 13392
0.86875 0.8 13392
0.86875 0.8 13392
0.86875 0.8 13392
0.86875 0.8 13392
0.86875 0.8 13392
0.86875 0.8 13392
0.86875 0.8 13392
0.86875 0.8 13392
0.86875 0.8 13392
0.86875 0.8 13392
0.86875 0.8 13392
0.86875 0.8 13392
0.86875 0.8 13392
0.86875 0.8 13392
0.86875 0.8 13392
0.86875 0.8 13392
0.86875 0.8 13392
0.86875 0.8 13392
0.86875 0.8 13392
0.86875 0.8 13392
0.86875 0.8 13392
0.86875 0.8 13392
0.86875 0.8 13392
0.86875 0.8 13392
0.86875 0.8 13392
0.86875 0.8 13392
0.86875 0.8 13392
0.86875 0.8 13392
0.86875 0.8 13392
0.86875 0.8 13392
0.86875 0.8 13392
0.86875 0.8 13392
0.86875 0.8 13392
0.86875 0.8 13392
0.86875 0.8 13392
0.86875 0.8 13392
0.86875 0.8 13392
0.86875 0.8 13392
0.86875 0.8 13392
0.86875 0.8 13392
0.86875 0.8 13392
0.86875 0.8 13392
0.86875 0.8 13392
0.86875 0.80625 13392
0.86875 0.80625 13392
0.86875 0.80625 13392
0.86875 0.80625 13392
0.86875 0.80625 13392
0.86875 0.80625 13392
0.86875 0.80625 13392
0.86875 0.80625 13392
0.86875 0.80625 13392
0.86875 0.80625 13392
0.86875 0.80625 13392
0.86875 0.80625 13392
0.86875 0.80625 13392
0.86875 0.80625 13392
0.86875 0.80625 13392
0.86875 0.80625 13392
0.86875 0.80625 13392
0.86875 0.80625 13392
0.86875 0.80625 13392
0.86875 0.80625 13392
0.86875 0.80625 13392
0.86875 0.80625 13392
0.86875 0.80625 13392
0.86875 0.80625 13392
0.86875 0.80625 13392
0.86875 0.80625 13392
0.86875 0.80625 13392
0.86875 0.80625 13392
0.86875 0.80625 13392
0.86875 0.80625 13392
0.86875 0.80625 13392
0.86875 0.80625 13392
0.86875 0.80625 13392
0.86875 0.80625 13392
0.86875 0.80625 13392
0.86875 0.80625 13392
0.86875 0.80625 13392
0.86875 0.80625 13392
0.86875 0.80625 13392
0.86875 0.80625 13392
0.86875 0.80625 13392
0.86875 0.80625 13392
0.86875 0.80625 13392
0.86875 0.80625 13392
0.86875 0.80625 13392
0.86875 0.80625 13392
0.86875 0.80625 13392
0.86875 0.80625 13392
0.86875 0.80625 13392
0.86875 0.80625 13392
0.86875 0.80625 13392
0.86875 0.80625 13392
0.86875 0.80625 13392
0.86875 0.80625 13392
0.86875 0.80625 13392
0.86875 0.80625 13392
0.86875 0.80625 13392
0.86875 0.80625 13392
0.86875 0.80625 13392
0.86875 0.80625 13392
0.86875 0.80625 13392
0.86875 0.80625 13392
0.86875 0.80625 13392
0.86875 0.80625 13392
0.86875 0.80625 13392
0.86875 0.80625 13392
0.86875 0.80625 13392
0.86875 0.80625 13392
0.86875 0.80625 13392
0.86875 0.80625 13392
0.86875 0.80625 13392
0.86875 0.80625 13392
0.86875 0.80625 13392
0.86875 0.80625 13392
0.86875 0.80625 13392
0.86875 0.80625 13392
0.86875 0.80625 13392
0.86875 0.80625 13392
0.86875 0.80625 13392
0.86875 0.80625 13392
0.86875 0.8125 13392
0.86875 0.8125 13392
0.86875 0.8125 13392
0.86875 0.8125 13392
0.86875 0.8125 13392
0.86875 0.8125 13392
0.86875 0.8125 13392
0.86875 0.8125 13392
0.86875 0.8125 13392
0.86875 0.8125 13392
0.86875 0.8125 13392
0.86875 0.8125 13392
0.86875 0.8125 13392
0.86875 0.8125 13392
0.86875 0.8125 13392
0.86875 0.8125 13392
0.86875 0.8125 13392
0.86875 0.8125 13392
0.86875 0.8125 13392
0.86875 0.8125 13392
0.86875 0.8125 13392
0.86875 0.8125 13392
0.86875 0.8125 13392
0.86875 0.8125 13392
0.86875 0.8125 13392
0.86875 0.8125 13392
0.86875 0.8125 13392
0.86875 0.8125 13392
0.86875 0.8125 13392
0.86875 0.8125 13392
0.86875 0.8125 13392
0.86875 0.8125 13392
0.86875 0.8125 13392
0.86875 0.8125 13392
0.86875 0.8125 13392
0.86875 0.8125 13392
0.86875 0.8125 13392
0.86875 0.8125 13392
0.86875 0.8125 13392
0.86875 0.8125 13392
0.86875 0.8125 13392
0.86875 0.8125 13392
0.86875 0.8125 13392
0.86875 0.8125 13392
0.86875 0.8125 13392
0.86875 0.8125 13392
0.86875 0.8125 13392
0.86875 0.8125 13392
0.86875 0.8125 13392
0.86875 0.8125 13392
0.86875 0.8125 13392
0.86875 0.8125 13392
0.86875 0.8125 13392
0.86875 0.8125 13392
0.86875 0.8125 13392
0.86875 0.8125 13392
0.86875 0.8125 13392
0.86875 0.8125 13392
0.86875 0.8125 13392
0.86875 0.8125 13392
0.86875 0.8125 13392
0.86875 0.8125 13392
0.86875 0.8125 13392
0.86875 0.8125 13392
0.86875 0.8125 13392
0.86875 0.8125 13392
0.86875 0.8125 13392
0.86875 0.8125 13392
0.86875 0.8125 13392
0.86875 0.8125 13392
0.86875 0.8125 13392
0.86875 0.8125 13392
0.86875 0.8125 13392
0.86875 0.8125 13392
0.86875 0.8125 13392
0.86875 0.8125 13392
0.86875 0.8125 13392
0.86875 0.8125 13392
0.86875 0.8125 13392
0.86875 0.8125 13392
0.86875 0.8125 13392
0.86875 0.8125 13392
0.86875 0.8125 13392
0.86875 0.8125 13392
0.86875 0.8125 13392
0.86875 0.8125 13392
0.86875 0.8125 13392
0.86875 0.8125 13392
0.86875 0.8125 13392
0.86875 0.8125 13392
0.86875 0.8125 13392
0.86875 0.8125 13392
0.86875 0.8125 13392
0.86875 0.8125 13392
0.86875 0.8125 13392
0.86875 0.8125 13392
0.86875 0.8125 13392
0.86875 0.8125 13392
0.86875 0.8125 13392
0.86875 0.8125 13392
0.86875 0.8125 13392
0.86875 0.8125 13392
0.86875 0.8125 13392
0.86875 0.8125 13392
0.86875 0.8125 13392
0.86875 0.8125 13392
0.86875 0.8125 13392
0.86875 0.8125 13392
0.86875 0.8125 13392
0.86875 0.8125 13392
0.86875 0.8125 13392
0.86875 0.8125 13392
0.86875 0.8125 13392
0.86875 0.8125 13392
0.86875 0.8125 13392
0.86875 0.8125 13392
0.86875 0.8125 13392
0.86875 0.8125 13392
0.86875 0.8125 13392
0.86875 0.8125 13392
0.86875 0.8125 13392
0.86875 0.8125 13392
0.86875 0.8125 13392
0.86875 0.8125 13392
0.86875 0.8125 13392
0.86875 0.8125 13392
0.86875 0.8125 13392
0.86875 0.8125 13392
0.86875 0.8125 13392
0.86875 0.8125 13392
0.86875 0.8125 13392
0.86875 0.8125 13392
0.86875 0.8125 13392
0.86875 0.8125 13392
0.86875 0.8125 13392
0.86875 0.8125 13392
0.86875 0.8125 13392
0.86875 0.8125 13392
0.86875 0.8125 13392
0.86875 0.8125 13392
0.86875 0.8125 13392
0.86875 0.8125 13392
0.86875 0.8125 13392
0.86875 0.8125 13392
0.86875 0.8125 13392
0.86875 0.8125 13392
0.86875 0.8125 13392
0.86875 0.8125 13392
0.86875 0.8125 13392
0.86875 0.8125 13392
0.86875 0.8125 13392
0.86875 0.8125 13392
0.86875 0.8125 13392
0.86875 0.8125 13392
0.86875 0.8125 13392
0.86875 0.8125 13392
0.86875 0.8125 13392
0.86875 0.8125 13392
0.86875 0.8125 13392
0.86875 0.8125 13392
0.86875 0.8125 13392
0.86875 0.8125 13392
0.86875 0.8125 13392
0.86875 0.8125 13392
0.86875 0.8125 13392
0.86875 0.8125 13392
0.86875 0.8125 13392
0.86875 0.8125 13392
0.86875 0.8125 13392
0.86875 0.8125 13392
0.86875 0.8125 13392
0.86875 0.8125 13392
0.86875 0.8125 13392
0.86875 0.8125 13392
0.86875 0.8125 13392
0.86875 0.8125 13392
0.86875 0.8125 13392
0.86875 0.8125 13392
0.86875 0.8125 13392
0.86875 0.8125 13392
0.86875 0.8125 13392
0.86875 0.8125 13392
0.86875 0.8125 13392
0.86875 0.8125 13392
0.86875 0.8125 13392
0.86875 0.8125 13392
0.86875 0.8125 13392
0.86875 0.8125 13392
0.86875 0.8125 13392
0.86875 0.8125 13392
0.86875 0.8125 13392
0.86875 0.8125 13392
0.86875 0.8125 13392
0.86875 0.8125 13392
0.86875 0.8125 13392
0.86875 0.8125 13392
0.86875 0.8125 13392
0.86875 0.8125 13392
0.86875 0.8125 13392
0.86875 0.8125 13392
0.86875 0.8125 13392
0.86875 0.8125 13392
0.86875 0.8125 13392
0.86875 0.8125 13392
0.86875 0.8125 13392
0.86875 0.8125 13392
0.86875 0.8125 13392
0.86875 0.8125 13392
0.86875 0.8125 13392
0.86875 0.8125 13392
0.86875 0.8125 13392
0.86875 0.8125 13392
0.86875 0.8125 13392
0.86875 0.8125 13392
0.86875 0.8125 13392
0.86875 0.8125 13392
0.86875 0.8125 13392
0.86875 0.8125 13392
0.86875 0.8125 13392
0.86875 0.8125 13392
0.86875 0.8125 13392
0.86875 0.8125 13392
0.86875 0.8125 13392
0.86875 0.8125 13392
0.86875 0.8125 13392
0.86875 0.8125 13392
0.86875 0.8125 13392
0.86875 0.8125 13392
0.86875 0.8125 13392
0.86875 0.8125 13392
0.86875 0.8125 13392
0.86875 0.8125 13392
0.86875 0.8125 13392
0.86875 0.8125 13392
0.86875 0.8125 13392
0.86875 0.8125 13392
0.86875 0.8125 13392
0.86875 0.8125 13392
0.86875 0.8125 13392
0.86875 0.8125 13392
0.86875 0.8125 13392
0.86875 0.81875 13392
0.86875 0.81875 13392
0.86875 0.81875 13392
0.86875 0.81875 13392
0.86875 0.81875 13392
0.86875 0.81875 13392
0.86875 0.81875 13392
0.86875 0.81875 13392
0.86875 0.81875 13392
0.86875 0.81875 13392
0.86875 0.81875 13392
0.86875 0.81875 13392
0.86875 0.81875 13392
0.86875 0.81875 13392
0.86875 0.81875 13392
0.86875 0.81875 13392
0.86875 0.81875 13392
0.86875 0.81875 13392
0.86875 0.81875 13392
0.86875 0.81875 13392
0.86875 0.81875 13392
0.86875 0.81875 13392
0.86875 0.81875 13392
0.86875 0.81875 13392
0.86875 0.81875 13392
0.86875 0.81875 13392
0.86875 0.81875 13392
0.86875 0.81875 13392
0.86875 0.81875 13392
0.86875 0.81875 13392
0.86875 0.81875 13392
0.86875 0.81875 13392
0.86875 0.81875 13392
0.86875 0.81875 13392
0.86875 0.81875 13392
0.86875 0.81875 13392
0.86875 0.81875 13392
0.86875 0.81875 13392
0.86875 0.81875 13392
0.86875 0.81875 13392
0.86875 0.81875 13392
0.86875 0.81875 13392
0.86875 0.81875 13392
0.86875 0.81875 13392
0.86875 0.81875 13392
0.86875 0.81875 13392
0.86875 0.81875 13392
0.86875 0.81875 13392
0.86875 0.81875 13392
0.86875 0.81875 13392
0.86875 0.81875 13392
0.86875 0.81875 13392
0.86875 0.81875 13392
0.86875 0.81875 13392
0.86875 0.81875 13392
0.86875 0.81875 13392
0.86875 0.81875 13392
0.86875 0.81875 13392
0.86875 0.81875 13392
0.86875 0.81875 13392
0.86875 0.81875 13392
0.86875 0.81875 13392
0.86875 0.81875 13392
0.86875 0.81875 13392
0.86875 0.81875 13392
0.86875 0.81875 13392
0.86875 0.81875 13392
0.86875 0.81875 13392
0.86875 0.81875 13392
0.86875 0.81875 13392
0.86875 0.81875 13392
0.86875 0.81875 13392
0.86875 0.81875 13392
0.86875 0.81875 13392
0.86875 0.81875 13392
0.86875 0.81875 13392
0.86875 0.81875 13392
0.86875 0.81875 13392
0.86875 0.81875 13392
0.86875 0.81875 13392
0.86875 0.81875 13392
0.86875 0.81875 13392
0.86875 0.81875 13392
0.86875 0.81875 13392
0.86875 0.81875 13392
0.86875 0.81875 13392
0.86875 0.81875 13392
0.86875 0.81875 13392
0.86875 0.81875 13392
0.86875 0.81875 13392
0.86875 0.81875 13392
0.86875 0.81875 13392
0.86875 0.81875 13392
0.86875 0.81875 13392
0.86875 0.81875 13392
0.86875 0.81875 13392
0.86875 0.81875 13392
0.86875 0.81875 13392
0.86875 0.81875 13392
0.86875 0.81875 13392
0.86875 0.81875 13392
0.86875 0.81875 13392
0.86875 0.81875 13392
0.86875 0.81875 13392
0.86875 0.81875 13392
0.86875 0.81875 13392
0.86875 0.81875 13392
0.86875 0.81875 13392
0.86875 0.8125 13392
0.86875 0.8125 13392
0.86875 0.8125 13392
0.86875 0.8125 13392
0.86875 0.8125 13392
0.86875 0.8125 13392
0.86875 0.8125 13392
0.86875 0.8125 13392
0.86875 0.8125 13392
0.86875 0.8125 13392
0.86875 0.8125 13392
0.86875 0.8125 13392
0.86875 0.8125 13392
0.86875 0.8125 13392
0.86875 0.8125 13392
0.86875 0.8125 13392
0.86875 0.8125 13392
0.86875 0.8125 13392
0.86875 0.8125 13392
0.86875 0.8125 13392
0.86875 0.8125 13392
0.86875 0.8125 13392
0.86875 0.8125 13392
0.86875 0.8125 13392
0.86875 0.8125 13392
0.86875 0.8125 13392
0.86875 0.8125 13392
0.86875 0.8125 13392
0.86875 0.8125 13392
0.86875 0.8125 13392
0.86875 0.8125 13392
0.86875 0.8125 13392
0.86875 0.8125 13392
0.86875 0.8125 13392
0.86875 0.8125 13392
0.86875 0.8125 13392
0.86875 0.8125 13392
0.86875 0.81875 13392
0.86875 0.81875 13392
0.86875 0.81875 13392
0.86875 0.81875 13392
0.86875 0.81875 13392
0.86875 0.81875 13392
0.86875 0.81875 13392
0.86875 0.81875 13392
0.86875 0.81875 13392
0.86875 0.81875 13392
0.86875 0.81875 13392
0.86875 0.81875 13392
0.86875 0.81875 13392
0.86875 0.81875 13392
0.86875 0.81875 13392
0.86875 0.81875 13392
0.86875 0.81875 13392
0.86875 0.81875 13392
0.86875 0.81875 13392
0.86875 0.81875 13392
0.86875 0.81875 13392
0.86875 0.825 13392
0.86875 0.825 13392
0.86875 0.825 13392
0.86875 0.825 13392
0.86875 0.825 13392
0.86875 0.825 13392
0.86875 0.825 13392
0.86875 0.825 13392
0.86875 0.825 13392
0.86875 0.825 13392
0.86875 0.825 13392
0.86875 0.825 13392
0.86875 0.825 13392
0.86875 0.825 13392
0.86875 0.825 13392
0.86875 0.825 13392
0.86875 0.825 13392
0.86875 0.825 13392
0.86875 0.825 13392
0.86875 0.825 13392
0.86875 0.825 13392
0.86875 0.825 13392
0.86875 0.825 13392
0.86875 0.825 13392
0.86875 0.825 13392
0.86875 0.825 13392
0.86875 0.825 13392
0.86875 0.825 13392
0.86875 0.825 13392
0.86875 0.825 13392
0.86875 0.825 13392
0.86875 0.825 13392
0.86875 0.825 13392
0.86875 0.825 13392
0.86875 0.825 13392
0.86875 0.825 13392
0.86875 0.825 13392
0.86875 0.825 13392
0.86875 0.825 13392
0.86875 0.825 13392
0.86875 0.825 13392
0.86875 0.825 13392
0.86875 0.825 13392
0.86875 0.825 13392
0.86875 0.825 13392
0.86875 0.825 13392
0.86875 0.825 13392
0.86875 0.825 13392
0.86875 0.825 13392
0.86875 0.825 13392
0.86875 0.825 13392
0.86875 0.825 13392
0.86875 0.825 13392
0.86875 0.825 13392
0.86875 0.825 13392
0.86875 0.825 13392
0.86875 0.825 13392
0.86875 0.825 13392
0.86875 0.825 13392
0.86875 0.825 13392
0.86875 0.825 13392
0.86875 0.825 13392
0.86875 0.825 13392
0.86875 0.825 13392
0.86875 0.825 13392
0.86875 0.825 13392
0.86875 0.825 13392
0.86875 0.825 13392
0.86875 0.825 13392
0.86875 0.825 13392
0.86875 0.825 13392
0.86875 0.825 13392
0.86875 0.825 13392
0.86875 0.825 13392
0.86875 0.825 13392
0.86875 0.825 13392
0.86875 0.825 13392
0.86875 0.825 13392
0.86875 0.825 13392
0.86875 0.825 13392
0.86875 0.825 13392
0.86875 0.825 13392
0.86875 0.825 13392
0.86875 0.825 13392
0.86875 0.825 13392
0.86875 0.825 13392
0.86875 0.825 13392
0.86875 0.825 13392
0.86875 0.825 13392
0.86875 0.825 13392
0.86875 0.825 13392
0.86875 0.825 13392
0.86875 0.825 13392
0.86875 0.825 13392
0.86875 0.825 13392
0.86875 0.825 13392
0.86875 0.825 13392
0.86875 0.825 13392
0.86875 0.825 13392
0.86875 0.825 13392
0.86875 0.825 13392
0.86875 0.825 13392
0.86875 0.825 13392
0.86875 0.825 13392
0.86875 0.825 13392
0.86875 0.825 13392
0.86875 0.825 13392
0.86875 0.825 13392
0.86875 0.825 13392
0.86875 0.825 13392
0.86875 0.825 13392
0.86875 0.825 13392
0.86875 0.825 13392
0.86875 0.825 13392
0.86875 0.825 13392
0.86875 0.825 13392
0.86875 0.825 13392
0.86875 0.825 13392
0.86875 0.825 13392
0.86875 0.825 13392
0.86875 0.825 13392
0.86875 0.825 13392
0.86875 0.825 13392
0.86875 0.825 13392
0.86875 0.825 13392
0.86875 0.825 13392
0.86875 0.825 13392
0.86875 0.825 13392
0.86875 0.825 13392
0.86875 0.825 13392
0.86875 0.825 13392
0.86875 0.825 13392
0.86875 0.825 13392
0.86875 0.825 13392
0.86875 0.825 13392
0.86875 0.825 13392
0.86875 0.825 13392
0.86875 0.825 13392
0.86875 0.825 13392
0.86875 0.825 13392
0.86875 0.825 13392
0.86875 0.825 13392
0.86875 0.825 13392
0.86875 0.825 13392
0.86875 0.825 13392
0.86875 0.825 13392
0.86875 0.825 13392
0.86875 0.825 13392
0.86875 0.825 13392
0.86875 0.825 13392
0.86875 0.825 13392
0.86875 0.825 13392
0.86875 0.825 13392
0.86875 0.825 13392
0.86875 0.825 13392
0.86875 0.825 13392
0.86875 0.825 13392
0.86875 0.825 13392
0.86875 0.825 13392
0.86875 0.825 13392
0.86875 0.825 13392
0.86875 0.825 13392
0.86875 0.825 13392
0.86875 0.825 13392
0.86875 0.825 13392
0.86875 0.825 13392
0.86875 0.825 13392
0.86875 0.825 13392
0.86875 0.825 13392
0.86875 0.825 13392
0.86875 0.825 13392
0.86875 0.825 13392
0.86875 0.825 13392
0.86875 0.825 13392
0.86875 0.825 13392
0.86875 0.825 13392
0.86875 0.825 13392
0.86875 0.825 13392
0.86875 0.825 13392
0.86875 0.825 13392
0.86875 0.825 13392
0.86875 0.825 13392
0.86875 0.825 13392
0.86875 0.825 13392
0.86875 0.825 13392
0.86875 0.825 13392
0.86875 0.825 13392
0.86875 0.825 13392
0.86875 0.825 13392
0.86875 0.825 13392
0.86875 0.825 13392
0.86875 0.825 13392
0.86875 0.825 13392
0.86875 0.825 13392
0.86875 0.825 13392
0.86875 0.825 13392
0.86875 0.825 13392
0.86875 0.825 13392
0.86875 0.825 13392
0.86875 0.825 13392
0.86875 0.825 13392
0.86875 0.825 13392
0.86875 0.825 13392
0.86875 0.825 13392
0.86875 0.825 13392
0.86875 0.825 13392
0.86875 0.825 13392
0.86875 0.825 13392
0.86875 0.825 13392
0.86875 0.825 13392
0.86875 0.825 13392
0.86875 0.825 13392
0.86875 0.825 13392
0.86875 0.825 13392
0.86875 0.825 13392
0.86875 0.825 13392
0.86875 0.825 13392
0.86875 0.825 13392
0.86875 0.825 13392
0.86875 0.825 13392
0.86875 0.825 13392
0.86875 0.825 13392
0.86875 0.825 13392
0.86875 0.825 13392
0.86875 0.825 13392
0.86875 0.825 13392
0.86875 0.825 13392
0.86875 0.825 13392
0.86875 0.825 13392
0.86875 0.825 13392
0.86875 0.825 13392
0.86875 0.825 13392
0.86875 0.825 13392
0.86875 0.825 13392
0.86875 0.825 13392
0.86875 0.825 13392
0.86875 0.825 13392
0.86875 0.825 13392
0.86875 0.825 13392
0.86875 0.825 13392
0.86875 0.825 13392
0.86875 0.825 13392
0.86875 0.825 13392
0.86875 0.825 13392
0.86875 0.825 13392
0.86875 0.825 13392
0.86875 0.825 13392
0.86875 0.825 13392
0.86875 0.825 13392
0.86875 0.825 13392
0.86875 0.825 13392
0.86875 0.825 13392
0.86875 0.825 13392
0.86875 0.825 13392
0.86875 0.825 13392
0.86875 0.825 13392
0.86875 0.825 13392
0.86875 0.825 13392
0.86875 0.825 13392
0.86875 0.825 13392
0.86875 0.825 13392
0.86875 0.825 13392
0.86875 0.825 13392
0.86875 0.825 13392
0.86875 0.825 13392
0.86875 0.825 13392
0.86875 0.825 13392
0.86875 0.825 13392
0.86875 0.825 13392
0.86875 0.825 13392
0.86875 0.825 13392
0.86875 0.825 13392
0.86875 0.825 13392
0.86875 0.825 13392
0.86875 0.825 13392
0.86875 0.825 13392
0.86875 0.825 13392
0.86875 0.825 13392
0.86875 0.825 13392
0.86875 0.825 13392
0.86875 0.825 13392
0.86875 0.825 13392
0.86875 0.825 13392
0.86875 0.825 13392
0.86875 0.825 13392
0.86875 0.825 13392
0.86875 0.825 13392
0.86875 0.825 13392
0.86875 0.825 13392
0.86875 0.825 13392
0.86875 0.825 13392
0.86875 0.825 13392
0.86875 0.825 13392
0.86875 0.825 13392
0.86875 0.825 13392
0.86875 0.825 13392
0.86875 0.825 13392
0.86875 0.825 13392
0.86875 0.825 13392
0.86875 0.825 13392
0.86875 0.825 13392
0.86875 0.825 13392
0.86875 0.825 13392
0.86875 0.825 13392
0.86875 0.825 13392
0.86875 0.825 13392
0.86875 0.825 13392
0.86875 0.825 13392
0.86875 0.825 13392
0.86875 0.825 13392
0.86875 0.825 13392
0.86875 0.825 13392
0.86875 0.825 13392
0.86875 0.825 13392
0.86875 0.825 13392
0.86875 0.825 13392
0.86875 0.825 13392
0.86875 0.825 13392
0.86875 0.825 13392
0.86875 0.825 13392
0.86875 0.825 13392
0.86875 0.825 13392
0.86875 0.825 13392
0.86875 0.825 13392
0.86875 0.825 13392
0.86875 0.825 13392
0.86875 0.825 13392
0.86875 0.825 13392
0.86875 0.825 13392
0.86875 0.825 13392
0.86875 0.825 13392
0.86875 0.825 13392
0.86875 0.825 13392
0.86875 0.825 13392
0.86875 0.825 13392
0.86875 0.825 13392
0.86875 0.825 13392
0.86875 0.825 13392
0.86875 0.825 13392
0.86875 0.825 13392
0.86875 0.825 13392
0.86875 0.825 13392
0.86875 0.825 13392
0.86875 0.825 13392
0.86875 0.825 13392
0.86875 0.825 13392
0.86875 0.825 13392
0.86875 0.825 13392
0.86875 0.825 13392
0.86875 0.825 13392
0.86875 0.825 13392
0.86875 0.825 13392
0.86875 0.825 13392
0.86875 0.825 13392
0.86875 0.825 13392
0.86875 0.825 13392
0.86875 0.825 13392
0.86875 0.825 13392
0.86875 0.825 13392
0.86875 0.825 13392
0.86875 0.825 13392
0.86875 0.825 13392
0.86875 0.825 13392
0.86875 0.825 13392
0.86875 0.825 13392
0.86875 0.825 13392
0.86875 0.825 13392
0.86875 0.825 13392
0.86875 0.825 13392
0.86875 0.825 13392
0.86875 0.825 13392
0.86875 0.825 13392
0.86875 0.825 13392
0.86875 0.825 13392
0.86875 0.825 13392
0.86875 0.825 13392
0.86875 0.825 13392
0.86875 0.825 13392
0.86875 0.825 13392
0.86875 0.825 13392
0.86875 0.825 13392
0.86875 0.825 13392
0.86875 0.825 13392
0.86875 0.825 13392
0.86875 0.825 13392
0.86875 0.825 13392
0.86875 0.825 13392
0.86875 0.825 13392
0.86875 0.825 13392
0.86875 0.825 13392
0.86875 0.825 13392
0.86875 0.825 13392
