0.85625 0.828125 596
0.853125 0.828125 1102
0.80625 0.796875 1564
0.84375 0.86875 1720
0.828125 0.865625 1876
0.80625 0.846875 2008
0.81875 0.846875 2140
0.81875 0.840625 2272
0.81875 0.85625 2404
0.796875 0.85 2536
0.809375 0.840625 2668
0.79375 0.828125 2778
0.790625 0.821875 2888
0.790625 0.809375 2998
0.790625 0.809375 3108
0.803125 0.815625 3198
0.80625 0.809375 3288
0.81875 0.821875 3378
0.815625 0.80625 3450
0.815625 0.81875 3522
0.803125 0.828125 3594
0.80625 0.81875 3666
0.803125 0.8125 3738
0.809375 0.821875 3810
0.803125 0.825 3882
0.796875 0.821875 3954
0.8 0.83125 4026
0.796875 0.821875 4082
0.8 0.828125 4138
0.81875 0.828125 4194
0.828125 0.8375 4250
0.828125 0.834375 4306
0.83125 0.834375 4362
0.81875 0.83125 4418
0.8125 0.834375 4474
0.815625 0.83125 4530
0.8125 0.83125 4586
0.80625 0.828125 4642
0.803125 0.821875 4698
0.8 0.809375 4754
0.796875 0.809375 4810
0.796875 0.815625 4866
0.79375 0.815625 4922
0.79375 0.821875 4964
0.825 0.84375 5006
0.840625 0.878125 5048
0.840625 0.871875 5090
0.8375 0.875 5132
0.834375 0.878125 5174
0.83125 0.88125 5216
0.828125 0.890625 5258
0.828125 0.88125 5300
0.83125 0.88125 5342
0.828125 0.88125 5384
0.825 0.88125 5426
0.825 0.88125 5468
0.821875 0.88125 5510
0.821875 0.88125 5552
0.821875 0.8875 5594
0.81875 0.8875 5636
0.81875 0.875 5678
0.81875 0.875 5720
0.81875 0.875 5762
0.828125 0.871875 5804
0.840625 0.86875 5846
0.84375 0.86875 5888
0.840625 0.8625 5930
0.840625 0.8625 5972
0.8375 0.8625 6002
0.8375 0.853125 6032
0.8375 0.85625 6062
0.8375 0.8625 6092
0.834375 0.8625 6122
0.834375 0.853125 6152
0.834375 0.8625 6182
0.846875 0.85 6212
0.846875 0.85 6242
0.846875 0.85 6272
0.84375 0.85625 6302
0.84375 0.85625 6332
0.84375 0.85625 6362
0.84375 0.85625 6392
0.846875 0.85 6422
0.85 0.85 6452
0.846875 0.85 6482
0.846875 0.85 6512
0.846875 0.85 6542
0.846875 0.84375 6572
0.846875 0.84375 6602
0.846875 0.8375 6632
0.846875 0.8375 6662
0.840625 0.8375 6692
0.840625 0.8375 6722
0.840625 0.8375 6752
0.840625 0.8375 6782
0.859375 0.85 6812
0.859375 0.84375 6842
0.85625 0.85 6872
0.85625 0.85 6902
0.85625 0.85 6932
0.853125 0.84375 6962
0.859375 0.85 6992
0.8625 0.85 7022
0.86875 0.85 7052
0.871875 0.85 7082
0.871875 0.85 7112
0.875 0.85 7142
0.875 0.85 7172
0.875 0.85 7202
0.875 0.85 7232
0.875 0.85 7262
0.875 0.85 7292
0.875 0.85 7312
0.875 0.85 7332
0.875 0.85 7352
0.86875 0.85 7372
0.871875 0.85 7392
0.871875 0.85 7412
0.871875 0.85 7432
0.875 0.85 7452
0.871875 0.85 7472
0.871875 0.85 7492
0.871875 0.85 7512
0.871875 0.85 7532
0.871875 0.85 7552
0.875 0.85625 7572
0.875 0.85625 7592
0.875 0.85625 7612
0.875 0.85625 7632
0.875 0.85625 7652
0.875 0.85625 7672
0.875 0.85625 7692
0.875 0.85625 7712
0.875 0.85625 7732
0.871875 0.85625 7752
0.86875 0.85625 7772
0.86875 0.85625 7792
0.86875 0.85 7812
0.86875 0.85 7832
0.86875 0.85625 7852
0.86875 0.85625 7872
0.86875 0.85625 7892
0.86875 0.85625 7912
0.86875 0.85625 7932
0.86875 0.85625 7952
0.86875 0.85625 7972
0.86875 0.85625 7992
0.86875 0.85625 8012
0.86875 0.85625 8032
0.8625 0.85625 8052
0.85625 0.85625 8072
0.85625 0.85625 8092
0.85625 0.85625 8112
0.865625 0.85625 8132
0.865625 0.85625 8152
0.86875 0.85625 8172
0.86875 0.85625 8192
0.86875 0.8625 8212
0.86875 0.8625 8232
0.865625 0.8625 8252
0.865625 0.8625 8272
0.865625 0.8625 8292
0.8625 0.8625 8312
0.8625 0.8625 8332
0.8625 0.8625 8352
0.8625 0.8625 8372
0.8625 0.859375 8392
0.8625 0.859375 8412
0.8625 0.859375 8432
0.865625 0.85625 8452
0.865625 0.85625 8472
0.865625 0.85625 8492
0.865625 0.85625 8512
0.865625 0.85625 8532
0.8625 0.85625 8552
0.8625 0.85625 8572
0.8625 0.85625 8592
0.859375 0.85625 8612
0.859375 0.85625 8632
0.859375 0.85625 8652
0.8625 0.85625 8672
0.8625 0.85625 8692
0.865625 0.85625 8712
0.86875 0.85625 8732
0.86875 0.85625 8752
0.86875 0.85625 8772
0.86875 0.85625 8792
0.86875 0.85625 8812
0.86875 0.85625 8832
0.86875 0.85625 8852
0.86875 0.85625 8872
0.86875 0.859375 8892
0.86875 0.859375 8912
0.86875 0.859375 8932
0.86875 0.859375 8944
0.871875 0.859375 8956
0.871875 0.859375 8968
0.871875 0.859375 8980
0.871875 0.859375 8992
0.871875 0.859375 9004
0.871875 0.859375 9016
0.871875 0.859375 9028
0.871875 0.859375 9040
0.871875 0.859375 9052
0.871875 0.859375 9064
0.871875 0.8625 9076
0.871875 0.8625 9088
0.871875 0.8625 9100
0.878125 0.8625 9112
0.878125 0.8625 9124
0.878125 0.8625 9136
0.878125 0.8625 9148
0.878125 0.8625 9160
0.878125 0.8625 9172
0.878125 0.8625 9184
0.878125 0.8625 9196
0.878125 0.8625 9208
0.875 0.8625 9220
0.875 0.8625 9232
0.875 0.8625 9244
0.875 0.8625 9256
0.875 0.859375 9268
0.875 0.85625 9280
0.875 0.85625 9292
0.875 0.85625 9304
0.875 0.85 9316
0.875 0.85 9328
0.875 0.85 9340
0.86875 0.85 9352
0.86875 0.85625 9364
0.86875 0.85625 9376
0.871875 0.85625 9388
0.871875 0.85625 9400
0.871875 0.85625 9412
0.871875 0.85625 9424
0.871875 0.85625 9436
0.871875 0.85625 9448
0.871875 0.85625 9460
0.871875 0.8625 9472
0.871875 0.85625 9484
0.871875 0.85625 9496
0.871875 0.85625 9508
0.871875 0.85625 9520
0.871875 0.85625 9532
0.871875 0.85625 9544
0.8875 0.8625 9556
0.890625 0.86875 9568
0.890625 0.8625 9580
0.890625 0.8625 9592
0.890625 0.8625 9604
0.890625 0.859375 9616
0.890625 0.859375 9628
0.890625 0.859375 9640
0.890625 0.859375 9652
0.890625 0.85625 9664
0.890625 0.85625 9676
0.890625 0.85625 9688
0.890625 0.85625 9700
0.890625 0.85625 9712
0.890625 0.85625 9724
0.890625 0.85625 9736
0.890625 0.85625 9748
0.890625 0.85625 9760
0.890625 0.85625 9772
0.890625 0.85625 9784
0.890625 0.85625 9796
0.890625 0.85625 9808
0.890625 0.85625 9820
0.8875 0.85625 9832
0.8875 0.85625 9844
0.8875 0.85625 9856
0.8875 0.85625 9868
0.8875 0.85625 9880
0.8875 0.85625 9892
0.8875 0.85625 9904
0.8875 0.85625 9916
0.8875 0.85625 9928
0.8875 0.85625 9940
0.890625 0.85625 9952
0.890625 0.85625 9964
0.890625 0.85625 9976
0.890625 0.85625 9988
0.890625 0.85625 10000
0.890625 0.85625 10012
0.890625 0.85625 10024
0.890625 0.85625 10036
0.890625 0.85625 10048
0.890625 0.85625 10060
0.890625 0.85625 10072
0.890625 0.85625 10084
0.890625 0.85625 10096
0.890625 0.85625 10108
0.890625 0.85625 10120
0.890625 0.85625 10132
0.890625 0.85625 10144
0.890625 0.85625 10156
0.890625 0.85625 10168
0.890625 0.85625 10180
0.890625 0.85625 10192
0.890625 0.85625 10204
0.890625 0.85625 10216
0.890625 0.85625 10228
0.890625 0.85625 10240
0.890625 0.85625 10252
0.890625 0.85625 10264
0.890625 0.85625 10276
0.890625 0.85625 10288
0.890625 0.85625 10300
0.890625 0.85625 10312
0.890625 0.85625 10324
0.8875 0.85625 10336
0.8875 0.85625 10348
0.8875 0.85625 10360
0.8875 0.85625 10372
0.8875 0.85625 10384
0.8875 0.85625 10396
0.8875 0.85625 10408
0.8875 0.85625 10420
0.8875 0.85625 10432
0.8875 0.85625 10444
0.8875 0.85625 10456
0.8875 0.85625 10468
0.8875 0.85625 10480
0.8875 0.85625 10492
0.8875 0.85625 10504
0.8875 0.85625 10516
0.8875 0.85625 10528
0.8875 0.85625 10540
0.8875 0.85625 10552
0.8875 0.85625 10564
0.8875 0.85625 10576
0.8875 0.85625 10588
0.8875 0.85625 10600
0.8875 0.85625 10612
0.8875 0.859375 10624
0.8875 0.859375 10636
0.8875 0.859375 10648
0.8875 0.859375 10660
0.8875 0.859375 10672
0.8875 0.8625 10684
0.8875 0.8625 10696
0.8875 0.8625 10708
0.8875 0.8625 10720
0.8875 0.8625 10732
0.8875 0.8625 10744
0.8875 0.8625 10756
0.8875 0.8625 10762
0.8875 0.8625 10768
0.8875 0.8625 10774
0.8875 0.8625 10780
0.8875 0.8625 10786
0.8875 0.8625 10792
0.8875 0.8625 10798
0.8875 0.8625 10804
0.8875 0.8625 10810
0.8875 0.8625 10816
0.8875 0.8625 10822
0.8875 0.8625 10828
0.8875 0.8625 10834
0.8875 0.8625 10840
0.8875 0.8625 10846
0.8875 0.8625 10852
0.8875 0.8625 10858
0.8875 0.8625 10864
0.8875 0.8625 10870
0.8875 0.8625 10876
0.8875 0.8625 10882
0.8875 0.8625 10888
0.8875 0.8625 10894
0.8875 0.8625 10900
0.8875 0.8625 10906
0.8875 0.8625 10912
0.8875 0.8625 10918
0.8875 0.8625 10924
0.8875 0.8625 10930
0.8875 0.8625 10936
0.8875 0.8625 10942
0.8875 0.8625 10948
0.8875 0.8625 10954
0.8875 0.8625 10960
0.8875 0.8625 10966
0.8875 0.8625 10972
0.8875 0.8625 10978
0.8875 0.8625 10984
0.8875 0.8625 10990
0.8875 0.8625 10996
0.8875 0.8625 11002
0.8875 0.8625 11008
0.8875 0.8625 11014
0.8875 0.8625 11020
0.8875 0.8625 11026
0.8875 0.8625 11032
0.8875 0.8625 11038
0.8875 0.85625 11044
0.8875 0.85625 11050
0.884375 0.846875 11056
0.884375 0.84375 11062
0.884375 0.84375 11068
0.884375 0.84375 11074
0.88125 0.84375 11080
0.88125 0.84375 11086
0.88125 0.84375 11092
0.88125 0.84375 11098
0.88125 0.84375 11104
0.88125 0.84375 11110
0.88125 0.84375 11116
0.88125 0.84375 11122
0.88125 0.84375 11128
0.88125 0.846875 11134
0.88125 0.846875 11140
0.88125 0.85 11146
0.88125 0.85 11152
0.88125 0.85 11158
0.88125 0.85 11164
0.88125 0.85 11170
0.88125 0.85 11176
0.88125 0.85 11182
0.88125 0.85 11188
0.88125 0.846875 11194
0.88125 0.846875 11200
0.88125 0.846875 11206
0.88125 0.84375 11212
0.88125 0.84375 11218
0.88125 0.84375 11224
0.88125 0.84375 11230
0.88125 0.84375 11236
0.88125 0.84375 11242
0.88125 0.84375 11248
0.88125 0.84375 11254
0.88125 0.84375 11260
0.88125 0.84375 11266
0.88125 0.84375 11272
0.88125 0.84375 11278
0.88125 0.84375 11284
0.88125 0.84375 11290
0.88125 0.84375 11296
0.88125 0.84375 11302
0.88125 0.84375 11308
0.88125 0.84375 11314
0.88125 0.84375 11320
0.88125 0.84375 11326
0.88125 0.84375 11332
0.88125 0.84375 11338
0.88125 0.84375 11344
0.88125 0.84375 11350
0.88125 0.84375 11356
0.88125 0.84375 11362
0.88125 0.84375 11368
0.88125 0.84375 11374
0.88125 0.84375 11380
0.88125 0.84375 11386
0.88125 0.84375 11392
0.88125 0.84375 11398
0.88125 0.84375 11404
0.88125 0.84375 11410
0.88125 0.84375 11416
0.88125 0.84375 11422
0.88125 0.84375 11428
0.88125 0.84375 11434
0.88125 0.84375 11440
0.88125 0.84375 11446
0.88125 0.84375 11452
0.88125 0.84375 11458
0.88125 0.84375 11464
0.88125 0.84375 11470
0.88125 0.84375 11476
0.88125 0.84375 11482
0.88125 0.84375 11488
0.88125 0.84375 11494
0.88125 0.84375 11500
0.88125 0.84375 11506
0.88125 0.84375 11512
0.88125 0.84375 11518
0.88125 0.84375 11524
0.88125 0.84375 11530
0.88125 0.84375 11536
0.884375 0.84375 11542
0.884375 0.84375 11548
0.884375 0.84375 11554
0.884375 0.84375 11560
0.884375 0.84375 11566
0.884375 0.84375 11572
0.884375 0.84375 11578
0.884375 0.84375 11584
0.884375 0.84375 11590
0.884375 0.84375 11596
0.884375 0.84375 11602
0.884375 0.84375 11608
0.884375 0.84375 11614
0.884375 0.84375 11620
0.884375 0.84375 11626
0.884375 0.84375 11632
0.884375 0.84375 11638
0.884375 0.84375 11644
0.884375 0.84375 11650
0.884375 0.84375 11656
0.884375 0.84375 11662
0.884375 0.84375 11668
0.884375 0.84375 11674
0.884375 0.84375 11680
0.884375 0.84375 11686
0.884375 0.84375 11692
0.884375 0.84375 11698
0.884375 0.84375 11704
0.884375 0.84375 11710
0.884375 0.84375 11716
0.884375 0.84375 11722
0.884375 0.85 11728
0.884375 0.85 11734
0.884375 0.85 11740
0.884375 0.85 11746
0.884375 0.85 11752
0.884375 0.85 11758
0.884375 0.85 11764
0.884375 0.85 11770
0.884375 0.85 11776
0.884375 0.85 11782
0.884375 0.85 11788
0.884375 0.85 11794
0.884375 0.85 11800
0.884375 0.85 11806
0.884375 0.85 11812
0.884375 0.85 11818
0.884375 0.85 11824
0.884375 0.85 11830
0.884375 0.85 11836
0.884375 0.85 11842
0.884375 0.85 11848
0.884375 0.85 11854
0.884375 0.85 11860
0.884375 0.85 11866
0.884375 0.85 11872
0.884375 0.85 11878
0.884375 0.85 11884
0.884375 0.85 11890
0.884375 0.85 11896
0.884375 0.85 11902
0.884375 0.85 11908
0.884375 0.85 11914
0.884375 0.85 11920
0.884375 0.85 11926
0.8875 0.85 11932
0.8875 0.85 11938
0.8875 0.85 11944
0.8875 0.85 11950
0.8875 0.85 11956
0.8875 0.85 11962
0.8875 0.85 11968
0.884375 0.85 11974
0.884375 0.85 11980
0.884375 0.85 11986
0.884375 0.85 11992
0.884375 0.85 11998
0.884375 0.85 12004
0.884375 0.85 12010
0.884375 0.85 12016
0.884375 0.85 12022
0.884375 0.85 12028
0.884375 0.85 12034
0.884375 0.85 12040
0.884375 0.85 12046
0.884375 0.85 12052
0.884375 0.85 12058
0.884375 0.85 12064
0.884375 0.84375 12070
0.884375 0.85 12076
0.884375 0.85 12082
0.884375 0.85 12088
0.884375 0.85 12094
0.884375 0.85 12100
0.884375 0.85 12106
0.884375 0.85 12112
0.884375 0.85 12118
0.884375 0.85 12124
0.884375 0.85 12130
0.884375 0.85 12136
0.884375 0.85 12142
0.884375 0.85 12148
0.884375 0.85 12154
0.884375 0.85 12160
0.884375 0.85 12166
0.884375 0.85 12172
0.884375 0.85 12178
0.884375 0.85 12184
0.884375 0.85 12190
0.884375 0.85 12196
0.884375 0.85 12202
0.884375 0.85 12208
0.884375 0.85 12214
0.884375 0.85 12220
0.884375 0.85 12226
0.884375 0.85 12232
0.884375 0.85 12238
0.884375 0.85 12244
0.884375 0.85 12246
0.884375 0.85 12248
0.884375 0.85 12250
0.884375 0.85 12252
0.884375 0.85 12254
0.884375 0.85 12256
0.884375 0.85 12258
0.884375 0.85 12260
0.884375 0.85 12262
0.884375 0.85 12264
0.884375 0.85 12266
0.884375 0.85 12268
0.884375 0.85 12270
0.884375 0.85 12272
0.884375 0.85 12274
0.884375 0.85 12276
0.884375 0.85 12278
0.884375 0.85 12280
0.884375 0.85 12282
0.884375 0.85 12284
0.884375 0.85 12286
0.884375 0.85 12288
0.884375 0.85 12290
0.884375 0.85 12292
0.884375 0.85 12294
0.884375 0.85 12296
0.884375 0.85 12298
0.884375 0.85 12300
0.884375 0.85 12302
0.884375 0.85 12304
0.884375 0.85 12306
0.884375 0.85 12308
0.884375 0.85 12310
0.884375 0.85 12312
0.884375 0.85 12314
0.884375 0.85 12316
0.884375 0.85 12318
0.884375 0.85 12320
0.884375 0.85 12322
0.884375 0.85 12324
0.884375 0.85 12326
0.884375 0.85 12328
0.884375 0.85 12330
0.884375 0.85 12332
0.884375 0.85 12334
0.884375 0.85 12336
0.884375 0.85 12338
0.884375 0.85 12340
0.884375 0.85 12342
0.884375 0.85 12344
0.884375 0.85 12346
0.884375 0.85 12348
0.884375 0.85 12350
0.884375 0.85 12352
0.884375 0.85 12354
0.884375 0.85 12356
0.884375 0.85 12358
0.884375 0.85 12360
0.884375 0.85 12362
0.884375 0.85 12364
0.884375 0.85 12366
0.884375 0.85 12368
0.884375 0.85 12370
0.884375 0.85 12372
0.884375 0.85 12374
0.884375 0.85 12376
0.884375 0.85 12378
0.884375 0.85 12380
0.884375 0.85 12382
0.884375 0.85625 12384
0.884375 0.85625 12386
0.884375 0.85625 12388
0.884375 0.85625 12390
0.884375 0.85625 12392
0.884375 0.85625 12394
0.884375 0.85625 12396
0.884375 0.85625 12398
0.884375 0.85625 12400
0.884375 0.85625 12402
0.884375 0.85625 12404
0.884375 0.85625 12406
0.884375 0.85625 12408
0.8875 0.85625 12410
0.8875 0.85625 12412
0.8875 0.85625 12414
0.8875 0.85625 12416
0.8875 0.8625 12418
0.8875 0.8625 12420
0.8875 0.8625 12422
0.8875 0.8625 12424
0.8875 0.8625 12426
0.8875 0.8625 12428
0.8875 0.8625 12430
0.8875 0.8625 12432
0.8875 0.8625 12434
0.8875 0.8625 12436
0.8875 0.8625 12438
0.8875 0.8625 12440
0.8875 0.8625 12442
0.8875 0.8625 12444
0.8875 0.8625 12446
0.8875 0.8625 12448
0.8875 0.8625 12450
0.8875 0.8625 12452
0.8875 0.8625 12454
0.8875 0.8625 12456
0.8875 0.8625 12458
0.8875 0.8625 12460
0.8875 0.8625 12462
0.8875 0.8625 12464
0.8875 0.85625 12466
0.8875 0.85625 12468
0.8875 0.85625 12470
0.8875 0.85625 12472
0.8875 0.85625 12474
0.8875 0.85625 12476
0.8875 0.85625 12478
0.8875 0.85625 12480
0.8875 0.85625 12482
0.8875 0.85625 12484
0.8875 0.85625 12486
0.8875 0.85625 12488
0.8875 0.85625 12490
0.8875 0.85625 12492
0.8875 0.85625 12494
0.8875 0.85625 12496
0.8875 0.85625 12498
0.8875 0.85625 12500
0.8875 0.85625 12502
0.8875 0.85625 12504
0.8875 0.85625 12506
0.8875 0.85625 12508
0.8875 0.85625 12510
0.8875 0.85625 12512
0.8875 0.85625 12514
0.8875 0.85625 12516
0.8875 0.85625 12518
0.8875 0.85625 12520
0.8875 0.85625 12522
0.8875 0.85625 12524
0.8875 0.85625 12526
0.8875 0.85625 12528
0.8875 0.85625 12530
0.8875 0.85625 12532
0.8875 0.85625 12534
0.8875 0.85625 12536
0.8875 0.85625 12538
0.8875 0.85625 12540
0.8875 0.85625 12542
0.8875 0.85625 12544
0.8875 0.85625 12546
0.8875 0.85625 12548
0.8875 0.85625 12550
0.8875 0.853125 12552
0.8875 0.85 12554
0.8875 0.85 12556
0.8875 0.85 12558
0.8875 0.85 12560
0.8875 0.85 12562
0.8875 0.85 12564
0.8875 0.85 12566
0.8875 0.85 12568
0.8875 0.85 12570
0.8875 0.85 12572
0.8875 0.85 12574
0.8875 0.85 12576
0.8875 0.85 12578
0.8875 0.85 12580
0.8875 0.85 12582
0.8875 0.85 12584
0.8875 0.85 12586
0.8875 0.85 12588
0.8875 0.85 12590
0.8875 0.85 12592
0.8875 0.85 12594
0.8875 0.85 12596
0.8875 0.85 12598
0.8875 0.85 12600
0.8875 0.85 12602
0.8875 0.85 12604
0.8875 0.85 12606
0.8875 0.85 12608
0.8875 0.85 12610
0.8875 0.85 12612
0.8875 0.85 12614
0.8875 0.85 12616
0.8875 0.85 12618
0.8875 0.85 12620
0.8875 0.85 12622
0.8875 0.85 12624
0.8875 0.85 12626
0.8875 0.85 12628
0.8875 0.85 12630
0.8875 0.85 12632
0.8875 0.85 12634
0.8875 0.85 12636
0.8875 0.85 12638
0.8875 0.85 12640
0.8875 0.85 12642
0.8875 0.85 12644
0.8875 0.85 12646
0.8875 0.85 12648
0.8875 0.85 12650
0.8875 0.85 12652
0.8875 0.85 12654
0.8875 0.85 12656
0.8875 0.85 12658
0.8875 0.85 12660
0.8875 0.85 12662
0.8875 0.85 12664
0.8875 0.85 12666
0.8875 0.85 12668
0.8875 0.85 12670
0.8875 0.85 12672
0.8875 0.85 12674
0.8875 0.85 12676
0.8875 0.85 12678
0.8875 0.85 12680
0.8875 0.85 12682
0.8875 0.85 12684
0.8875 0.85 12686
0.8875 0.85 12688
0.8875 0.85 12690
0.8875 0.85 12692
0.8875 0.85 12694
0.8875 0.85 12696
0.8875 0.85 12698
0.8875 0.85 12700
0.8875 0.85 12702
0.8875 0.85 12704
0.8875 0.85 12706
0.8875 0.85 12708
0.8875 0.85 12710
0.8875 0.85 12712
0.8875 0.85 12714
0.8875 0.85 12716
0.8875 0.85 12718
0.8875 0.85 12720
0.8875 0.85 12722
0.8875 0.85 12724
0.8875 0.85625 12726
0.8875 0.85625 12728
0.8875 0.85625 12730
0.8875 0.85625 12732
0.8875 0.85625 12734
0.8875 0.85625 12736
0.8875 0.85625 12738
0.8875 0.85625 12740
0.8875 0.85625 12742
0.8875 0.85625 12744
0.8875 0.85625 12746
0.8875 0.85625 12748
0.8875 0.85625 12750
0.8875 0.85625 12752
0.8875 0.85 12754
0.8875 0.85625 12756
0.8875 0.85625 12758
0.8875 0.85625 12760
0.8875 0.85625 12762
0.8875 0.85625 12764
0.8875 0.85625 12766
0.8875 0.85625 12768
0.8875 0.85625 12770
0.8875 0.85625 12772
0.8875 0.85625 12774
0.8875 0.85625 12776
0.8875 0.85625 12778
0.8875 0.85625 12780
0.8875 0.85625 12782
0.8875 0.85625 12784
0.8875 0.859375 12786
0.8875 0.859375 12788
0.8875 0.859375 12790
0.8875 0.859375 12792
0.8875 0.859375 12794
0.8875 0.859375 12796
0.8875 0.859375 12798
0.8875 0.859375 12800
0.8875 0.859375 12802
0.8875 0.859375 12804
0.8875 0.859375 12806
0.8875 0.8625 12808
0.8875 0.8625 12810
0.8875 0.8625 12812
0.8875 0.8625 12814
0.8875 0.8625 12816
0.8875 0.8625 12818
0.8875 0.8625 12820
0.8875 0.8625 12822
0.8875 0.8625 12824
0.8875 0.8625 12826
0.8875 0.8625 12828
0.8875 0.8625 12830
0.8875 0.8625 12832
0.8875 0.8625 12834
0.8875 0.859375 12836
0.8875 0.859375 12838
0.8875 0.859375 12840
0.8875 0.859375 12842
0.8875 0.859375 12844
0.8875 0.859375 12846
0.8875 0.859375 12848
0.8875 0.859375 12850
0.8875 0.859375 12852
0.8875 0.859375 12854
0.8875 0.865625 12856
0.8875 0.865625 12858
0.8875 0.865625 12860
0.8875 0.865625 12862
0.8875 0.865625 12864
0.8875 0.865625 12866
0.8875 0.865625 12868
0.8875 0.865625 12870
0.8875 0.865625 12872
0.8875 0.865625 12874
0.8875 0.865625 12876
0.8875 0.871875 12878
0.8875 0.871875 12880
0.8875 0.871875 12882
0.8875 0.871875 12884
0.8875 0.871875 12886
0.8875 0.871875 12888
0.8875 0.871875 12890
0.8875 0.871875 12892
0.8875 0.871875 12894
0.8875 0.871875 12896
0.8875 0.871875 12898
0.8875 0.871875 12900
0.8875 0.871875 12902
0.8875 0.871875 12904
0.8875 0.871875 12906
0.8875 0.871875 12908
0.8875 0.871875 12910
0.8875 0.86875 12912
0.8875 0.86875 12914
0.8875 0.86875 12916
0.8875 0.86875 12918
0.8875 0.86875 12920
0.8875 0.86875 12922
0.8875 0.86875 12924
0.8875 0.86875 12926
0.8875 0.86875 12928
0.8875 0.86875 12930
0.8875 0.86875 12932
0.8875 0.86875 12934
0.8875 0.86875 12936
0.8875 0.86875 12938
0.8875 0.86875 12940
0.8875 0.86875 12942
0.8875 0.86875 12944
0.8875 0.86875 12946
0.8875 0.86875 12948
0.8875 0.86875 12950
0.8875 0.86875 12952
0.8875 0.86875 12954
0.8875 0.86875 12956
0.8875 0.86875 12958
0.8875 0.86875 12960
0.8875 0.86875 12962
0.8875 0.86875 12964
0.8875 0.86875 12966
0.8875 0.86875 12968
0.8875 0.86875 12970
0.8875 0.86875 12972
0.8875 0.86875 12974
0.8875 0.86875 12976
0.8875 0.86875 12978
0.8875 0.86875 12980
0.8875 0.86875 12982
0.8875 0.86875 12984
0.8875 0.86875 12986
0.8875 0.86875 12988
0.8875 0.86875 12990
0.8875 0.86875 12992
0.8875 0.86875 12994
0.8875 0.86875 12996
0.8875 0.86875 12998
0.8875 0.86875 13000
0.8875 0.86875 13002
0.8875 0.86875 13004
0.8875 0.86875 13006
0.8875 0.86875 13008
0.8875 0.86875 13010
0.8875 0.86875 13012
0.8875 0.86875 13014
0.8875 0.86875 13016
0.8875 0.86875 13018
0.8875 0.86875 13020
0.8875 0.86875 13022
0.8875 0.86875 13024
0.8875 0.86875 13026
0.8875 0.86875 13028
0.8875 0.86875 13030
0.8875 0.86875 13032
0.8875 0.86875 13034
0.8875 0.86875 13036
0.8875 0.86875 13038
0.8875 0.86875 13040
0.8875 0.86875 13042
0.8875 0.86875 13044
0.8875 0.86875 13046
0.8875 0.86875 13048
0.8875 0.86875 13050
0.8875 0.86875 13052
0.8875 0.86875 13054
0.8875 0.8625 13056
0.8875 0.8625 13058
0.8875 0.8625 13060
0.8875 0.8625 13062
0.8875 0.8625 13064
0.8875 0.8625 13066
0.8875 0.8625 13068
0.8875 0.8625 13070
0.8875 0.8625 13072
0.8875 0.8625 13074
0.8875 0.8625 13076
0.8875 0.8625 13078
0.8875 0.8625 13080
0.8875 0.8625 13082
0.8875 0.8625 13084
0.8875 0.8625 13086
0.8875 0.8625 13088
0.8875 0.8625 13090
0.8875 0.8625 13092
0.8875 0.8625 13094
0.8875 0.8625 13096
0.8875 0.8625 13098
0.8875 0.8625 13100
0.8875 0.8625 13102
0.8875 0.8625 13104
0.8875 0.8625 13106
0.8875 0.8625 13108
0.8875 0.8625 13110
0.8875 0.8625 13112
0.8875 0.8625 13114
0.8875 0.8625 13116
0.8875 0.8625 13118
0.8875 0.8625 13120
0.8875 0.8625 13122
0.8875 0.8625 13124
0.8875 0.8625 13126
0.8875 0.8625 13128
0.8875 0.85625 13130
0.8875 0.85625 13132
0.8875 0.85625 13134
0.8875 0.85625 13136
0.8875 0.85625 13138
0.8875 0.85625 13140
0.8875 0.85625 13142
0.8875 0.85625 13144
0.8875 0.853125 13146
0.8875 0.85 13148
0.8875 0.85 13150
0.8875 0.85 13152
0.8875 0.85 13154
0.8875 0.85 13156
0.8875 0.85 13158
0.8875 0.85 13160
0.8875 0.85 13162
0.8875 0.85 13164
0.8875 0.85 13166
0.8875 0.85 13168
0.8875 0.85 13170
0.8875 0.85 13172
0.8875 0.85 13174
0.8875 0.85 13176
0.8875 0.85 13178
0.8875 0.85 13180
0.8875 0.85 13182
0.8875 0.85 13184
0.8875 0.85 13186
0.8875 0.85 13188
0.8875 0.85 13190
0.8875 0.85 13192
0.8875 0.85 13194
0.8875 0.85 13196
0.8875 0.85 13198
0.8875 0.85 13200
0.8875 0.85 13202
0.8875 0.85 13204
0.8875 0.85 13206
0.8875 0.85 13208
0.8875 0.85 13210
0.8875 0.85 13212
0.8875 0.85 13214
0.8875 0.85 13216
0.8875 0.85 13218
0.8875 0.85 13220
0.8875 0.85 13222
0.8875 0.85 13224
0.8875 0.85 13226
0.8875 0.85 13228
0.8875 0.85 13230
0.8875 0.85 13232
0.8875 0.85 13234
0.8875 0.85 13236
0.8875 0.85 13238
0.8875 0.853125 13240
0.8875 0.85625 13242
0.8875 0.85625 13244
0.8875 0.85625 13246
0.8875 0.85625 13248
0.8875 0.85625 13250
0.8875 0.85625 13252
0.8875 0.85625 13254
0.8875 0.85625 13256
0.8875 0.85625 13258
0.8875 0.85625 13260
0.8875 0.85625 13262
0.8875 0.85625 13264
0.8875 0.85625 13266
0.8875 0.85625 13268
0.8875 0.85625 13270
0.8875 0.85625 13272
0.8875 0.85625 13274
0.8875 0.85625 13276
0.8875 0.85625 13278
0.8875 0.85625 13280
0.8875 0.85625 13282
0.8875 0.85625 13284
0.8875 0.85625 13286
0.8875 0.85625 13288
0.8875 0.85625 13290
0.8875 0.85625 13292
0.8875 0.85625 13294
0.8875 0.85625 13296
0.8875 0.85625 13298
0.8875 0.85625 13300
0.8875 0.85625 13302
0.8875 0.85625 13304
0.8875 0.85625 13306
0.8875 0.85625 13308
0.8875 0.85625 13310
0.8875 0.85625 13312
0.8875 0.85625 13314
0.8875 0.85625 13316
0.8875 0.85625 13318
0.8875 0.85625 13320
0.8875 0.85625 13322
0.8875 0.85625 13324
0.8875 0.85625 13326
0.8875 0.85625 13328
0.8875 0.85625 13330
0.8875 0.85625 13332
0.8875 0.85625 13334
0.8875 0.85625 13336
0.8875 0.85625 13338
0.8875 0.85625 13340
0.8875 0.85625 13342
0.8875 0.85625 13344
0.8875 0.85625 13346
0.8875 0.85625 13348
0.8875 0.85625 13350
0.8875 0.85625 13352
0.8875 0.85625 13354
0.8875 0.85625 13356
0.8875 0.85625 13358
0.8875 0.85625 13360
0.8875 0.85625 13362
0.8875 0.85625 13364
0.8875 0.85625 13366
0.8875 0.85625 13368
0.8875 0.85625 13370
0.8875 0.85625 13372
0.8875 0.85625 13374
0.8875 0.85625 13376
0.8875 0.85625 13378
0.8875 0.85625 13380
0.8875 0.85625 13382
0.8875 0.85625 13384
0.8875 0.85625 13386
0.8875 0.85625 13388
0.8875 0.853125 13390
0.8875 0.85 13392
0.8875 0.85 13392
0.8875 0.85 13392
0.8875 0.85 13392
0.8875 0.85 13392
0.8875 0.85 13392
0.8875 0.85 13392
0.8875 0.85 13392
0.8875 0.85 13392
0.8875 0.853125 13392
0.8875 0.85625 13392
0.8875 0.85625 13392
0.8875 0.85625 13392
0.8875 0.85625 13392
0.8875 0.85625 13392
0.8875 0.85625 13392
0.8875 0.85625 13392
0.8875 0.85625 13392
0.8875 0.85625 13392
0.8875 0.85625 13392
0.8875 0.85625 13392
0.8875 0.85625 13392
0.8875 0.85625 13392
0.8875 0.85625 13392
0.8875 0.85625 13392
0.8875 0.85625 13392
0.8875 0.85625 13392
0.8875 0.85625 13392
0.8875 0.85625 13392
0.8875 0.85625 13392
0.8875 0.85625 13392
0.8875 0.85625 13392
0.8875 0.85625 13392
0.8875 0.85625 13392
0.8875 0.85625 13392
0.8875 0.85625 13392
0.8875 0.85625 13392
0.8875 0.85625 13392
0.8875 0.85625 13392
0.8875 0.85625 13392
0.8875 0.85625 13392
0.8875 0.85625 13392
0.8875 0.85625 13392
0.8875 0.85625 13392
0.8875 0.85625 13392
0.8875 0.85625 13392
0.8875 0.85625 13392
0.8875 0.85625 13392
0.8875 0.85625 13392
0.8875 0.85625 13392
0.8875 0.85625 13392
0.8875 0.85625 13392
0.8875 0.85625 13392
0.8875 0.85625 13392
0.8875 0.85625 13392
0.8875 0.85625 13392
0.8875 0.85625 13392
0.8875 0.85625 13392
0.8875 0.85625 13392
0.8875 0.85625 13392
0.8875 0.85625 13392
0.8875 0.85625 13392
0.8875 0.85625 13392
0.8875 0.85625 13392
0.8875 0.85625 13392
0.8875 0.85625 13392
0.8875 0.85625 13392
0.8875 0.85625 13392
0.8875 0.85625 13392
0.8875 0.85625 13392
0.8875 0.85625 13392
0.8875 0.85625 13392
0.8875 0.85625 13392
0.8875 0.85625 13392
0.8875 0.85625 13392
0.8875 0.85625 13392
0.8875 0.85625 13392
0.8875 0.85625 13392
0.8875 0.85625 13392
0.8875 0.85625 13392
0.8875 0.85625 13392
0.8875 0.85625 13392
0.8875 0.85625 13392
0.8875 0.85625 13392
0.8875 0.85625 13392
0.8875 0.85625 13392
0.8875 0.85625 13392
0.8875 0.85625 13392
0.8875 0.85625 13392
0.8875 0.85625 13392
0.8875 0.85625 13392
0.8875 0.85625 13392
0.8875 0.85625 13392
0.8875 0.85625 13392
0.8875 0.85625 13392
0.8875 0.85625 13392
0.8875 0.85625 13392
0.8875 0.85625 13392
0.8875 0.85625 13392
0.8875 0.85625 13392
0.8875 0.85625 13392
0.8875 0.85625 13392
0.8875 0.85625 13392
0.8875 0.85625 13392
0.8875 0.85625 13392
0.8875 0.85625 13392
0.8875 0.85625 13392
0.8875 0.85625 13392
0.8875 0.85625 13392
0.8875 0.85625 13392
0.8875 0.85625 13392
0.8875 0.85625 13392
0.8875 0.85625 13392
0.8875 0.85625 13392
0.8875 0.85625 13392
0.8875 0.85625 13392
0.8875 0.85625 13392
0.8875 0.85625 13392
0.8875 0.85625 13392
0.8875 0.85625 13392
0.8875 0.85625 13392
0.8875 0.85625 13392
0.8875 0.85625 13392
0.8875 0.85625 13392
0.8875 0.85625 13392
0.8875 0.85625 13392
0.8875 0.85625 13392
0.8875 0.85625 13392
0.8875 0.85625 13392
0.8875 0.85625 13392
0.8875 0.85625 13392
0.8875 0.85625 13392
0.8875 0.85625 13392
0.8875 0.85625 13392
0.8875 0.85625 13392
0.8875 0.85625 13392
0.8875 0.85625 13392
0.8875 0.85625 13392
0.8875 0.85625 13392
0.8875 0.85625 13392
0.8875 0.85625 13392
0.8875 0.85625 13392
0.8875 0.85625 13392
0.8875 0.85625 13392
0.8875 0.85625 13392
0.8875 0.85625 13392
0.8875 0.85625 13392
0.8875 0.85625 13392
0.8875 0.85625 13392
0.8875 0.85625 13392
0.8875 0.85625 13392
0.8875 0.85625 13392
0.8875 0.85625 13392
0.8875 0.85625 13392
0.8875 0.85625 13392
0.8875 0.85625 13392
0.8875 0.85625 13392
0.8875 0.85625 13392
0.8875 0.85625 13392
0.8875 0.85625 13392
0.8875 0.85625 13392
0.8875 0.853125 13392
0.8875 0.85 13392
0.8875 0.85 13392
0.8875 0.85 13392
0.8875 0.85 13392
0.8875 0.85 13392
0.8875 0.85 13392
0.8875 0.85 13392
0.8875 0.85 13392
0.8875 0.85 13392
0.8875 0.85 13392
0.8875 0.85 13392
0.8875 0.85 13392
0.8875 0.85 13392
0.8875 0.85 13392
0.8875 0.85 13392
0.8875 0.85 13392
0.8875 0.85 13392
0.8875 0.85 13392
0.8875 0.85 13392
0.8875 0.85 13392
0.8875 0.85 13392
0.8875 0.85 13392
0.8875 0.85 13392
0.8875 0.85 13392
0.8875 0.85 13392
0.8875 0.85 13392
0.8875 0.85 13392
0.8875 0.85 13392
0.8875 0.85 13392
0.8875 0.85 13392
0.8875 0.85 13392
0.8875 0.85 13392
0.8875 0.85 13392
0.8875 0.85 13392
0.8875 0.85 13392
0.8875 0.85 13392
0.8875 0.85 13392
0.8875 0.85 13392
0.8875 0.85 13392
0.8875 0.85 13392
0.8875 0.85 13392
0.8875 0.85 13392
0.8875 0.85 13392
0.8875 0.85 13392
0.8875 0.85 13392
0.8875 0.85 13392
0.8875 0.85 13392
0.8875 0.85 13392
0.8875 0.85 13392
0.8875 0.85 13392
0.8875 0.85 13392
0.8875 0.85 13392
0.8875 0.85 13392
0.8875 0.85 13392
0.8875 0.85 13392
0.8875 0.85 13392
0.8875 0.85 13392
0.8875 0.85 13392
0.8875 0.85 13392
0.8875 0.85 13392
0.8875 0.85 13392
0.8875 0.85 13392
0.8875 0.85 13392
0.8875 0.85 13392
0.8875 0.85 13392
0.8875 0.85 13392
0.8875 0.85 13392
0.8875 0.85 13392
0.8875 0.84375 13392
0.8875 0.840625 13392
0.8875 0.8375 13392
0.8875 0.834375 13392
0.8875 0.83125 13392
0.8875 0.83125 13392
0.8875 0.83125 13392
0.8875 0.83125 13392
0.8875 0.83125 13392
0.8875 0.83125 13392
0.8875 0.83125 13392
0.8875 0.83125 13392
0.8875 0.83125 13392
0.8875 0.83125 13392
0.8875 0.83125 13392
0.8875 0.83125 13392
0.8875 0.83125 13392
0.8875 0.83125 13392
0.8875 0.83125 13392
0.8875 0.83125 13392
0.8875 0.83125 13392
0.8875 0.83125 13392
0.8875 0.83125 13392
0.8875 0.83125 13392
0.8875 0.83125 13392
0.8875 0.83125 13392
0.8875 0.83125 13392
0.8875 0.83125 13392
0.8875 0.83125 13392
0.8875 0.83125 13392
0.8875 0.83125 13392
0.8875 0.83125 13392
0.8875 0.83125 13392
0.8875 0.83125 13392
0.8875 0.83125 13392
0.8875 0.83125 13392
0.8875 0.83125 13392
0.8875 0.83125 13392
0.8875 0.83125 13392
0.8875 0.83125 13392
0.8875 0.83125 13392
0.8875 0.83125 13392
0.8875 0.83125 13392
0.8875 0.83125 13392
0.8875 0.83125 13392
0.8875 0.83125 13392
0.8875 0.83125 13392
0.8875 0.828125 13392
0.8875 0.825 13392
0.8875 0.825 13392
0.8875 0.825 13392
0.8875 0.825 13392
0.8875 0.825 13392
0.8875 0.825 13392
0.8875 0.825 13392
0.8875 0.825 13392
0.8875 0.825 13392
0.8875 0.825 13392
0.8875 0.825 13392
0.8875 0.825 13392
0.8875 0.825 13392
0.8875 0.825 13392
0.8875 0.825 13392
0.8875 0.825 13392
0.8875 0.825 13392
0.8875 0.825 13392
0.8875 0.825 13392
0.8875 0.825 13392
0.8875 0.825 13392
0.8875 0.825 13392
0.8875 0.825 13392
0.8875 0.825 13392
0.8875 0.825 13392
0.8875 0.825 13392
0.8875 0.825 13392
0.8875 0.825 13392
0.8875 0.825 13392
0.8875 0.825 13392
0.8875 0.825 13392
0.8875 0.825 13392
0.8875 0.825 13392
0.8875 0.825 13392
0.8875 0.825 13392
0.8875 0.825 13392
0.8875 0.825 13392
0.8875 0.825 13392
0.8875 0.825 13392
0.8875 0.825 13392
0.8875 0.825 13392
0.8875 0.825 13392
0.8875 0.825 13392
0.8875 0.825 13392
0.8875 0.825 13392
0.8875 0.825 13392
0.8875 0.825 13392
0.8875 0.825 13392
0.8875 0.825 13392
0.8875 0.825 13392
0.8875 0.825 13392
0.8875 0.825 13392
0.8875 0.825 13392
0.8875 0.825 13392
0.8875 0.825 13392
0.8875 0.825 13392
0.8875 0.825 13392
0.8875 0.825 13392
0.8875 0.825 13392
0.8875 0.825 13392
0.8875 0.825 13392
0.8875 0.825 13392
0.8875 0.825 13392
0.8875 0.825 13392
0.8875 0.825 13392
0.8875 0.825 13392
0.8875 0.825 13392
0.8875 0.825 13392
0.8875 0.825 13392
0.8875 0.825 13392
0.8875 0.825 13392
0.8875 0.825 13392
0.8875 0.825 13392
0.8875 0.825 13392
0.8875 0.825 13392
0.8875 0.825 13392
0.8875 0.825 13392
0.8875 0.825 13392
0.8875 0.825 13392
0.8875 0.825 13392
0.8875 0.825 13392
0.8875 0.825 13392
0.8875 0.825 13392
0.8875 0.825 13392
0.8875 0.825 13392
0.8875 0.825 13392
0.8875 0.825 13392
0.8875 0.825 13392
0.8875 0.825 13392
0.8875 0.825 13392
0.8875 0.825 13392
0.8875 0.825 13392
0.8875 0.825 13392
0.8875 0.825 13392
0.8875 0.825 13392
0.8875 0.825 13392
0.8875 0.825 13392
0.8875 0.825 13392
0.8875 0.825 13392
0.8875 0.825 13392
0.8875 0.825 13392
0.8875 0.825 13392
0.8875 0.825 13392
0.8875 0.825 13392
0.8875 0.825 13392
0.8875 0.825 13392
0.8875 0.825 13392
0.8875 0.825 13392
0.8875 0.825 13392
0.8875 0.825 13392
0.8875 0.825 13392
0.8875 0.825 13392
0.8875 0.825 13392
0.8875 0.825 13392
0.8875 0.825 13392
0.8875 0.825 13392
0.8875 0.825 13392
0.8875 0.825 13392
0.8875 0.825 13392
0.8875 0.825 13392
0.8875 0.825 13392
0.8875 0.825 13392
0.8875 0.825 13392
0.8875 0.825 13392
0.8875 0.825 13392
0.8875 0.825 13392
0.8875 0.825 13392
0.8875 0.825 13392
0.8875 0.825 13392
0.8875 0.825 13392
0.8875 0.825 13392
0.8875 0.825 13392
0.8875 0.825 13392
0.8875 0.825 13392
0.8875 0.825 13392
0.8875 0.825 13392
0.8875 0.825 13392
0.8875 0.825 13392
0.8875 0.825 13392
0.8875 0.825 13392
0.8875 0.825 13392
0.8875 0.825 13392
0.8875 0.825 13392
0.8875 0.825 13392
0.8875 0.825 13392
0.8875 0.825 13392
0.8875 0.825 13392
0.8875 0.825 13392
0.8875 0.825 13392
0.8875 0.825 13392
0.8875 0.825 13392
0.8875 0.825 13392
0.8875 0.825 13392
0.8875 0.825 13392
0.8875 0.825 13392
0.8875 0.825 13392
0.8875 0.825 13392
0.8875 0.825 13392
0.8875 0.825 13392
0.8875 0.825 13392
0.8875 0.825 13392
0.8875 0.825 13392
0.8875 0.825 13392
0.8875 0.825 13392
0.8875 0.825 13392
0.8875 0.825 13392
0.8875 0.83125 13392
0.8875 0.83125 13392
0.8875 0.83125 13392
0.8875 0.83125 13392
0.8875 0.83125 13392
0.8875 0.83125 13392
0.8875 0.83125 13392
0.8875 0.83125 13392
0.8875 0.83125 13392
0.8875 0.83125 13392
0.8875 0.83125 13392
0.8875 0.83125 13392
0.8875 0.83125 13392
0.8875 0.83125 13392
0.8875 0.83125 13392
0.8875 0.83125 13392
0.8875 0.83125 13392
0.8875 0.83125 13392
0.8875 0.83125 13392
0.8875 0.83125 13392
0.8875 0.83125 13392
0.8875 0.83125 13392
0.8875 0.83125 13392
0.8875 0.83125 13392
0.8875 0.83125 13392
0.8875 0.83125 13392
0.8875 0.83125 13392
0.8875 0.83125 13392
0.8875 0.83125 13392
0.8875 0.83125 13392
0.8875 0.83125 13392
0.8875 0.83125 13392
0.8875 0.83125 13392
0.8875 0.83125 13392
0.8875 0.83125 13392
0.8875 0.83125 13392
0.8875 0.83125 13392
0.8875 0.83125 13392
0.8875 0.83125 13392
0.8875 0.83125 13392
0.8875 0.83125 13392
0.8875 0.83125 13392
0.8875 0.83125 13392
0.8875 0.83125 13392
0.8875 0.83125 13392
0.8875 0.83125 13392
0.8875 0.83125 13392
0.8875 0.83125 13392
0.8875 0.83125 13392
0.8875 0.83125 13392
0.8875 0.83125 13392
0.8875 0.83125 13392
0.8875 0.83125 13392
0.8875 0.83125 13392
0.8875 0.83125 13392
0.8875 0.83125 13392
0.8875 0.83125 13392
0.8875 0.83125 13392
0.8875 0.83125 13392
0.8875 0.83125 13392
0.8875 0.83125 13392
0.8875 0.83125 13392
0.8875 0.83125 13392
0.8875 0.83125 13392
0.8875 0.83125 13392
0.8875 0.83125 13392
0.8875 0.83125 13392
0.8875 0.83125 13392
0.8875 0.83125 13392
0.8875 0.83125 13392
0.8875 0.83125 13392
0.8875 0.83125 13392
0.8875 0.83125 13392
0.8875 0.83125 13392
0.8875 0.83125 13392
0.8875 0.83125 13392
0.8875 0.83125 13392
0.8875 0.83125 13392
0.8875 0.83125 13392
0.8875 0.83125 13392
0.8875 0.83125 13392
0.8875 0.83125 13392
0.8875 0.83125 13392
0.8875 0.83125 13392
0.8875 0.83125 13392
0.8875 0.83125 13392
0.8875 0.83125 13392
0.8875 0.83125 13392
0.8875 0.83125 13392
0.8875 0.83125 13392
0.8875 0.83125 13392
0.8875 0.83125 13392
0.8875 0.83125 13392
0.8875 0.83125 13392
0.8875 0.83125 13392
0.8875 0.83125 13392
0.8875 0.83125 13392
0.8875 0.83125 13392
0.8875 0.83125 13392
0.8875 0.83125 13392
0.8875 0.83125 13392
0.8875 0.83125 13392
0.8875 0.83125 13392
0.8875 0.83125 13392
0.8875 0.83125 13392
0.8875 0.83125 13392
0.8875 0.83125 13392
0.8875 0.83125 13392
0.8875 0.83125 13392
0.8875 0.83125 13392
0.8875 0.83125 13392
0.8875 0.83125 13392
0.8875 0.83125 13392
0.8875 0.83125 13392
0.8875 0.83125 13392
0.8875 0.83125 13392
0.8875 0.83125 13392
0.8875 0.83125 13392
0.8875 0.83125 13392
0.8875 0.83125 13392
0.8875 0.83125 13392
0.8875 0.83125 13392
0.8875 0.83125 13392
0.8875 0.83125 13392
0.8875 0.83125 13392
0.8875 0.83125 13392
0.8875 0.83125 13392
0.8875 0.83125 13392
0.8875 0.83125 13392
0.8875 0.83125 13392
0.8875 0.83125 13392
0.8875 0.83125 13392
0.8875 0.83125 13392
0.8875 0.83125 13392
0.8875 0.83125 13392
0.8875 0.83125 13392
0.8875 0.83125 13392
0.8875 0.83125 13392
0.8875 0.83125 13392
0.8875 0.83125 13392
0.8875 0.83125 13392
0.8875 0.83125 13392
0.8875 0.83125 13392
0.8875 0.83125 13392
0.8875 0.83125 13392
0.8875 0.83125 13392
0.8875 0.83125 13392
0.8875 0.83125 13392
0.8875 0.83125 13392
0.8875 0.83125 13392
0.8875 0.83125 13392
0.8875 0.83125 13392
0.8875 0.83125 13392
0.8875 0.83125 13392
0.8875 0.83125 13392
0.8875 0.83125 13392
0.8875 0.83125 13392
0.8875 0.83125 13392
0.8875 0.83125 13392
0.8875 0.83125 13392
0.8875 0.83125 13392
0.8875 0.83125 13392
0.8875 0.83125 13392
0.8875 0.83125 13392
0.8875 0.83125 13392
0.8875 0.83125 13392
0.8875 0.83125 13392
0.8875 0.83125 13392
0.8875 0.83125 13392
0.8875 0.83125 13392
0.8875 0.83125 13392
0.8875 0.83125 13392
0.8875 0.83125 13392
0.8875 0.83125 13392
0.8875 0.83125 13392
0.8875 0.83125 13392
0.8875 0.83125 13392
0.8875 0.83125 13392
0.8875 0.83125 13392
0.8875 0.83125 13392
0.8875 0.83125 13392
0.8875 0.8375 13392
0.8875 0.8375 13392
0.8875 0.8375 13392
0.8875 0.8375 13392
0.8875 0.8375 13392
0.8875 0.8375 13392
0.8875 0.8375 13392
0.8875 0.8375 13392
0.8875 0.8375 13392
0.8875 0.8375 13392
0.8875 0.8375 13392
0.8875 0.8375 13392
0.8875 0.8375 13392
0.8875 0.8375 13392
0.8875 0.8375 13392
0.8875 0.8375 13392
0.8875 0.8375 13392
0.8875 0.8375 13392
0.8875 0.8375 13392
0.8875 0.8375 13392
0.8875 0.8375 13392
0.8875 0.8375 13392
0.8875 0.8375 13392
0.8875 0.8375 13392
0.8875 0.8375 13392
0.8875 0.8375 13392
0.8875 0.8375 13392
0.8875 0.8375 13392
0.8875 0.8375 13392
0.8875 0.8375 13392
0.8875 0.8375 13392
0.8875 0.8375 13392
0.8875 0.8375 13392
0.8875 0.8375 13392
0.8875 0.8375 13392
0.8875 0.8375 13392
0.8875 0.8375 13392
0.8875 0.8375 13392
0.8875 0.8375 13392
0.8875 0.8375 13392
0.8875 0.8375 13392
0.8875 0.8375 13392
0.8875 0.8375 13392
0.8875 0.8375 13392
0.8875 0.8375 13392
0.8875 0.83125 13392
0.8875 0.83125 13392
0.8875 0.83125 13392
0.8875 0.83125 13392
0.8875 0.83125 13392
0.8875 0.83125 13392
0.8875 0.83125 13392
0.8875 0.83125 13392
0.8875 0.83125 13392
0.8875 0.83125 13392
0.8875 0.83125 13392
0.8875 0.83125 13392
0.8875 0.83125 13392
0.8875 0.83125 13392
0.8875 0.83125 13392
0.8875 0.83125 13392
0.8875 0.83125 13392
0.8875 0.83125 13392
0.8875 0.83125 13392
0.8875 0.83125 13392
0.8875 0.83125 13392
0.8875 0.83125 13392
0.8875 0.83125 13392
0.8875 0.83125 13392
0.8875 0.83125 13392
0.8875 0.83125 13392
0.8875 0.83125 13392
0.8875 0.83125 13392
0.8875 0.83125 13392
0.8875 0.83125 13392
0.8875 0.83125 13392
0.8875 0.83125 13392
0.8875 0.83125 13392
0.8875 0.83125 13392
0.8875 0.83125 13392
0.8875 0.83125 13392
0.8875 0.83125 13392
0.8875 0.825 13392
0.8875 0.825 13392
0.8875 0.825 13392
0.8875 0.825 13392
0.8875 0.825 13392
0.8875 0.825 13392
0.8875 0.825 13392
0.8875 0.825 13392
0.8875 0.825 13392
0.8875 0.825 13392
0.8875 0.825 13392
0.8875 0.825 13392
0.8875 0.825 13392
0.8875 0.825 13392
0.8875 0.825 13392
0.8875 0.825 13392
0.8875 0.825 13392
0.8875 0.825 13392
0.8875 0.825 13392
0.8875 0.825 13392
0.8875 0.825 13392
0.8875 0.825 13392
0.8875 0.825 13392
0.8875 0.825 13392
0.8875 0.825 13392
0.8875 0.825 13392
0.8875 0.825 13392
0.8875 0.825 13392
0.8875 0.825 13392
0.8875 0.825 13392
0.8875 0.825 13392
0.8875 0.825 13392
0.8875 0.825 13392
0.8875 0.825 13392
0.8875 0.825 13392
0.8875 0.825 13392
0.8875 0.825 13392
0.8875 0.825 13392
0.8875 0.825 13392
0.8875 0.825 13392
0.8875 0.825 13392
0.8875 0.825 13392
0.8875 0.825 13392
0.8875 0.825 13392
0.8875 0.825 13392
0.8875 0.825 13392
0.8875 0.825 13392
0.8875 0.825 13392
0.8875 0.825 13392
0.8875 0.825 13392
0.8875 0.825 13392
0.8875 0.825 13392
0.8875 0.825 13392
0.8875 0.825 13392
0.8875 0.825 13392
0.8875 0.825 13392
0.8875 0.825 13392
0.8875 0.825 13392
0.8875 0.825 13392
0.8875 0.825 13392
0.8875 0.825 13392
0.8875 0.825 13392
0.8875 0.825 13392
0.8875 0.825 13392
0.8875 0.825 13392
0.8875 0.825 13392
0.8875 0.825 13392
0.8875 0.825 13392
0.8875 0.825 13392
0.8875 0.825 13392
0.8875 0.825 13392
0.8875 0.825 13392
0.8875 0.825 13392
0.8875 0.825 13392
0.8875 0.825 13392
0.8875 0.825 13392
0.8875 0.825 13392
0.8875 0.825 13392
0.8875 0.825 13392
0.8875 0.825 13392
0.8875 0.825 13392
0.8875 0.825 13392
0.8875 0.825 13392
0.8875 0.825 13392
0.8875 0.825 13392
0.8875 0.825 13392
0.8875 0.825 13392
0.8875 0.825 13392
0.8875 0.825 13392
0.8875 0.825 13392
0.8875 0.825 13392
0.8875 0.825 13392
0.8875 0.825 13392
0.8875 0.825 13392
0.8875 0.825 13392
0.8875 0.825 13392
0.8875 0.825 13392
0.8875 0.825 13392
0.8875 0.825 13392
0.8875 0.825 13392
0.8875 0.825 13392
0.8875 0.825 13392
0.8875 0.825 13392
0.8875 0.825 13392
0.8875 0.825 13392
0.8875 0.825 13392
0.8875 0.825 13392
0.8875 0.825 13392
0.8875 0.825 13392
0.8875 0.825 13392
0.8875 0.81875 13392
0.8875 0.81875 13392
0.8875 0.8125 13392
0.8875 0.8125 13392
0.8875 0.8125 13392
0.8875 0.8125 13392
0.8875 0.8125 13392
0.8875 0.8125 13392
0.8875 0.8125 13392
0.8875 0.8125 13392
0.8875 0.8125 13392
0.8875 0.8125 13392
0.8875 0.8125 13392
0.8875 0.8125 13392
0.8875 0.8125 13392
0.8875 0.8125 13392
0.8875 0.8125 13392
0.8875 0.8125 13392
0.8875 0.8125 13392
0.8875 0.8125 13392
0.8875 0.8125 13392
0.8875 0.8125 13392
0.8875 0.8125 13392
0.8875 0.8125 13392
0.8875 0.8125 13392
0.8875 0.8125 13392
0.8875 0.8125 13392
0.8875 0.8125 13392
0.8875 0.80625 13392
0.8875 0.80625 13392
0.8875 0.80625 13392
0.8875 0.80625 13392
0.8875 0.80625 13392
0.8875 0.80625 13392
0.8875 0.80625 13392
0.8875 0.80625 13392
0.8875 0.80625 13392
0.8875 0.80625 13392
0.8875 0.80625 13392
0.8875 0.80625 13392
0.8875 0.80625 13392
0.8875 0.80625 13392
0.8875 0.80625 13392
0.8875 0.80625 13392
0.8875 0.80625 13392
0.8875 0.80625 13392
0.8875 0.80625 13392
0.8875 0.80625 13392
0.8875 0.80625 13392
0.8875 0.80625 13392
0.8875 0.80625 13392
0.8875 0.80625 13392
0.8875 0.80625 13392
0.8875 0.80625 13392
0.8875 0.80625 13392
0.8875 0.80625 13392
0.8875 0.80625 13392
0.8875 0.80625 13392
0.8875 0.80625 13392
0.8875 0.80625 13392
0.8875 0.80625 13392
0.8875 0.80625 13392
0.8875 0.80625 13392
0.8875 0.80625 13392
0.8875 0.80625 13392
0.8875 0.80625 13392
0.8875 0.80625 13392
0.8875 0.80625 13392
0.8875 0.80625 13392
0.8875 0.80625 13392
0.8875 0.80625 13392
0.8875 0.80625 13392
0.8875 0.80625 13392
0.8875 0.80625 13392
0.8875 0.80625 13392
0.8875 0.80625 13392
0.8875 0.80625 13392
0.8875 0.80625 13392
0.8875 0.80625 13392
0.8875 0.80625 13392
0.8875 0.80625 13392
0.8875 0.80625 13392
0.8875 0.80625 13392
0.8875 0.80625 13392
0.8875 0.80625 13392
0.8875 0.8 13392
0.8875 0.8 13392
0.8875 0.8 13392
0.8875 0.8 13392
0.8875 0.8 13392
0.8875 0.8 13392
0.8875 0.8 13392
0.8875 0.8 13392
0.8875 0.8 13392
0.8875 0.8 13392
0.8875 0.8 13392
0.8875 0.8 13392
0.8875 0.8 13392
0.8875 0.8 13392
0.8875 0.8 13392
0.8875 0.8 13392
0.8875 0.8 13392
0.8875 0.8 13392
0.8875 0.8 13392
0.8875 0.8 13392
0.8875 0.8 13392
0.8875 0.8 13392
0.8875 0.8 13392
0.8875 0.8 13392
0.8875 0.8 13392
0.8875 0.8 13392
0.8875 0.8 13392
0.8875 0.8 13392
0.8875 0.8 13392
0.8875 0.8 13392
0.8875 0.8 13392
0.8875 0.796875 13392
0.8875 0.79375 13392
0.8875 0.79375 13392
0.8875 0.79375 13392
0.8875 0.79375 13392
0.8875 0.79375 13392
0.8875 0.79375 13392
0.8875 0.79375 13392
0.8875 0.79375 13392
0.8875 0.79375 13392
0.8875 0.79375 13392
0.8875 0.79375 13392
0.8875 0.79375 13392
0.8875 0.79375 13392
0.8875 0.79375 13392
0.8875 0.79375 13392
0.8875 0.79375 13392
0.8875 0.79375 13392
0.8875 0.79375 13392
0.8875 0.79375 13392
0.8875 0.79375 13392
0.8875 0.79375 13392
0.8875 0.79375 13392
0.8875 0.79375 13392
0.8875 0.79375 13392
0.8875 0.79375 13392
0.8875 0.79375 13392
0.8875 0.79375 13392
0.8875 0.79375 13392
0.8875 0.79375 13392
0.8875 0.7875 13392
0.8875 0.7875 13392
0.8875 0.7875 13392
0.8875 0.7875 13392
0.8875 0.7875 13392
0.8875 0.7875 13392
0.8875 0.7875 13392
0.8875 0.7875 13392
0.8875 0.7875 13392
0.8875 0.7875 13392
0.8875 0.7875 13392
0.8875 0.7875 13392
0.8875 0.7875 13392
0.8875 0.7875 13392
0.8875 0.7875 13392
0.8875 0.7875 13392
0.8875 0.7875 13392
0.8875 0.7875 13392
0.8875 0.7875 13392
0.8875 0.7875 13392
0.8875 0.7875 13392
0.8875 0.78125 13392
0.8875 0.78125 13392
0.8875 0.78125 13392
0.8875 0.78125 13392
0.8875 0.78125 13392
0.8875 0.78125 13392
0.8875 0.78125 13392
0.8875 0.78125 13392
0.8875 0.78125 13392
0.8875 0.78125 13392
0.8875 0.78125 13392
0.8875 0.78125 13392
0.8875 0.78125 13392
0.8875 0.78125 13392
0.8875 0.78125 13392
0.8875 0.78125 13392
0.8875 0.78125 13392
0.8875 0.78125 13392
0.8875 0.78125 13392
0.8875 0.78125 13392
0.8875 0.78125 13392
0.8875 0.78125 13392
0.8875 0.78125 13392
0.8875 0.78125 13392
0.8875 0.78125 13392
0.8875 0.78125 13392
0.8875 0.78125 13392
0.8875 0.78125 13392
0.8875 0.78125 13392
0.8875 0.78125 13392
0.8875 0.78125 13392
0.8875 0.78125 13392
0.8875 0.78125 13392
0.8875 0.78125 13392
0.8875 0.78125 13392
0.8875 0.78125 13392
0.8875 0.78125 13392
0.8875 0.78125 13392
0.8875 0.78125 13392
0.8875 0.78125 13392
0.8875 0.78125 13392
0.8875 0.78125 13392
0.8875 0.78125 13392
0.8875 0.78125 13392
0.8875 0.78125 13392
0.8875 0.78125 13392
0.8875 0.78125 13392
0.8875 0.78125 13392
0.8875 0.78125 13392
0.8875 0.78125 13392
0.8875 0.78125 13392
0.8875 0.78125 13392
0.8875 0.78125 13392
0.8875 0.78125 13392
0.8875 0.78125 13392
0.8875 0.78125 13392
0.8875 0.78125 13392
0.8875 0.78125 13392
0.8875 0.78125 13392
0.8875 0.78125 13392
0.8875 0.78125 13392
0.8875 0.78125 13392
0.8875 0.78125 13392
0.8875 0.78125 13392
0.8875 0.78125 13392
0.8875 0.78125 13392
0.8875 0.78125 13392
0.8875 0.78125 13392
0.8875 0.78125 13392
0.8875 0.78125 13392
0.8875 0.78125 13392
0.8875 0.78125 13392
0.8875 0.78125 13392
0.8875 0.78125 13392
0.8875 0.78125 13392
0.8875 0.78125 13392
0.8875 0.78125 13392
0.8875 0.78125 13392
0.8875 0.78125 13392
0.8875 0.78125 13392
0.8875 0.78125 13392
0.8875 0.78125 13392
0.8875 0.78125 13392
0.8875 0.78125 13392
0.8875 0.78125 13392
0.8875 0.78125 13392
0.8875 0.78125 13392
0.8875 0.78125 13392
0.8875 0.78125 13392
0.8875 0.78125 13392
0.8875 0.78125 13392
0.8875 0.78125 13392
0.8875 0.78125 13392
0.8875 0.78125 13392
0.8875 0.78125 13392
0.8875 0.78125 13392
0.8875 0.78125 13392
0.8875 0.78125 13392
0.8875 0.78125 13392
0.8875 0.78125 13392
0.8875 0.78125 13392
0.8875 0.78125 13392
0.8875 0.78125 13392
0.8875 0.78125 13392
0.8875 0.78125 13392
0.8875 0.78125 13392
0.8875 0.78125 13392
0.8875 0.78125 13392
0.8875 0.78125 13392
0.8875 0.78125 13392
0.8875 0.78125 13392
0.8875 0.78125 13392
0.8875 0.78125 13392
0.8875 0.78125 13392
0.8875 0.78125 13392
0.8875 0.78125 13392
0.8875 0.78125 13392
0.8875 0.78125 13392
0.8875 0.78125 13392
0.8875 0.78125 13392
0.8875 0.775 13392
0.8875 0.775 13392
0.8875 0.775 13392
0.8875 0.775 13392
0.8875 0.775 13392
0.8875 0.775 13392
0.8875 0.775 13392
0.8875 0.775 13392
0.8875 0.775 13392
0.8875 0.775 13392
0.8875 0.775 13392
0.8875 0.775 13392
0.8875 0.775 13392
0.8875 0.775 13392
0.8875 0.775 13392
0.8875 0.775 13392
0.8875 0.775 13392
0.8875 0.775 13392
0.8875 0.775 13392
0.8875 0.775 13392
0.8875 0.775 13392
0.8875 0.775 13392
0.8875 0.775 13392
0.8875 0.775 13392
0.8875 0.775 13392
0.8875 0.775 13392
0.8875 0.775 13392
0.8875 0.775 13392
0.8875 0.775 13392
0.8875 0.775 13392
0.8875 0.775 13392
0.8875 0.775 13392
0.8875 0.775 13392
0.8875 0.775 13392
0.8875 0.775 13392
0.8875 0.775 13392
0.8875 0.775 13392
0.8875 0.775 13392
0.8875 0.775 13392
0.8875 0.775 13392
0.8875 0.775 13392
0.8875 0.775 13392
0.8875 0.775 13392
0.8875 0.775 13392
0.8875 0.775 13392
0.8875 0.775 13392
0.8875 0.775 13392
0.8875 0.775 13392
0.8875 0.775 13392
0.8875 0.775 13392
0.8875 0.775 13392
0.8875 0.775 13392
0.8875 0.775 13392
0.8875 0.775 13392
0.8875 0.775 13392
0.8875 0.775 13392
0.8875 0.775 13392
0.8875 0.775 13392
0.8875 0.775 13392
0.8875 0.775 13392
0.8875 0.775 13392
0.8875 0.775 13392
0.8875 0.775 13392
0.8875 0.775 13392
0.8875 0.775 13392
0.8875 0.775 13392
0.8875 0.775 13392
0.8875 0.775 13392
0.8875 0.775 13392
0.8875 0.775 13392
0.8875 0.775 13392
0.8875 0.775 13392
0.8875 0.775 13392
0.8875 0.775 13392
0.8875 0.775 13392
0.8875 0.775 13392
0.8875 0.775 13392
0.8875 0.775 13392
0.8875 0.775 13392
0.8875 0.775 13392
0.8875 0.775 13392
0.8875 0.775 13392
0.8875 0.775 13392
0.8875 0.775 13392
0.8875 0.775 13392
0.8875 0.775 13392
0.8875 0.775 13392
0.8875 0.775 13392
0.8875 0.775 13392
0.8875 0.775 13392
0.8875 0.775 13392
0.8875 0.775 13392
0.8875 0.775 13392
0.8875 0.775 13392
0.8875 0.775 13392
0.8875 0.775 13392
0.8875 0.775 13392
0.8875 0.775 13392
0.8875 0.775 13392
0.8875 0.775 13392
0.8875 0.775 13392
0.8875 0.775 13392
0.8875 0.775 13392
0.8875 0.775 13392
0.8875 0.775 13392
0.8875 0.775 13392
0.8875 0.775 13392
0.8875 0.775 13392
0.8875 0.775 13392
0.8875 0.775 13392
0.8875 0.775 13392
0.8875 0.775 13392
0.8875 0.775 13392
0.8875 0.775 13392
0.8875 0.775 13392
0.8875 0.775 13392
0.8875 0.775 13392
0.8875 0.775 13392
0.8875 0.775 13392
0.8875 0.775 13392
0.8875 0.775 13392
0.8875 0.775 13392
0.8875 0.775 13392
0.8875 0.775 13392
0.8875 0.775 13392
0.8875 0.775 13392
0.8875 0.775 13392
0.8875 0.775 13392
0.8875 0.775 13392
0.8875 0.775 13392
0.8875 0.775 13392
0.8875 0.775 13392
0.8875 0.775 13392
0.8875 0.775 13392
0.8875 0.775 13392
0.8875 0.775 13392
0.8875 0.775 13392
0.8875 0.775 13392
0.8875 0.775 13392
0.8875 0.775 13392
0.8875 0.76875 13392
0.8875 0.76875 13392
0.8875 0.76875 13392
0.8875 0.76875 13392
0.8875 0.76875 13392
0.8875 0.76875 13392
0.8875 0.76875 13392
0.8875 0.76875 13392
0.8875 0.76875 13392
0.8875 0.76875 13392
0.8875 0.76875 13392
0.8875 0.76875 13392
0.8875 0.7625 13392
0.8875 0.7625 13392
0.8875 0.7625 13392
0.8875 0.7625 13392
0.8875 0.7625 13392
0.8875 0.7625 13392
0.8875 0.7625 13392
0.8875 0.7625 13392
0.8875 0.7625 13392
0.8875 0.7625 13392
0.8875 0.7625 13392
0.8875 0.7625 13392
0.8875 0.7625 13392
0.8875 0.75 13392
0.8875 0.75 13392
0.8875 0.75 13392
0.8875 0.75 13392
0.8875 0.75 13392
0.8875 0.75 13392
0.8875 0.75 13392
0.8875 0.75 13392
0.8875 0.75 13392
0.8875 0.75 13392
0.8875 0.75 13392
0.8875 0.75 13392
0.8875 0.75 13392
0.8875 0.75 13392
0.8875 0.75 13392
0.8875 0.75 13392
0.8875 0.75 13392
0.8875 0.75 13392
0.8875 0.75 13392
0.8875 0.75 13392
0.8875 0.75 13392
0.8875 0.75 13392
0.8875 0.75 13392
0.8875 0.75 13392
0.8875 0.75 13392
0.8875 0.75 13392
0.8875 0.75 13392
0.8875 0.75 13392
0.8875 0.75 13392
0.8875 0.75 13392
0.8875 0.75 13392
0.8875 0.75 13392
0.8875 0.75 13392
0.8875 0.75 13392
0.8875 0.75 13392
0.8875 0.75 13392
0.8875 0.75 13392
0.8875 0.75 13392
0.8875 0.75 13392
0.8875 0.75 13392
0.8875 0.75 13392
0.8875 0.75 13392
0.8875 0.75 13392
0.8875 0.75 13392
0.8875 0.75 13392
0.8875 0.75 13392
0.8875 0.75 13392
0.8875 0.75 13392
0.8875 0.75 13392
0.8875 0.75 13392
0.8875 0.75 13392
0.8875 0.75 13392
0.8875 0.75 13392
0.8875 0.75 13392
0.8875 0.75 13392
0.8875 0.75 13392
0.8875 0.75 13392
0.8875 0.75 13392
0.8875 0.75 13392
0.8875 0.75 13392
0.8875 0.75 13392
0.8875 0.75 13392
0.8875 0.75 13392
0.8875 0.75625 13392
0.8875 0.75625 13392
0.8875 0.75625 13392
0.8875 0.75625 13392
0.8875 0.75625 13392
0.8875 0.75625 13392
0.8875 0.75625 13392
0.8875 0.75625 13392
0.8875 0.7625 13392
0.8875 0.7625 13392
0.8875 0.7625 13392
0.8875 0.7625 13392
0.8875 0.7625 13392
0.8875 0.7625 13392
0.8875 0.7625 13392
0.8875 0.7625 13392
0.8875 0.7625 13392
0.8875 0.7625 13392
0.8875 0.7625 13392
0.8875 0.7625 13392
0.8875 0.7625 13392
0.8875 0.7625 13392
0.8875 0.7625 13392
0.8875 0.7625 13392
0.8875 0.7625 13392
0.8875 0.7625 13392
0.8875 0.7625 13392
0.8875 0.7625 13392
0.8875 0.7625 13392
0.8875 0.7625 13392
0.8875 0.7625 13392
0.8875 0.7625 13392
0.8875 0.7625 13392
0.8875 0.76875 13392
0.8875 0.76875 13392
0.8875 0.76875 13392
0.8875 0.775 13392
0.8875 0.775 13392
0.8875 0.775 13392
0.8875 0.775 13392
0.8875 0.775 13392
0.8875 0.775 13392
0.8875 0.775 13392
0.8875 0.775 13392
0.8875 0.775 13392
0.8875 0.775 13392
0.8875 0.775 13392
0.8875 0.775 13392
0.8875 0.775 13392
0.8875 0.775 13392
0.8875 0.775 13392
0.8875 0.775 13392
0.8875 0.775 13392
0.8875 0.775 13392
0.8875 0.775 13392
0.8875 0.775 13392
0.8875 0.775 13392
0.8875 0.775 13392
0.8875 0.775 13392
0.8875 0.775 13392
0.8875 0.775 13392
0.8875 0.775 13392
0.8875 0.775 13392
0.8875 0.775 13392
0.8875 0.775 13392
0.8875 0.775 13392
0.8875 0.775 13392
0.8875 0.775 13392
0.8875 0.775 13392
0.8875 0.775 13392
0.8875 0.775 13392
0.8875 0.775 13392
0.8875 0.775 13392
0.8875 0.775 13392
0.8875 0.775 13392
0.8875 0.775 13392
0.8875 0.775 13392
0.8875 0.775 13392
0.8875 0.775 13392
0.8875 0.775 13392
0.8875 0.775 13392
0.8875 0.775 13392
0.8875 0.775 13392
0.8875 0.775 13392
0.8875 0.775 13392
0.8875 0.775 13392
0.8875 0.775 13392
0.8875 0.775 13392
0.8875 0.775 13392
0.8875 0.775 13392
0.8875 0.775 13392
0.8875 0.775 13392
0.8875 0.775 13392
0.8875 0.775 13392
0.8875 0.775 13392
0.8875 0.775 13392
0.8875 0.775 13392
0.8875 0.775 13392
0.8875 0.775 13392
0.8875 0.775 13392
0.8875 0.775 13392
0.8875 0.775 13392
0.8875 0.775 13392
0.8875 0.775 13392
0.8875 0.775 13392
0.8875 0.775 13392
0.8875 0.775 13392
0.8875 0.775 13392
0.8875 0.775 13392
0.8875 0.775 13392
0.8875 0.775 13392
0.8875 0.775 13392
0.8875 0.775 13392
0.8875 0.775 13392
0.8875 0.775 13392
0.8875 0.775 13392
0.8875 0.775 13392
0.8875 0.775 13392
0.8875 0.775 13392
0.8875 0.775 13392
0.8875 0.775 13392
0.8875 0.775 13392
0.8875 0.775 13392
0.8875 0.775 13392
0.8875 0.775 13392
0.8875 0.775 13392
0.8875 0.775 13392
0.8875 0.775 13392
0.8875 0.775 13392
0.8875 0.775 13392
0.8875 0.775 13392
0.8875 0.775 13392
0.8875 0.775 13392
0.8875 0.775 13392
0.8875 0.775 13392
0.8875 0.775 13392
0.8875 0.775 13392
0.8875 0.775 13392
0.8875 0.775 13392
0.8875 0.775 13392
0.8875 0.775 13392
0.8875 0.775 13392
0.8875 0.775 13392
0.8875 0.775 13392
0.8875 0.775 13392
0.8875 0.775 13392
0.8875 0.775 13392
0.8875 0.775 13392
0.8875 0.775 13392
0.8875 0.775 13392
0.8875 0.775 13392
0.8875 0.775 13392
0.8875 0.775 13392
0.8875 0.775 13392
0.8875 0.775 13392
0.8875 0.775 13392
0.8875 0.775 13392
0.8875 0.775 13392
0.8875 0.775 13392
0.8875 0.775 13392
0.8875 0.775 13392
0.8875 0.775 13392
0.8875 0.775 13392
0.8875 0.775 13392
0.8875 0.775 13392
0.8875 0.775 13392
0.8875 0.775 13392
0.8875 0.775 13392
0.8875 0.775 13392
0.8875 0.775 13392
0.8875 0.775 13392
0.8875 0.775 13392
0.8875 0.775 13392
0.8875 0.775 13392
0.8875 0.775 13392
0.8875 0.775 13392
0.8875 0.775 13392
0.8875 0.775 13392
0.8875 0.775 13392
0.8875 0.775 13392
0.8875 0.775 13392
0.8875 0.775 13392
0.8875 0.775 13392
0.8875 0.775 13392
0.8875 0.775 13392
0.8875 0.775 13392
0.8875 0.775 13392
0.8875 0.775 13392
0.8875 0.775 13392
0.8875 0.775 13392
0.8875 0.775 13392
0.8875 0.775 13392
0.8875 0.775 13392
0.8875 0.775 13392
0.8875 0.775 13392
0.8875 0.775 13392
0.8875 0.775 13392
0.8875 0.775 13392
0.8875 0.775 13392
0.8875 0.775 13392
0.8875 0.775 13392
0.8875 0.775 13392
0.8875 0.775 13392
0.8875 0.775 13392
0.8875 0.775 13392
0.8875 0.775 13392
0.8875 0.775 13392
0.8875 0.775 13392
0.8875 0.775 13392
0.8875 0.775 13392
0.8875 0.775 13392
0.8875 0.775 13392
0.8875 0.775 13392
0.8875 0.775 13392
0.8875 0.775 13392
0.8875 0.775 13392
0.8875 0.775 13392
0.8875 0.775 13392
0.8875 0.775 13392
0.8875 0.775 13392
0.8875 0.775 13392
0.8875 0.775 13392
0.8875 0.775 13392
0.8875 0.775 13392
0.8875 0.775 13392
0.8875 0.775 13392
0.8875 0.775 13392
0.8875 0.775 13392
0.8875 0.775 13392
0.8875 0.775 13392
0.8875 0.775 13392
0.8875 0.775 13392
0.8875 0.775 13392
0.8875 0.775 13392
0.8875 0.775 13392
0.8875 0.775 13392
0.8875 0.775 13392
0.8875 0.775 13392
0.8875 0.775 13392
0.8875 0.775 13392
0.8875 0.775 13392
0.8875 0.775 13392
0.8875 0.775 13392
0.8875 0.775 13392
0.8875 0.775 13392
0.8875 0.775 13392
0.8875 0.775 13392
0.8875 0.775 13392
0.8875 0.775 13392
0.8875 0.775 13392
0.8875 0.775 13392
0.8875 0.775 13392
0.8875 0.775 13392
0.8875 0.775 13392
0.8875 0.78125 13392
0.8875 0.78125 13392
0.8875 0.78125 13392
0.8875 0.78125 13392
0.8875 0.78125 13392
0.8875 0.78125 13392
0.8875 0.78125 13392
0.8875 0.78125 13392
0.8875 0.78125 13392
0.8875 0.78125 13392
0.8875 0.78125 13392
0.8875 0.78125 13392
0.8875 0.78125 13392
0.8875 0.78125 13392
0.8875 0.78125 13392
0.8875 0.78125 13392
0.8875 0.78125 13392
0.8875 0.78125 13392
0.8875 0.78125 13392
0.8875 0.78125 13392
0.8875 0.78125 13392
0.8875 0.78125 13392
0.8875 0.78125 13392
0.8875 0.78125 13392
0.8875 0.78125 13392
0.8875 0.78125 13392
0.8875 0.78125 13392
0.8875 0.78125 13392
0.8875 0.78125 13392
0.8875 0.78125 13392
0.8875 0.78125 13392
0.8875 0.78125 13392
0.8875 0.78125 13392
0.8875 0.78125 13392
0.8875 0.78125 13392
0.8875 0.78125 13392
0.8875 0.78125 13392
0.8875 0.78125 13392
0.8875 0.78125 13392
0.8875 0.78125 13392
0.8875 0.78125 13392
0.8875 0.78125 13392
0.8875 0.78125 13392
0.8875 0.78125 13392
0.8875 0.78125 13392
0.8875 0.78125 13392
0.8875 0.78125 13392
0.8875 0.78125 13392
0.8875 0.78125 13392
0.8875 0.78125 13392
0.8875 0.78125 13392
0.8875 0.78125 13392
0.8875 0.78125 13392
0.8875 0.78125 13392
0.8875 0.78125 13392
0.8875 0.78125 13392
0.8875 0.78125 13392
0.8875 0.78125 13392
0.8875 0.78125 13392
0.8875 0.78125 13392
0.8875 0.78125 13392
0.8875 0.78125 13392
0.8875 0.78125 13392
0.8875 0.78125 13392
0.8875 0.78125 13392
0.8875 0.78125 13392
0.8875 0.78125 13392
0.8875 0.78125 13392
0.8875 0.78125 13392
0.8875 0.78125 13392
0.8875 0.78125 13392
0.8875 0.78125 13392
0.8875 0.78125 13392
0.8875 0.78125 13392
0.8875 0.78125 13392
0.8875 0.78125 13392
0.8875 0.78125 13392
0.8875 0.78125 13392
0.8875 0.78125 13392
0.8875 0.78125 13392
0.8875 0.78125 13392
0.8875 0.78125 13392
0.8875 0.78125 13392
0.8875 0.78125 13392
0.8875 0.78125 13392
0.8875 0.78125 13392
0.8875 0.78125 13392
0.8875 0.78125 13392
0.8875 0.78125 13392
0.8875 0.78125 13392
0.8875 0.78125 13392
0.8875 0.78125 13392
0.8875 0.78125 13392
0.8875 0.78125 13392
0.8875 0.78125 13392
0.8875 0.78125 13392
0.8875 0.78125 13392
0.8875 0.78125 13392
0.8875 0.78125 13392
0.8875 0.78125 13392
0.8875 0.78125 13392
0.8875 0.78125 13392
0.8875 0.78125 13392
0.8875 0.78125 13392
0.8875 0.78125 13392
0.8875 0.78125 13392
0.8875 0.78125 13392
0.8875 0.78125 13392
0.8875 0.78125 13392
0.8875 0.78125 13392
0.8875 0.78125 13392
0.8875 0.78125 13392
0.8875 0.78125 13392
0.8875 0.78125 13392
0.8875 0.78125 13392
0.8875 0.78125 13392
0.8875 0.78125 13392
0.8875 0.78125 13392
0.8875 0.78125 13392
0.8875 0.78125 13392
0.8875 0.78125 13392
0.8875 0.78125 13392
0.8875 0.78125 13392
0.8875 0.78125 13392
0.8875 0.78125 13392
0.8875 0.78125 13392
0.8875 0.78125 13392
0.8875 0.78125 13392
0.8875 0.78125 13392
0.8875 0.78125 13392
0.8875 0.78125 13392
0.8875 0.78125 13392
0.8875 0.78125 13392
0.8875 0.78125 13392
0.8875 0.78125 13392
0.8875 0.78125 13392
0.8875 0.78125 13392
0.8875 0.78125 13392
0.8875 0.78125 13392
0.8875 0.78125 13392
0.8875 0.78125 13392
0.8875 0.78125 13392
0.8875 0.78125 13392
0.8875 0.78125 13392
0.8875 0.78125 13392
0.8875 0.78125 13392
0.8875 0.78125 13392
0.8875 0.78125 13392
0.8875 0.78125 13392
0.8875 0.78125 13392
0.8875 0.78125 13392
0.8875 0.7875 13392
0.8875 0.7875 13392
0.8875 0.7875 13392
0.8875 0.7875 13392
0.8875 0.7875 13392
0.8875 0.7875 13392
0.8875 0.7875 13392
0.8875 0.7875 13392
0.8875 0.7875 13392
0.8875 0.7875 13392
0.8875 0.7875 13392
0.8875 0.7875 13392
0.8875 0.7875 13392
0.8875 0.7875 13392
0.8875 0.7875 13392
0.8875 0.7875 13392
0.8875 0.7875 13392
0.8875 0.7875 13392
0.8875 0.7875 13392
0.8875 0.7875 13392
0.8875 0.7875 13392
0.8875 0.7875 13392
0.8875 0.7875 13392
0.8875 0.7875 13392
0.8875 0.7875 13392
0.8875 0.7875 13392
0.8875 0.7875 13392
0.8875 0.7875 13392
0.8875 0.79375 13392
0.8875 0.79375 13392
0.8875 0.79375 13392
0.8875 0.79375 13392
0.8875 0.79375 13392
0.8875 0.79375 13392
0.8875 0.79375 13392
0.8875 0.79375 13392
0.8875 0.79375 13392
0.8875 0.79375 13392
0.8875 0.79375 13392
0.8875 0.79375 13392
0.8875 0.79375 13392
0.8875 0.79375 13392
0.8875 0.79375 13392
0.8875 0.79375 13392
0.8875 0.79375 13392
0.8875 0.79375 13392
0.8875 0.79375 13392
0.8875 0.79375 13392
0.8875 0.79375 13392
0.8875 0.79375 13392
0.8875 0.79375 13392
0.8875 0.79375 13392
0.8875 0.79375 13392
0.8875 0.79375 13392
0.8875 0.79375 13392
0.8875 0.79375 13392
0.8875 0.79375 13392
0.8875 0.79375 13392
0.8875 0.79375 13392
0.8875 0.79375 13392
0.8875 0.79375 13392
0.8875 0.79375 13392
0.8875 0.79375 13392
0.8875 0.79375 13392
0.8875 0.79375 13392
0.8875 0.79375 13392
0.8875 0.79375 13392
0.8875 0.79375 13392
0.8875 0.79375 13392
0.8875 0.79375 13392
0.8875 0.79375 13392
0.8875 0.79375 13392
0.8875 0.79375 13392
0.8875 0.79375 13392
0.8875 0.79375 13392
0.8875 0.79375 13392
0.8875 0.79375 13392
0.8875 0.79375 13392
0.8875 0.79375 13392
0.8875 0.79375 13392
0.8875 0.79375 13392
0.8875 0.79375 13392
0.8875 0.79375 13392
0.8875 0.79375 13392
0.8875 0.79375 13392
0.8875 0.79375 13392
0.8875 0.79375 13392
0.8875 0.79375 13392
0.8875 0.79375 13392
0.8875 0.79375 13392
0.8875 0.79375 13392
0.8875 0.79375 13392
0.8875 0.79375 13392
0.8875 0.79375 13392
0.8875 0.79375 13392
0.8875 0.79375 13392
0.8875 0.79375 13392
0.8875 0.79375 13392
0.8875 0.79375 13392
0.8875 0.79375 13392
0.8875 0.79375 13392
0.8875 0.79375 13392
0.8875 0.79375 13392
0.8875 0.79375 13392
0.8875 0.79375 13392
0.8875 0.79375 13392
0.8875 0.79375 13392
0.8875 0.79375 13392
0.8875 0.79375 13392
0.8875 0.79375 13392
0.8875 0.79375 13392
0.8875 0.79375 13392
0.8875 0.79375 13392
0.8875 0.79375 13392
0.8875 0.79375 13392
0.8875 0.79375 13392
0.8875 0.79375 13392
0.8875 0.79375 13392
0.8875 0.79375 13392
0.8875 0.79375 13392
0.8875 0.79375 13392
0.8875 0.79375 13392
0.8875 0.79375 13392
0.8875 0.79375 13392
0.8875 0.79375 13392
0.8875 0.79375 13392
0.8875 0.79375 13392
0.8875 0.79375 13392
0.8875 0.79375 13392
0.8875 0.79375 13392
0.8875 0.79375 13392
0.8875 0.79375 13392
0.8875 0.79375 13392
0.8875 0.79375 13392
0.8875 0.79375 13392
0.8875 0.79375 13392
0.8875 0.79375 13392
0.8875 0.79375 13392
0.8875 0.79375 13392
0.8875 0.79375 13392
0.8875 0.79375 13392
0.8875 0.79375 13392
0.8875 0.79375 13392
0.8875 0.79375 13392
0.8875 0.79375 13392
0.8875 0.79375 13392
0.8875 0.79375 13392
0.8875 0.79375 13392
0.8875 0.79375 13392
0.8875 0.79375 13392
0.8875 0.79375 13392
0.8875 0.79375 13392
0.8875 0.79375 13392
0.8875 0.79375 13392
0.8875 0.79375 13392
0.8875 0.79375 13392
0.8875 0.79375 13392
0.8875 0.79375 13392
0.8875 0.79375 13392
0.8875 0.79375 13392
0.8875 0.79375 13392
0.8875 0.79375 13392
0.8875 0.79375 13392
0.8875 0.79375 13392
0.8875 0.79375 13392
0.8875 0.79375 13392
0.8875 0.79375 13392
0.8875 0.79375 13392
0.8875 0.79375 13392
0.8875 0.79375 13392
0.8875 0.79375 13392
0.8875 0.79375 13392
0.8875 0.79375 13392
0.8875 0.79375 13392
0.8875 0.79375 13392
0.8875 0.79375 13392
0.8875 0.79375 13392
0.8875 0.79375 13392
0.8875 0.790625 13392
0.8875 0.790625 13392
0.8875 0.790625 13392
0.8875 0.790625 13392
0.8875 0.790625 13392
0.8875 0.790625 13392
0.8875 0.790625 13392
0.8875 0.790625 13392
0.8875 0.7875 13392
0.8875 0.7875 13392
0.8875 0.7875 13392
0.8875 0.7875 13392
0.8875 0.7875 13392
0.8875 0.7875 13392
0.8875 0.7875 13392
0.8875 0.7875 13392
0.8875 0.7875 13392
0.8875 0.7875 13392
0.8875 0.7875 13392
0.8875 0.7875 13392
0.8875 0.7875 13392
0.8875 0.7875 13392
0.8875 0.7875 13392
0.8875 0.7875 13392
0.8875 0.7875 13392
0.8875 0.7875 13392
0.8875 0.7875 13392
0.8875 0.7875 13392
0.8875 0.7875 13392
0.8875 0.7875 13392
0.8875 0.7875 13392
0.8875 0.7875 13392
0.8875 0.7875 13392
0.8875 0.7875 13392
0.8875 0.7875 13392
0.8875 0.7875 13392
0.8875 0.7875 13392
0.8875 0.7875 13392
0.8875 0.7875 13392
0.8875 0.7875 13392
0.8875 0.7875 13392
0.8875 0.7875 13392
0.8875 0.7875 13392
0.8875 0.7875 13392
0.8875 0.7875 13392
0.8875 0.7875 13392
0.8875 0.7875 13392
0.8875 0.7875 13392
0.8875 0.7875 13392
0.8875 0.7875 13392
0.8875 0.7875 13392
0.8875 0.7875 13392
0.8875 0.7875 13392
0.8875 0.7875 13392
0.8875 0.7875 13392
0.8875 0.7875 13392
0.8875 0.7875 13392
0.8875 0.7875 13392
0.8875 0.7875 13392
0.8875 0.7875 13392
0.8875 0.7875 13392
0.8875 0.7875 13392
0.8875 0.7875 13392
0.8875 0.7875 13392
0.8875 0.7875 13392
0.8875 0.7875 13392
0.8875 0.7875 13392
0.8875 0.7875 13392
0.8875 0.7875 13392
0.8875 0.7875 13392
0.8875 0.7875 13392
0.8875 0.7875 13392
0.8875 0.7875 13392
0.8875 0.7875 13392
0.8875 0.7875 13392
0.8875 0.7875 13392
0.8875 0.7875 13392
0.8875 0.7875 13392
0.8875 0.7875 13392
0.8875 0.7875 13392
0.8875 0.7875 13392
0.8875 0.7875 13392
0.8875 0.7875 13392
0.8875 0.7875 13392
0.8875 0.7875 13392
0.8875 0.7875 13392
0.8875 0.7875 13392
0.8875 0.7875 13392
0.8875 0.7875 13392
0.8875 0.7875 13392
0.8875 0.7875 13392
0.8875 0.7875 13392
0.8875 0.7875 13392
0.8875 0.7875 13392
0.8875 0.7875 13392
0.8875 0.7875 13392
0.8875 0.7875 13392
0.8875 0.7875 13392
0.8875 0.7875 13392
0.8875 0.7875 13392
0.8875 0.7875 13392
0.8875 0.7875 13392
0.8875 0.7875 13392
0.8875 0.7875 13392
0.8875 0.7875 13392
0.8875 0.7875 13392
0.8875 0.7875 13392
0.8875 0.7875 13392
0.8875 0.7875 13392
0.8875 0.7875 13392
0.8875 0.7875 13392
0.8875 0.7875 13392
0.8875 0.7875 13392
0.8875 0.7875 13392
0.8875 0.7875 13392
0.8875 0.7875 13392
0.8875 0.7875 13392
0.8875 0.7875 13392
0.8875 0.7875 13392
0.8875 0.7875 13392
0.8875 0.7875 13392
0.8875 0.7875 13392
0.8875 0.7875 13392
0.8875 0.7875 13392
0.8875 0.7875 13392
0.8875 0.7875 13392
0.8875 0.7875 13392
0.8875 0.7875 13392
0.8875 0.7875 13392
0.8875 0.7875 13392
0.8875 0.7875 13392
0.8875 0.7875 13392
0.8875 0.7875 13392
0.8875 0.7875 13392
0.8875 0.7875 13392
0.8875 0.7875 13392
0.8875 0.7875 13392
0.8875 0.7875 13392
0.8875 0.7875 13392
0.8875 0.7875 13392
0.8875 0.7875 13392
0.8875 0.7875 13392
0.8875 0.7875 13392
0.8875 0.7875 13392
0.8875 0.7875 13392
0.8875 0.7875 13392
0.8875 0.7875 13392
0.8875 0.7875 13392
0.8875 0.7875 13392
0.8875 0.7875 13392
0.8875 0.7875 13392
0.8875 0.7875 13392
0.8875 0.7875 13392
0.8875 0.7875 13392
0.8875 0.7875 13392
0.8875 0.7875 13392
0.8875 0.7875 13392
0.8875 0.7875 13392
0.8875 0.7875 13392
0.8875 0.7875 13392
0.8875 0.7875 13392
0.8875 0.7875 13392
0.8875 0.7875 13392
0.8875 0.7875 13392
0.8875 0.7875 13392
0.8875 0.7875 13392
0.8875 0.7875 13392
0.8875 0.7875 13392
0.8875 0.7875 13392
0.8875 0.7875 13392
0.8875 0.7875 13392
0.8875 0.7875 13392
0.8875 0.7875 13392
0.8875 0.7875 13392
0.8875 0.7875 13392
0.8875 0.7875 13392
0.8875 0.7875 13392
0.8875 0.7875 13392
0.8875 0.7875 13392
0.8875 0.7875 13392
0.8875 0.7875 13392
0.8875 0.7875 13392
0.8875 0.7875 13392
0.8875 0.7875 13392
0.8875 0.7875 13392
0.8875 0.7875 13392
0.8875 0.7875 13392
0.8875 0.7875 13392
0.8875 0.7875 13392
0.8875 0.7875 13392
0.8875 0.7875 13392
0.8875 0.7875 13392
0.8875 0.7875 13392
0.8875 0.7875 13392
0.8875 0.7875 13392
0.8875 0.7875 13392
0.8875 0.7875 13392
0.8875 0.7875 13392
0.8875 0.7875 13392
0.8875 0.7875 13392
0.8875 0.7875 13392
0.8875 0.7875 13392
0.8875 0.7875 13392
0.8875 0.7875 13392
0.8875 0.7875 13392
0.8875 0.7875 13392
0.8875 0.7875 13392
0.8875 0.7875 13392
0.8875 0.7875 13392
0.8875 0.7875 13392
0.8875 0.7875 13392
0.8875 0.7875 13392
0.8875 0.7875 13392
0.8875 0.7875 13392
0.8875 0.7875 13392
0.8875 0.7875 13392
0.8875 0.7875 13392
0.8875 0.7875 13392
0.8875 0.7875 13392
0.8875 0.7875 13392
0.8875 0.7875 13392
0.8875 0.7875 13392
0.8875 0.7875 13392
0.8875 0.7875 13392
0.8875 0.7875 13392
0.8875 0.7875 13392
0.8875 0.7875 13392
0.8875 0.7875 13392
0.8875 0.7875 13392
0.8875 0.7875 13392
0.8875 0.7875 13392
0.8875 0.7875 13392
0.8875 0.7875 13392
0.8875 0.7875 13392
0.8875 0.7875 13392
0.8875 0.7875 13392
0.8875 0.7875 13392
0.8875 0.7875 13392
0.8875 0.7875 13392
0.8875 0.7875 13392
0.8875 0.7875 13392
0.8875 0.7875 13392
0.8875 0.7875 13392
0.8875 0.7875 13392
0.8875 0.7875 13392
0.8875 0.7875 13392
0.8875 0.7875 13392
0.8875 0.7875 13392
0.8875 0.7875 13392
0.8875 0.7875 13392
0.8875 0.7875 13392
0.8875 0.7875 13392
0.8875 0.7875 13392
0.8875 0.7875 13392
0.8875 0.7875 13392
0.8875 0.7875 13392
0.8875 0.7875 13392
0.8875 0.7875 13392
0.8875 0.7875 13392
0.8875 0.7875 13392
0.8875 0.7875 13392
0.8875 0.7875 13392
0.8875 0.7875 13392
0.8875 0.7875 13392
0.8875 0.7875 13392
0.8875 0.7875 13392
0.8875 0.7875 13392
0.8875 0.7875 13392
0.8875 0.7875 13392
0.8875 0.7875 13392
0.8875 0.7875 13392
0.8875 0.7875 13392
0.8875 0.7875 13392
0.8875 0.7875 13392
0.8875 0.7875 13392
0.8875 0.7875 13392
0.8875 0.7875 13392
0.8875 0.7875 13392
0.8875 0.7875 13392
0.8875 0.7875 13392
0.8875 0.7875 13392
0.8875 0.7875 13392
0.8875 0.7875 13392
0.8875 0.7875 13392
0.8875 0.7875 13392
0.8875 0.7875 13392
0.8875 0.7875 13392
0.8875 0.7875 13392
0.8875 0.7875 13392
0.8875 0.7875 13392
0.8875 0.7875 13392
0.8875 0.7875 13392
0.8875 0.7875 13392
0.8875 0.7875 13392
0.8875 0.7875 13392
0.8875 0.7875 13392
0.8875 0.7875 13392
0.8875 0.7875 13392
0.8875 0.7875 13392
0.8875 0.7875 13392
0.8875 0.7875 13392
0.8875 0.7875 13392
0.8875 0.7875 13392
0.8875 0.7875 13392
0.8875 0.7875 13392
0.8875 0.7875 13392
0.8875 0.7875 13392
0.8875 0.7875 13392
0.8875 0.7875 13392
0.8875 0.7875 13392
0.8875 0.7875 13392
0.8875 0.7875 13392
0.8875 0.7875 13392
0.8875 0.7875 13392
0.8875 0.7875 13392
0.8875 0.7875 13392
0.8875 0.7875 13392
0.8875 0.7875 13392
0.8875 0.7875 13392
0.8875 0.7875 13392
0.8875 0.7875 13392
0.8875 0.7875 13392
0.8875 0.7875 13392
0.8875 0.7875 13392
0.8875 0.7875 13392
0.8875 0.7875 13392
0.8875 0.7875 13392
0.8875 0.7875 13392
0.8875 0.7875 13392
0.8875 0.7875 13392
0.8875 0.7875 13392
0.8875 0.7875 13392
0.8875 0.7875 13392
0.8875 0.7875 13392
0.8875 0.7875 13392
0.8875 0.7875 13392
0.8875 0.7875 13392
0.8875 0.7875 13392
0.8875 0.7875 13392
0.8875 0.784375 13392
0.8875 0.78125 13392
0.8875 0.78125 13392
0.8875 0.78125 13392
0.8875 0.78125 13392
0.8875 0.78125 13392
0.8875 0.78125 13392
0.8875 0.78125 13392
0.8875 0.78125 13392
0.8875 0.78125 13392
0.8875 0.78125 13392
0.8875 0.78125 13392
0.8875 0.78125 13392
0.8875 0.78125 13392
0.8875 0.78125 13392
0.8875 0.78125 13392
0.8875 0.78125 13392
0.8875 0.78125 13392
0.8875 0.78125 13392
0.8875 0.78125 13392
0.8875 0.78125 13392
0.8875 0.78125 13392
0.8875 0.78125 13392
0.8875 0.78125 13392
0.8875 0.78125 13392
0.8875 0.78125 13392
0.8875 0.78125 13392
0.8875 0.78125 13392
0.8875 0.78125 13392
0.8875 0.78125 13392
0.8875 0.78125 13392
0.8875 0.78125 13392
0.8875 0.78125 13392
0.8875 0.78125 13392
0.8875 0.78125 13392
0.8875 0.78125 13392
0.8875 0.78125 13392
0.8875 0.78125 13392
0.8875 0.78125 13392
0.8875 0.78125 13392
0.8875 0.78125 13392
0.8875 0.78125 13392
0.8875 0.78125 13392
0.8875 0.78125 13392
0.8875 0.78125 13392
0.8875 0.78125 13392
0.8875 0.78125 13392
0.8875 0.78125 13392
0.8875 0.78125 13392
0.8875 0.78125 13392
0.8875 0.78125 13392
0.8875 0.78125 13392
0.8875 0.78125 13392
0.8875 0.78125 13392
0.8875 0.78125 13392
0.8875 0.78125 13392
0.8875 0.78125 13392
0.8875 0.78125 13392
0.8875 0.78125 13392
0.8875 0.78125 13392
0.8875 0.78125 13392
0.8875 0.78125 13392
0.8875 0.78125 13392
0.8875 0.78125 13392
0.8875 0.78125 13392
0.8875 0.78125 13392
0.8875 0.78125 13392
0.8875 0.78125 13392
0.8875 0.78125 13392
0.8875 0.78125 13392
0.8875 0.78125 13392
0.8875 0.78125 13392
0.8875 0.78125 13392
0.8875 0.78125 13392
0.8875 0.78125 13392
0.8875 0.78125 13392
0.8875 0.78125 13392
0.8875 0.78125 13392
0.8875 0.78125 13392
0.8875 0.78125 13392
0.8875 0.78125 13392
0.8875 0.78125 13392
0.8875 0.78125 13392
0.8875 0.78125 13392
0.8875 0.78125 13392
0.8875 0.78125 13392
0.8875 0.78125 13392
0.8875 0.78125 13392
0.8875 0.78125 13392
0.8875 0.78125 13392
0.8875 0.78125 13392
0.8875 0.78125 13392
0.8875 0.78125 13392
0.8875 0.78125 13392
0.8875 0.78125 13392
0.8875 0.78125 13392
0.8875 0.78125 13392
0.8875 0.78125 13392
0.8875 0.78125 13392
0.8875 0.78125 13392
0.8875 0.78125 13392
0.8875 0.78125 13392
0.8875 0.78125 13392
0.8875 0.78125 13392
0.8875 0.78125 13392
0.8875 0.78125 13392
0.8875 0.78125 13392
0.8875 0.78125 13392
0.8875 0.78125 13392
0.8875 0.78125 13392
0.8875 0.78125 13392
0.8875 0.78125 13392
0.8875 0.78125 13392
0.8875 0.78125 13392
0.8875 0.78125 13392
0.8875 0.78125 13392
0.8875 0.78125 13392
0.8875 0.78125 13392
0.8875 0.78125 13392
0.8875 0.78125 13392
0.8875 0.78125 13392
0.8875 0.78125 13392
0.8875 0.78125 13392
0.8875 0.78125 13392
0.8875 0.78125 13392
0.8875 0.78125 13392
0.8875 0.78125 13392
0.8875 0.78125 13392
0.8875 0.78125 13392
0.8875 0.78125 13392
0.8875 0.78125 13392
0.8875 0.78125 13392
0.8875 0.78125 13392
0.8875 0.78125 13392
0.8875 0.78125 13392
0.8875 0.78125 13392
0.8875 0.78125 13392
0.8875 0.78125 13392
0.8875 0.78125 13392
0.8875 0.78125 13392
0.8875 0.78125 13392
0.8875 0.78125 13392
0.8875 0.78125 13392
0.8875 0.78125 13392
0.8875 0.78125 13392
0.8875 0.78125 13392
0.8875 0.78125 13392
0.8875 0.78125 13392
0.8875 0.78125 13392
0.8875 0.78125 13392
0.8875 0.78125 13392
0.8875 0.78125 13392
0.8875 0.78125 13392
0.8875 0.78125 13392
0.8875 0.78125 13392
0.8875 0.7875 13392
0.8875 0.7875 13392
0.8875 0.7875 13392
0.8875 0.7875 13392
0.8875 0.7875 13392
0.8875 0.7875 13392
0.8875 0.7875 13392
0.8875 0.7875 13392
0.8875 0.7875 13392
0.8875 0.7875 13392
0.8875 0.7875 13392
0.8875 0.7875 13392
0.8875 0.7875 13392
0.8875 0.7875 13392
0.8875 0.7875 13392
0.8875 0.7875 13392
0.8875 0.7875 13392
0.8875 0.7875 13392
0.8875 0.7875 13392
0.8875 0.7875 13392
0.8875 0.7875 13392
0.8875 0.7875 13392
0.8875 0.7875 13392
0.8875 0.7875 13392
0.8875 0.7875 13392
0.8875 0.7875 13392
0.8875 0.7875 13392
0.8875 0.7875 13392
0.8875 0.7875 13392
0.8875 0.7875 13392
0.8875 0.7875 13392
0.8875 0.7875 13392
0.8875 0.7875 13392
0.8875 0.7875 13392
0.8875 0.7875 13392
0.8875 0.79375 13392
0.8875 0.79375 13392
0.8875 0.79375 13392
0.8875 0.79375 13392
0.8875 0.79375 13392
0.8875 0.79375 13392
0.8875 0.79375 13392
0.8875 0.79375 13392
0.8875 0.79375 13392
0.8875 0.79375 13392
0.8875 0.79375 13392
0.8875 0.79375 13392
0.8875 0.79375 13392
0.8875 0.79375 13392
0.8875 0.79375 13392
0.8875 0.79375 13392
0.8875 0.79375 13392
0.8875 0.79375 13392
0.8875 0.79375 13392
0.8875 0.79375 13392
0.8875 0.79375 13392
0.8875 0.79375 13392
0.8875 0.79375 13392
0.8875 0.79375 13392
0.8875 0.79375 13392
0.8875 0.79375 13392
0.8875 0.79375 13392
0.8875 0.79375 13392
0.8875 0.79375 13392
0.8875 0.79375 13392
0.8875 0.79375 13392
0.8875 0.79375 13392
0.8875 0.79375 13392
0.8875 0.79375 13392
0.8875 0.79375 13392
0.8875 0.79375 13392
0.8875 0.79375 13392
0.8875 0.79375 13392
0.8875 0.79375 13392
0.8875 0.79375 13392
0.8875 0.79375 13392
0.8875 0.79375 13392
0.8875 0.79375 13392
0.8875 0.79375 13392
0.8875 0.79375 13392
0.8875 0.79375 13392
0.8875 0.79375 13392
0.8875 0.79375 13392
0.8875 0.79375 13392
0.8875 0.79375 13392
0.8875 0.79375 13392
0.8875 0.79375 13392
0.8875 0.79375 13392
0.8875 0.79375 13392
0.8875 0.79375 13392
0.8875 0.79375 13392
0.8875 0.79375 13392
0.8875 0.79375 13392
0.8875 0.79375 13392
0.8875 0.79375 13392
0.8875 0.79375 13392
0.8875 0.79375 13392
0.8875 0.79375 13392
0.8875 0.79375 13392
0.8875 0.79375 13392
0.8875 0.8 13392
0.8875 0.8 13392
0.8875 0.8 13392
0.8875 0.8 13392
0.8875 0.8 13392
0.8875 0.8 13392
0.8875 0.8 13392
0.8875 0.8 13392
0.8875 0.8 13392
0.8875 0.8 13392
0.8875 0.8 13392
0.8875 0.8 13392
0.8875 0.8 13392
0.8875 0.8 13392
0.8875 0.8 13392
0.8875 0.8 13392
0.8875 0.8 13392
0.8875 0.8 13392
0.8875 0.8 13392
0.8875 0.8 13392
0.8875 0.8 13392
0.8875 0.8 13392
0.8875 0.8 13392
0.8875 0.8 13392
0.8875 0.8 13392
0.8875 0.8 13392
0.8875 0.8 13392
0.8875 0.8 13392
0.8875 0.8 13392
0.8875 0.8 13392
0.8875 0.8 13392
0.8875 0.8 13392
0.8875 0.8 13392
0.8875 0.8 13392
0.8875 0.8 13392
0.8875 0.8 13392
0.8875 0.8 13392
0.8875 0.8 13392
0.8875 0.8 13392
0.8875 0.8 13392
0.8875 0.8 13392
0.8875 0.8 13392
0.8875 0.8 13392
0.8875 0.8 13392
0.8875 0.8 13392
0.8875 0.8 13392
0.8875 0.8 13392
0.8875 0.8 13392
0.8875 0.8 13392
0.8875 0.8 13392
0.8875 0.8 13392
0.8875 0.8 13392
0.8875 0.8 13392
0.8875 0.8 13392
0.8875 0.8 13392
0.8875 0.8 13392
0.8875 0.8 13392
0.8875 0.8 13392
0.8875 0.8 13392
0.8875 0.8 13392
0.8875 0.8 13392
0.8875 0.8 13392
0.8875 0.8 13392
0.8875 0.8 13392
0.8875 0.8 13392
0.8875 0.8 13392
0.8875 0.8 13392
0.8875 0.8 13392
0.8875 0.8 13392
0.8875 0.8 13392
0.8875 0.8 13392
0.8875 0.8 13392
0.8875 0.8 13392
0.8875 0.8 13392
0.8875 0.8 13392
0.8875 0.8 13392
0.8875 0.8 13392
0.8875 0.8 13392
0.8875 0.8 13392
0.8875 0.8 13392
0.8875 0.8 13392
0.8875 0.8 13392
0.8875 0.8 13392
0.8875 0.8 13392
0.8875 0.8 13392
0.8875 0.8 13392
0.8875 0.8 13392
0.8875 0.8 13392
0.8875 0.8 13392
0.8875 0.8 13392
0.8875 0.8 13392
0.8875 0.8 13392
0.8875 0.8 13392
0.8875 0.8 13392
0.8875 0.8 13392
0.8875 0.8 13392
0.8875 0.8 13392
0.8875 0.8 13392
0.8875 0.8 13392
0.8875 0.8 13392
0.8875 0.8 13392
0.8875 0.8 13392
0.8875 0.8 13392
0.8875 0.8 13392
0.8875 0.8 13392
0.8875 0.8 13392
0.8875 0.8 13392
0.8875 0.8 13392
0.8875 0.8 13392
0.8875 0.8 13392
0.8875 0.8 13392
0.8875 0.8 13392
0.8875 0.8 13392
0.8875 0.8 13392
0.8875 0.8 13392
0.8875 0.8 13392
0.8875 0.8 13392
0.8875 0.8 13392
0.8875 0.8 13392
0.8875 0.8 13392
0.8875 0.8 13392
0.8875 0.8 13392
0.8875 0.8 13392
0.8875 0.8 13392
0.8875 0.8 13392
0.8875 0.8 13392
0.8875 0.8 13392
0.8875 0.8 13392
0.8875 0.8 13392
0.8875 0.8 13392
0.8875 0.8 13392
0.8875 0.8 13392
0.8875 0.8 13392
0.8875 0.8 13392
0.8875 0.8 13392
0.8875 0.8 13392
0.8875 0.8 13392
0.8875 0.8 13392
0.8875 0.8 13392
0.8875 0.8 13392
0.8875 0.8 13392
0.8875 0.8 13392
0.8875 0.8 13392
0.8875 0.8 13392
0.8875 0.8 13392
0.8875 0.8 13392
0.8875 0.8 13392
0.8875 0.8 13392
0.8875 0.8 13392
0.8875 0.8 13392
0.8875 0.8 13392
0.8875 0.8 13392
0.8875 0.8 13392
0.8875 0.8 13392
0.8875 0.8 13392
0.8875 0.8 13392
0.8875 0.8 13392
0.8875 0.8 13392
0.8875 0.8 13392
0.8875 0.8 13392
0.8875 0.8 13392
0.8875 0.8 13392
0.8875 0.8 13392
0.8875 0.8 13392
0.8875 0.8 13392
0.8875 0.8 13392
0.8875 0.8 13392
0.8875 0.8 13392
0.8875 0.8 13392
0.8875 0.8 13392
0.8875 0.8 13392
0.8875 0.8 13392
0.8875 0.8 13392
0.8875 0.8 13392
0.8875 0.8 13392
0.8875 0.8 13392
0.8875 0.8 13392
0.8875 0.8 13392
0.8875 0.8 13392
0.8875 0.8 13392
0.8875 0.8 13392
0.8875 0.8 13392
0.8875 0.8 13392
0.8875 0.8 13392
0.8875 0.8 13392
0.8875 0.8 13392
0.8875 0.8 13392
0.8875 0.8 13392
0.8875 0.8 13392
0.8875 0.8 13392
0.8875 0.8 13392
0.8875 0.8 13392
0.8875 0.8 13392
0.8875 0.8 13392
0.8875 0.8 13392
0.8875 0.8 13392
0.8875 0.8 13392
0.8875 0.8 13392
0.8875 0.8 13392
0.8875 0.8 13392
0.8875 0.8 13392
0.8875 0.8 13392
0.8875 0.8 13392
0.8875 0.8 13392
0.8875 0.8 13392
0.8875 0.8 13392
0.8875 0.8 13392
0.8875 0.8 13392
0.8875 0.8 13392
0.8875 0.8 13392
0.8875 0.8 13392
0.8875 0.8 13392
0.8875 0.8 13392
0.8875 0.8 13392
0.8875 0.8 13392
0.8875 0.8 13392
0.8875 0.8 13392
0.8875 0.8 13392
0.8875 0.8 13392
0.8875 0.8 13392
0.8875 0.8 13392
0.8875 0.8 13392
0.8875 0.8 13392
0.8875 0.8 13392
0.8875 0.8 13392
0.8875 0.8 13392
0.8875 0.8 13392
0.8875 0.8 13392
0.8875 0.8 13392
0.8875 0.8 13392
0.8875 0.8 13392
0.8875 0.8 13392
0.8875 0.8 13392
0.8875 0.8 13392
0.8875 0.8 13392
0.8875 0.8 13392
0.8875 0.8 13392
0.8875 0.8 13392
0.8875 0.8 13392
0.8875 0.8 13392
0.8875 0.8 13392
0.8875 0.8 13392
0.8875 0.8 13392
0.8875 0.8 13392
0.8875 0.8 13392
0.8875 0.8 13392
0.8875 0.8 13392
0.8875 0.8 13392
0.8875 0.8 13392
0.8875 0.8 13392
0.8875 0.8 13392
0.8875 0.8 13392
0.8875 0.8 13392
0.8875 0.8 13392
0.8875 0.8 13392
0.8875 0.8 13392
0.8875 0.8 13392
0.8875 0.8 13392
0.8875 0.8 13392
0.8875 0.8 13392
0.8875 0.8 13392
0.8875 0.8 13392
0.8875 0.8 13392
0.8875 0.8 13392
0.8875 0.8 13392
0.8875 0.8 13392
0.8875 0.8 13392
0.8875 0.8 13392
0.8875 0.8 13392
0.8875 0.8 13392
0.8875 0.8 13392
0.8875 0.8 13392
0.8875 0.8 13392
0.8875 0.8 13392
0.8875 0.8 13392
0.8875 0.8 13392
0.8875 0.8 13392
0.8875 0.8 13392
0.8875 0.8 13392
0.8875 0.8 13392
0.8875 0.8 13392
0.8875 0.8 13392
0.8875 0.8 13392
0.8875 0.8 13392
0.8875 0.8 13392
0.8875 0.8 13392
0.8875 0.8 13392
0.8875 0.80625 13392
0.8875 0.80625 13392
0.8875 0.80625 13392
0.8875 0.80625 13392
0.8875 0.80625 13392
0.8875 0.80625 13392
0.8875 0.80625 13392
0.8875 0.80625 13392
0.8875 0.80625 13392
0.8875 0.80625 13392
0.8875 0.80625 13392
0.8875 0.80625 13392
0.8875 0.80625 13392
0.8875 0.80625 13392
0.8875 0.80625 13392
0.8875 0.80625 13392
0.8875 0.80625 13392
0.8875 0.80625 13392
0.8875 0.80625 13392
0.8875 0.80625 13392
0.8875 0.80625 13392
0.8875 0.80625 13392
0.8875 0.80625 13392
0.8875 0.80625 13392
0.8875 0.80625 13392
0.8875 0.80625 13392
0.8875 0.80625 13392
0.8875 0.80625 13392
0.8875 0.80625 13392
0.8875 0.80625 13392
0.8875 0.80625 13392
0.8875 0.80625 13392
0.8875 0.80625 13392
0.8875 0.80625 13392
0.8875 0.80625 13392
0.8875 0.80625 13392
0.8875 0.80625 13392
0.8875 0.80625 13392
0.8875 0.80625 13392
0.8875 0.80625 13392
0.8875 0.80625 13392
0.8875 0.80625 13392
0.8875 0.80625 13392
0.8875 0.80625 13392
0.8875 0.80625 13392
0.8875 0.80625 13392
0.8875 0.80625 13392
0.8875 0.80625 13392
0.8875 0.80625 13392
0.8875 0.80625 13392
0.8875 0.80625 13392
0.8875 0.80625 13392
0.8875 0.80625 13392
0.8875 0.80625 13392
0.8875 0.80625 13392
0.8875 0.80625 13392
0.8875 0.80625 13392
0.8875 0.80625 13392
0.8875 0.80625 13392
0.8875 0.80625 13392
0.8875 0.80625 13392
0.8875 0.80625 13392
0.8875 0.80625 13392
0.8875 0.80625 13392
0.8875 0.80625 13392
0.8875 0.80625 13392
0.8875 0.80625 13392
0.8875 0.80625 13392
0.8875 0.80625 13392
0.8875 0.80625 13392
0.8875 0.80625 13392
0.8875 0.80625 13392
0.8875 0.80625 13392
0.8875 0.80625 13392
0.8875 0.80625 13392
0.8875 0.80625 13392
0.8875 0.80625 13392
0.8875 0.80625 13392
0.8875 0.80625 13392
0.8875 0.80625 13392
0.8875 0.80625 13392
0.8875 0.80625 13392
0.8875 0.80625 13392
0.8875 0.80625 13392
0.8875 0.80625 13392
0.8875 0.80625 13392
0.8875 0.80625 13392
0.8875 0.80625 13392
0.8875 0.80625 13392
0.8875 0.80625 13392
0.8875 0.80625 13392
0.8875 0.80625 13392
0.8875 0.80625 13392
0.8875 0.80625 13392
0.8875 0.80625 13392
0.8875 0.80625 13392
0.8875 0.80625 13392
0.8875 0.80625 13392
0.8875 0.80625 13392
0.8875 0.80625 13392
0.8875 0.80625 13392
0.8875 0.80625 13392
0.8875 0.80625 13392
0.8875 0.80625 13392
0.8875 0.80625 13392
0.8875 0.80625 13392
0.8875 0.80625 13392
0.8875 0.80625 13392
0.8875 0.80625 13392
0.8875 0.80625 13392
0.8875 0.80625 13392
0.8875 0.80625 13392
0.8875 0.80625 13392
0.8875 0.80625 13392
0.8875 0.80625 13392
0.8875 0.80625 13392
0.8875 0.80625 13392
0.8875 0.80625 13392
0.8875 0.8125 13392
0.8875 0.8125 13392
0.8875 0.8125 13392
0.8875 0.8125 13392
0.8875 0.8125 13392
0.8875 0.8125 13392
0.8875 0.8125 13392
0.8875 0.8125 13392
0.8875 0.8125 13392
0.8875 0.8125 13392
0.8875 0.8125 13392
0.8875 0.8125 13392
0.8875 0.8125 13392
0.8875 0.8125 13392
0.8875 0.8125 13392
0.8875 0.8125 13392
0.8875 0.8125 13392
0.8875 0.8125 13392
0.8875 0.8125 13392
0.8875 0.8125 13392
0.8875 0.8125 13392
0.8875 0.8125 13392
0.8875 0.8125 13392
0.8875 0.8125 13392
0.8875 0.8125 13392
0.8875 0.8125 13392
0.8875 0.8125 13392
0.8875 0.8125 13392
0.8875 0.8125 13392
0.8875 0.8125 13392
0.8875 0.8125 13392
0.8875 0.8125 13392
0.8875 0.8125 13392
0.8875 0.8125 13392
0.8875 0.8125 13392
0.8875 0.8125 13392
0.8875 0.8125 13392
0.8875 0.8125 13392
0.8875 0.8125 13392
0.8875 0.8125 13392
0.8875 0.8125 13392
0.8875 0.8125 13392
0.8875 0.8125 13392
0.8875 0.8125 13392
0.8875 0.8125 13392
0.8875 0.8125 13392
0.8875 0.8125 13392
0.8875 0.8125 13392
0.8875 0.8125 13392
0.8875 0.8125 13392
0.8875 0.8125 13392
0.8875 0.8125 13392
0.8875 0.8125 13392
0.8875 0.8125 13392
0.8875 0.8125 13392
0.8875 0.8125 13392
0.8875 0.8125 13392
0.8875 0.8125 13392
0.8875 0.8125 13392
0.8875 0.8125 13392
0.8875 0.8125 13392
0.8875 0.8125 13392
0.8875 0.8125 13392
0.8875 0.8125 13392
0.8875 0.8125 13392
0.8875 0.8125 13392
0.8875 0.8125 13392
0.8875 0.8125 13392
0.8875 0.8125 13392
0.8875 0.8125 13392
0.8875 0.8125 13392
0.8875 0.8125 13392
0.8875 0.8125 13392
0.8875 0.8125 13392
0.8875 0.8125 13392
0.8875 0.8125 13392
0.8875 0.8125 13392
0.8875 0.8125 13392
0.8875 0.8125 13392
0.8875 0.8125 13392
0.8875 0.8125 13392
0.8875 0.8125 13392
0.8875 0.8125 13392
0.8875 0.8125 13392
0.8875 0.8125 13392
0.8875 0.8125 13392
0.8875 0.8125 13392
0.8875 0.8125 13392
0.8875 0.8125 13392
0.8875 0.8125 13392
0.8875 0.8125 13392
0.8875 0.8125 13392
0.8875 0.8125 13392
0.8875 0.8125 13392
0.8875 0.8125 13392
0.8875 0.8125 13392
0.8875 0.8125 13392
0.8875 0.8125 13392
0.8875 0.8125 13392
0.8875 0.8125 13392
0.8875 0.8125 13392
0.8875 0.8125 13392
0.8875 0.8125 13392
0.8875 0.8125 13392
0.8875 0.8125 13392
0.8875 0.8125 13392
0.8875 0.8125 13392
0.8875 0.8125 13392
0.8875 0.8125 13392
0.8875 0.8125 13392
0.8875 0.8125 13392
0.8875 0.8125 13392
0.8875 0.8125 13392
0.8875 0.8125 13392
0.8875 0.8125 13392
0.8875 0.8125 13392
0.8875 0.8125 13392
0.8875 0.8125 13392
0.8875 0.8125 13392
0.8875 0.8125 13392
0.8875 0.8125 13392
0.8875 0.8125 13392
0.8875 0.8125 13392
0.8875 0.8125 13392
0.8875 0.8125 13392
0.8875 0.8125 13392
0.8875 0.8125 13392
0.8875 0.8125 13392
0.8875 0.8125 13392
0.8875 0.8125 13392
0.8875 0.8125 13392
0.8875 0.8125 13392
0.8875 0.8125 13392
0.8875 0.8125 13392
0.8875 0.8125 13392
0.8875 0.8125 13392
0.8875 0.8125 13392
0.8875 0.8125 13392
0.8875 0.8125 13392
0.8875 0.8125 13392
0.8875 0.8125 13392
0.8875 0.8125 13392
0.8875 0.8125 13392
0.8875 0.8125 13392
0.8875 0.8125 13392
0.8875 0.8125 13392
0.8875 0.8125 13392
0.8875 0.8125 13392
0.8875 0.8125 13392
0.8875 0.8125 13392
0.8875 0.8125 13392
0.8875 0.8125 13392
0.8875 0.8125 13392
0.8875 0.8125 13392
0.8875 0.8125 13392
0.8875 0.8125 13392
0.8875 0.8125 13392
0.8875 0.8125 13392
0.8875 0.8125 13392
0.8875 0.8125 13392
0.8875 0.8125 13392
0.8875 0.8125 13392
0.8875 0.8125 13392
0.8875 0.8125 13392
0.8875 0.8125 13392
0.8875 0.8125 13392
0.8875 0.8125 13392
0.8875 0.8125 13392
0.8875 0.8125 13392
0.8875 0.8125 13392
0.8875 0.8125 13392
0.8875 0.8125 13392
0.8875 0.8125 13392
0.8875 0.8125 13392
0.8875 0.8125 13392
0.8875 0.8125 13392
0.8875 0.8125 13392
0.8875 0.8125 13392
0.8875 0.8125 13392
0.8875 0.8125 13392
0.8875 0.8125 13392
0.8875 0.8125 13392
0.8875 0.8125 13392
0.8875 0.8125 13392
0.8875 0.8125 13392
0.8875 0.8125 13392
0.8875 0.8125 13392
0.8875 0.8125 13392
0.8875 0.81875 13392
0.8875 0.81875 13392
0.8875 0.81875 13392
0.8875 0.81875 13392
0.8875 0.81875 13392
0.8875 0.81875 13392
0.8875 0.81875 13392
0.8875 0.81875 13392
0.8875 0.81875 13392
0.8875 0.81875 13392
0.8875 0.81875 13392
0.8875 0.81875 13392
0.8875 0.81875 13392
0.8875 0.81875 13392
0.8875 0.81875 13392
0.8875 0.81875 13392
0.8875 0.81875 13392
0.8875 0.81875 13392
0.8875 0.81875 13392
0.8875 0.81875 13392
0.8875 0.81875 13392
0.8875 0.81875 13392
0.8875 0.81875 13392
0.8875 0.81875 13392
0.8875 0.81875 13392
0.8875 0.81875 13392
0.8875 0.81875 13392
0.8875 0.81875 13392
0.8875 0.81875 13392
0.8875 0.81875 13392
0.8875 0.81875 13392
0.8875 0.81875 13392
0.8875 0.81875 13392
0.8875 0.81875 13392
0.8875 0.81875 13392
0.8875 0.81875 13392
0.8875 0.81875 13392
0.8875 0.81875 13392
0.8875 0.81875 13392
0.8875 0.81875 13392
0.8875 0.81875 13392
0.8875 0.81875 13392
0.8875 0.81875 13392
0.8875 0.81875 13392
0.8875 0.81875 13392
0.8875 0.81875 13392
0.8875 0.81875 13392
0.8875 0.81875 13392
0.8875 0.81875 13392
0.8875 0.81875 13392
0.8875 0.81875 13392
0.8875 0.81875 13392
0.8875 0.81875 13392
0.8875 0.81875 13392
0.8875 0.81875 13392
0.8875 0.81875 13392
0.8875 0.81875 13392
0.8875 0.81875 13392
0.8875 0.81875 13392
0.8875 0.81875 13392
0.8875 0.81875 13392
0.8875 0.81875 13392
0.8875 0.81875 13392
0.8875 0.81875 13392
0.8875 0.81875 13392
0.8875 0.81875 13392
0.8875 0.81875 13392
0.8875 0.81875 13392
0.8875 0.81875 13392
0.8875 0.81875 13392
0.8875 0.81875 13392
0.8875 0.81875 13392
0.8875 0.81875 13392
0.8875 0.81875 13392
0.8875 0.81875 13392
0.8875 0.81875 13392
0.8875 0.81875 13392
0.8875 0.81875 13392
0.8875 0.81875 13392
0.8875 0.81875 13392
0.8875 0.81875 13392
0.8875 0.81875 13392
0.8875 0.81875 13392
0.8875 0.81875 13392
0.8875 0.81875 13392
0.8875 0.81875 13392
0.8875 0.81875 13392
0.8875 0.81875 13392
0.8875 0.81875 13392
0.8875 0.81875 13392
0.8875 0.81875 13392
0.8875 0.81875 13392
0.8875 0.81875 13392
0.8875 0.81875 13392
0.8875 0.81875 13392
0.8875 0.81875 13392
0.8875 0.81875 13392
0.8875 0.81875 13392
0.8875 0.81875 13392
0.8875 0.81875 13392
0.8875 0.81875 13392
0.8875 0.81875 13392
0.8875 0.81875 13392
0.8875 0.81875 13392
0.8875 0.81875 13392
0.8875 0.81875 13392
0.8875 0.81875 13392
0.8875 0.81875 13392
0.8875 0.81875 13392
0.8875 0.81875 13392
0.8875 0.81875 13392
0.8875 0.81875 13392
0.8875 0.81875 13392
0.8875 0.81875 13392
0.8875 0.81875 13392
0.8875 0.81875 13392
0.8875 0.81875 13392
0.8875 0.81875 13392
0.8875 0.81875 13392
0.8875 0.81875 13392
0.8875 0.81875 13392
0.8875 0.81875 13392
0.8875 0.81875 13392
0.8875 0.81875 13392
0.8875 0.81875 13392
0.8875 0.81875 13392
0.8875 0.81875 13392
0.8875 0.81875 13392
0.8875 0.81875 13392
0.8875 0.81875 13392
0.8875 0.81875 13392
0.8875 0.81875 13392
0.8875 0.81875 13392
0.8875 0.81875 13392
0.8875 0.81875 13392
0.8875 0.81875 13392
0.8875 0.81875 13392
0.8875 0.81875 13392
0.8875 0.81875 13392
0.8875 0.81875 13392
0.8875 0.81875 13392
0.8875 0.81875 13392
0.8875 0.81875 13392
0.8875 0.81875 13392
0.8875 0.81875 13392
0.8875 0.81875 13392
0.8875 0.81875 13392
0.8875 0.81875 13392
0.8875 0.81875 13392
0.8875 0.81875 13392
0.8875 0.81875 13392
0.8875 0.81875 13392
0.8875 0.81875 13392
0.8875 0.81875 13392
0.8875 0.81875 13392
0.8875 0.81875 13392
0.8875 0.81875 13392
0.8875 0.81875 13392
0.8875 0.81875 13392
0.8875 0.81875 13392
0.8875 0.81875 13392
0.8875 0.81875 13392
0.8875 0.81875 13392
0.8875 0.81875 13392
0.8875 0.81875 13392
0.8875 0.81875 13392
0.8875 0.81875 13392
0.8875 0.81875 13392
0.8875 0.81875 13392
0.8875 0.81875 13392
0.8875 0.81875 13392
0.8875 0.81875 13392
0.8875 0.81875 13392
0.8875 0.81875 13392
0.8875 0.81875 13392
0.8875 0.81875 13392
0.8875 0.81875 13392
0.8875 0.81875 13392
0.8875 0.81875 13392
0.8875 0.81875 13392
0.8875 0.81875 13392
0.8875 0.81875 13392
0.8875 0.81875 13392
0.8875 0.81875 13392
0.8875 0.81875 13392
0.8875 0.81875 13392
0.8875 0.81875 13392
