0.85 0.83125 596
0.834375 0.8125 1102
0.778125 0.76875 1564
0.821875 0.809375 1720
0.809375 0.8125 1876
0.78125 0.778125 2008
0.784375 0.803125 2140
0.8 0.809375 2272
0.796875 0.81875 2404
0.7875 0.821875 2536
0.778125 0.80625 2668
0.778125 0.81875 2778
0.784375 0.821875 2888
0.78125 0.815625 2998
0.790625 0.821875 3108
0.8 0.85 3198
0.8 0.840625 3288
0.8125 0.8375 3378
0.8125 0.8375 3450
0.80625 0.8375 3522
0.80625 0.8375 3594
0.80625 0.8375 3666
0.803125 0.8375 3738
0.809375 0.834375 3810
0.80625 0.834375 3882
0.803125 0.834375 3954
0.803125 0.834375 4026
0.8 0.834375 4082
0.80625 0.8375 4138
0.8125 0.840625 4194
0.81875 0.85 4250
0.81875 0.85 4306
0.815625 0.846875 4362
0.8125 0.85 4418
0.8125 0.85 4474
0.8125 0.85 4530
0.809375 0.85 4586
0.80625 0.846875 4642
0.80625 0.846875 4698
0.803125 0.85 4754
0.803125 0.85 4810
0.803125 0.85 4866
0.803125 0.85 4922
0.803125 0.85 4964
0.8125 0.85 5006
0.853125 0.878125 5048
0.853125 0.878125 5090
0.853125 0.88125 5132
0.85 0.884375 5174
0.85 0.8875 5216
0.85 0.8875 5258
0.85 0.8875 5300
0.846875 0.884375 5342
0.846875 0.8875 5384
0.846875 0.8875 5426
0.85 0.8875 5468
0.85 0.8875 5510
0.846875 0.89375 5552
0.84375 0.89375 5594
0.84375 0.890625 5636
0.84375 0.88125 5678
0.84375 0.871875 5720
0.84375 0.875 5762
0.85625 0.875 5804
0.8625 0.878125 5846
0.865625 0.8875 5888
0.865625 0.8875 5930
0.8625 0.8875 5972
0.8625 0.8875 6002
0.8625 0.8875 6032
0.8625 0.88125 6062
0.8625 0.88125 6092
0.8625 0.88125 6122
0.8625 0.88125 6152
0.8625 0.878125 6182
0.865625 0.88125 6212
0.865625 0.88125 6242
0.865625 0.8875 6272
0.865625 0.884375 6302
0.865625 0.8875 6332
0.865625 0.8875 6362
0.8625 0.8875 6392
0.8625 0.8875 6422
0.8625 0.8875 6452
0.8625 0.884375 6482
0.8625 0.8875 6512
0.859375 0.890625 6542
0.859375 0.890625 6572
0.859375 0.89375 6602
0.859375 0.89375 6632
0.85625 0.8875 6662
0.85625 0.8875 6692
0.85625 0.890625 6722
0.85625 0.88125 6752
0.85625 0.88125 6782
0.871875 0.90625 6812
0.871875 0.90625 6842
0.871875 0.90625 6872
0.871875 0.90625 6902
0.871875 0.90625 6932
0.88125 0.90625 6962
0.884375 0.90625 6992
0.884375 0.90625 7022
0.8875 0.9125 7052
0.890625 0.909375 7082
0.890625 0.903125 7112
0.89375 0.9 7142
0.89375 0.90625 7172
0.89375 0.9 7202
0.89375 0.9 7232
0.896875 0.909375 7262
0.896875 0.903125 7292
0.896875 0.9 7312
0.896875 0.9 7332
0.896875 0.9 7352
0.896875 0.90625 7372
0.896875 0.90625 7392
0.896875 0.90625 7412
0.896875 0.90625 7432
0.896875 0.9125 7452
0.896875 0.9125 7472
0.896875 0.9125 7492
0.896875 0.9125 7512
0.896875 0.9125 7532
0.896875 0.9125 7552
0.896875 0.9125 7572
0.896875 0.9125 7592
0.896875 0.9125 7612
0.896875 0.9125 7632
0.896875 0.9125 7652
0.896875 0.9125 7672
0.89375 0.9 7692
0.89375 0.90625 7712
0.89375 0.909375 7732
0.89375 0.9125 7752
0.89375 0.9125 7772
0.89375 0.9125 7792
0.89375 0.9125 7812
0.89375 0.9125 7832
0.89375 0.915625 7852
0.89375 0.915625 7872
0.89375 0.915625 7892
0.89375 0.91875 7912
0.89375 0.91875 7932
0.89375 0.91875 7952
0.89375 0.91875 7972
0.89375 0.91875 7992
0.89375 0.91875 8012
0.890625 0.91875 8032
0.890625 0.915625 8052
0.890625 0.91875 8072
0.890625 0.91875 8092
0.8875 0.91875 8112
0.89375 0.915625 8132
0.89375 0.909375 8152
0.89375 0.909375 8172
0.89375 0.909375 8192
0.89375 0.909375 8212
0.89375 0.909375 8232
0.89375 0.9125 8252
0.890625 0.925 8272
0.890625 0.91875 8292
0.8875 0.925 8312
0.8875 0.925 8332
0.8875 0.921875 8352
0.8875 0.9125 8372
0.8875 0.9125 8392
0.8875 0.9125 8412
0.8875 0.9125 8432
0.890625 0.9125 8452
0.89375 0.9125 8472
0.896875 0.909375 8492
0.896875 0.90625 8512
0.896875 0.90625 8532
0.896875 0.909375 8552
0.896875 0.909375 8572
0.896875 0.909375 8592
0.896875 0.9125 8612
0.896875 0.90625 8632
0.896875 0.903125 8652
0.896875 0.90625 8672
0.896875 0.903125 8692
0.9 0.90625 8712
0.9 0.90625 8732
0.9 0.90625 8752
0.9 0.90625 8772
0.9 0.90625 8792
0.9 0.90625 8812
0.9 0.90625 8832
0.9 0.90625 8852
0.9 0.90625 8872
0.9 0.90625 8892
0.9 0.90625 8912
0.9 0.90625 8932
0.9 0.90625 8944
0.9 0.90625 8956
0.9 0.90625 8968
0.9 0.90625 8980
0.9 0.90625 8992
0.9 0.90625 9004
0.9 0.90625 9016
0.9 0.909375 9028
0.9 0.909375 9040
0.9 0.909375 9052
0.9 0.909375 9064
0.9 0.909375 9076
0.9 0.9125 9088
0.9 0.9125 9100
0.9 0.9125 9112
0.9 0.9125 9124
0.9 0.9125 9136
0.9 0.9125 9148
0.9 0.9125 9160
0.9 0.9125 9172
0.9 0.9125 9184
0.9 0.9125 9196
0.9 0.9125 9208
0.9 0.9125 9220
0.9 0.9125 9232
0.9 0.9125 9244
0.9 0.9125 9256
0.9 0.9125 9268
0.9 0.9125 9280
0.9 0.9125 9292
0.9 0.9125 9304
0.9 0.9125 9316
0.9 0.915625 9328
0.896875 0.91875 9340
0.896875 0.91875 9352
0.896875 0.91875 9364
0.896875 0.91875 9376
0.9 0.91875 9388
0.9 0.91875 9400
0.9 0.91875 9412
0.9 0.91875 9424
0.9 0.91875 9436
0.896875 0.91875 9448
0.896875 0.91875 9460
0.896875 0.91875 9472
0.896875 0.91875 9484
0.896875 0.91875 9496
0.896875 0.915625 9508
0.896875 0.9125 9520
0.896875 0.90625 9532
0.896875 0.903125 9544
0.909375 0.925 9556
0.91875 0.925 9568
0.91875 0.925 9580
0.91875 0.925 9592
0.91875 0.925 9604
0.91875 0.925 9616
0.915625 0.925 9628
0.915625 0.925 9640
0.915625 0.925 9652
0.915625 0.925 9664
0.915625 0.925 9676
0.915625 0.925 9688
0.915625 0.925 9700
0.9125 0.925 9712
0.9125 0.925 9724
0.9125 0.925 9736
0.91875 0.925 9748
0.925 0.925 9760
0.925 0.925 9772
0.925 0.925 9784
0.925 0.925 9796
0.925 0.925 9808
0.925 0.925 9820
0.925 0.925 9832
0.925 0.925 9844
0.925 0.925 9856
0.925 0.925 9868
0.925 0.925 9880
0.925 0.925 9892
0.925 0.925 9904
0.925 0.925 9916
0.925 0.91875 9928
0.925 0.91875 9940
0.925 0.91875 9952
0.928125 0.925 9964
0.928125 0.925 9976
0.928125 0.925 9988
0.928125 0.925 10000
0.928125 0.925 10012
0.928125 0.925 10024
0.928125 0.925 10036
0.925 0.91875 10048
0.925 0.925 10060
0.91875 0.925 10072
0.91875 0.925 10084
0.91875 0.925 10096
0.91875 0.925 10108
0.91875 0.925 10120
0.91875 0.925 10132
0.91875 0.925 10144
0.91875 0.925 10156
0.91875 0.925 10168
0.91875 0.925 10180
0.91875 0.925 10192
0.91875 0.925 10204
0.91875 0.925 10216
0.91875 0.925 10228
0.915625 0.925 10240
0.915625 0.925 10252
0.915625 0.925 10264
0.915625 0.925 10276
0.915625 0.925 10288
0.915625 0.925 10300
0.915625 0.925 10312
0.915625 0.925 10324
0.915625 0.925 10336
0.915625 0.925 10348
0.915625 0.925 10360
0.915625 0.925 10372
0.915625 0.925 10384
0.915625 0.91875 10396
0.915625 0.91875 10408
0.915625 0.925 10420
0.915625 0.925 10432
0.915625 0.925 10444
0.915625 0.925 10456
0.915625 0.925 10468
0.915625 0.925 10480
0.915625 0.925 10492
0.915625 0.925 10504
0.915625 0.925 10516
0.915625 0.925 10528
0.91875 0.925 10540
0.91875 0.925 10552
0.91875 0.925 10564
0.91875 0.925 10576
0.91875 0.925 10588
0.91875 0.925 10600
0.91875 0.925 10612
0.91875 0.925 10624
0.91875 0.925 10636
0.91875 0.925 10648
0.91875 0.925 10660
0.91875 0.925 10672
0.91875 0.925 10684
0.91875 0.925 10696
0.91875 0.925 10708
0.91875 0.925 10720
0.91875 0.925 10732
0.91875 0.925 10744
0.91875 0.925 10756
0.91875 0.925 10762
0.91875 0.925 10768
0.91875 0.925 10774
0.91875 0.925 10780
0.91875 0.925 10786
0.91875 0.925 10792
0.91875 0.925 10798
0.91875 0.925 10804
0.91875 0.925 10810
0.91875 0.925 10816
0.91875 0.925 10822
0.91875 0.925 10828
0.915625 0.925 10834
0.915625 0.925 10840
0.915625 0.925 10846
0.915625 0.925 10852
0.915625 0.925 10858
0.915625 0.925 10864
0.915625 0.925 10870
0.915625 0.925 10876
0.915625 0.925 10882
0.915625 0.925 10888
0.915625 0.925 10894
0.915625 0.925 10900
0.915625 0.925 10906
0.915625 0.925 10912
0.915625 0.925 10918
0.915625 0.925 10924
0.915625 0.925 10930
0.915625 0.925 10936
0.915625 0.925 10942
0.915625 0.925 10948
0.915625 0.925 10954
0.915625 0.925 10960
0.915625 0.925 10966
0.915625 0.925 10972
0.915625 0.925 10978
0.915625 0.925 10984
0.915625 0.925 10990
0.915625 0.925 10996
0.915625 0.925 11002
0.915625 0.925 11008
0.915625 0.925 11014
0.915625 0.925 11020
0.915625 0.925 11026
0.915625 0.925 11032
0.915625 0.925 11038
0.915625 0.925 11044
0.915625 0.925 11050
0.915625 0.921875 11056
0.915625 0.91875 11062
0.915625 0.91875 11068
0.915625 0.91875 11074
0.915625 0.91875 11080
0.915625 0.91875 11086
0.915625 0.9125 11092
0.915625 0.9125 11098
0.915625 0.9125 11104
0.915625 0.9125 11110
0.915625 0.9125 11116
0.915625 0.9125 11122
0.915625 0.9125 11128
0.915625 0.9125 11134
0.915625 0.9125 11140
0.915625 0.9125 11146
0.915625 0.9125 11152
0.915625 0.9125 11158
0.915625 0.91875 11164
0.915625 0.91875 11170
0.915625 0.91875 11176
0.91875 0.9125 11182
0.91875 0.9125 11188
0.91875 0.9125 11194
0.91875 0.9125 11200
0.91875 0.9125 11206
0.91875 0.9125 11212
0.91875 0.9125 11218
0.921875 0.9125 11224
0.921875 0.9125 11230
0.921875 0.9125 11236
0.921875 0.9125 11242
0.921875 0.9125 11248
0.921875 0.9125 11254
0.921875 0.9125 11260
0.921875 0.90625 11266
0.921875 0.90625 11272
0.921875 0.90625 11278
0.921875 0.90625 11284
0.921875 0.90625 11290
0.921875 0.90625 11296
0.921875 0.90625 11302
0.921875 0.90625 11308
0.921875 0.90625 11314
0.921875 0.90625 11320
0.921875 0.90625 11326
0.921875 0.90625 11332
0.921875 0.90625 11338
0.921875 0.90625 11344
0.921875 0.90625 11350
0.921875 0.909375 11356
0.921875 0.9125 11362
0.921875 0.9125 11368
0.921875 0.9125 11374
0.921875 0.9125 11380
0.921875 0.9125 11386
0.921875 0.9125 11392
0.921875 0.9125 11398
0.921875 0.9125 11404
0.921875 0.9125 11410
0.921875 0.9125 11416
0.921875 0.9125 11422
0.921875 0.9125 11428
0.921875 0.90625 11434
0.921875 0.90625 11440
0.921875 0.90625 11446
0.921875 0.90625 11452
0.921875 0.90625 11458
0.921875 0.90625 11464
0.921875 0.90625 11470
0.921875 0.90625 11476
0.921875 0.90625 11482
0.921875 0.90625 11488
0.921875 0.90625 11494
0.921875 0.909375 11500
0.921875 0.9 11506
0.921875 0.9 11512
0.921875 0.90625 11518
0.921875 0.90625 11524
0.921875 0.90625 11530
0.921875 0.90625 11536
0.921875 0.90625 11542
0.921875 0.90625 11548
0.921875 0.90625 11554
0.921875 0.90625 11560
0.921875 0.90625 11566
0.921875 0.90625 11572
0.921875 0.90625 11578
0.921875 0.90625 11584
0.921875 0.90625 11590
0.91875 0.90625 11596
0.91875 0.90625 11602
0.91875 0.90625 11608
0.91875 0.90625 11614
0.91875 0.90625 11620
0.91875 0.90625 11626
0.91875 0.90625 11632
0.91875 0.90625 11638
0.91875 0.90625 11644
0.91875 0.90625 11650
0.91875 0.90625 11656
0.91875 0.90625 11662
0.91875 0.90625 11668
0.91875 0.90625 11674
0.915625 0.90625 11680
0.915625 0.90625 11686
0.915625 0.90625 11692
0.915625 0.9 11698
0.915625 0.9 11704
0.915625 0.9 11710
0.915625 0.9 11716
0.915625 0.9 11722
0.915625 0.9 11728
0.915625 0.89375 11734
0.915625 0.89375 11740
0.915625 0.89375 11746
0.915625 0.89375 11752
0.915625 0.89375 11758
0.915625 0.89375 11764
0.915625 0.89375 11770
0.915625 0.89375 11776
0.915625 0.89375 11782
0.915625 0.89375 11788
0.915625 0.89375 11794
0.915625 0.89375 11800
0.915625 0.89375 11806
0.915625 0.89375 11812
0.915625 0.89375 11818
0.915625 0.89375 11824
0.915625 0.89375 11830
0.915625 0.89375 11836
0.915625 0.89375 11842
0.915625 0.89375 11848
0.915625 0.89375 11854
0.915625 0.89375 11860
0.915625 0.9 11866
0.915625 0.9 11872
0.915625 0.9 11878
0.915625 0.9 11884
0.915625 0.9 11890
0.915625 0.9 11896
0.915625 0.89375 11902
0.915625 0.89375 11908
0.915625 0.89375 11914
0.915625 0.89375 11920
0.915625 0.89375 11926
0.915625 0.9 11932
0.915625 0.9 11938
0.915625 0.9 11944
0.915625 0.9 11950
0.915625 0.9 11956
0.915625 0.9 11962
0.915625 0.9 11968
0.915625 0.89375 11974
0.915625 0.89375 11980
0.915625 0.89375 11986
0.915625 0.89375 11992
0.915625 0.89375 11998
0.915625 0.89375 12004
0.915625 0.89375 12010
0.915625 0.89375 12016
0.915625 0.89375 12022
0.915625 0.89375 12028
0.915625 0.89375 12034
0.915625 0.89375 12040
0.915625 0.89375 12046
0.915625 0.89375 12052
0.915625 0.89375 12058
0.915625 0.89375 12064
0.915625 0.89375 12070
0.915625 0.89375 12076
0.915625 0.89375 12082
0.915625 0.89375 12088
0.915625 0.89375 12094
0.915625 0.89375 12100
0.915625 0.89375 12106
0.915625 0.89375 12112
0.915625 0.89375 12118
0.915625 0.89375 12124
0.915625 0.89375 12130
0.915625 0.89375 12136
0.915625 0.89375 12142
0.915625 0.89375 12148
0.915625 0.89375 12154
0.915625 0.89375 12160
0.915625 0.89375 12166
0.915625 0.89375 12172
0.915625 0.89375 12178
0.915625 0.89375 12184
0.915625 0.89375 12190
0.915625 0.89375 12196
0.915625 0.89375 12202
0.915625 0.89375 12208
0.915625 0.89375 12214
0.9125 0.89375 12220
0.9125 0.89375 12226
0.9125 0.89375 12232
0.9125 0.89375 12238
0.9125 0.89375 12244
0.9125 0.89375 12246
0.9125 0.89375 12248
0.9125 0.89375 12250
0.9125 0.89375 12252
0.9125 0.89375 12254
0.9125 0.89375 12256
0.9125 0.89375 12258
0.9125 0.89375 12260
0.9125 0.89375 12262
0.9125 0.89375 12264
0.9125 0.89375 12266
0.9125 0.89375 12268
0.9125 0.89375 12270
0.9125 0.89375 12272
0.9125 0.89375 12274
0.9125 0.89375 12276
0.9125 0.89375 12278
0.9125 0.89375 12280
0.9125 0.89375 12282
0.9125 0.89375 12284
0.9125 0.89375 12286
0.9125 0.89375 12288
0.9125 0.89375 12290
0.9125 0.89375 12292
0.9125 0.89375 12294
0.9125 0.89375 12296
0.9125 0.89375 12298
0.9125 0.89375 12300
0.9125 0.89375 12302
0.9125 0.89375 12304
0.9125 0.89375 12306
0.9125 0.89375 12308
0.9125 0.89375 12310
0.9125 0.89375 12312
0.9125 0.89375 12314
0.9125 0.89375 12316
0.9125 0.89375 12318
0.9125 0.89375 12320
0.9125 0.89375 12322
0.9125 0.89375 12324
0.9125 0.89375 12326
0.9125 0.89375 12328
0.9125 0.89375 12330
0.9125 0.89375 12332
0.9125 0.89375 12334
0.9125 0.89375 12336
0.9125 0.89375 12338
0.9125 0.89375 12340
0.9125 0.89375 12342
0.9125 0.89375 12344
0.9125 0.89375 12346
0.9125 0.89375 12348
0.9125 0.89375 12350
0.9125 0.89375 12352
0.9125 0.89375 12354
0.9125 0.89375 12356
0.9125 0.89375 12358
0.9125 0.89375 12360
0.9125 0.89375 12362
0.9125 0.89375 12364
0.9125 0.89375 12366
0.9125 0.89375 12368
0.9125 0.9 12370
0.9125 0.9 12372
0.9125 0.9 12374
0.9125 0.9 12376
0.9125 0.9 12378
0.9125 0.9 12380
0.9125 0.9 12382
0.9125 0.9 12384
0.9125 0.89375 12386
0.9125 0.89375 12388
0.9125 0.89375 12390
0.9125 0.89375 12392
0.9125 0.89375 12394
0.9125 0.89375 12396
0.9125 0.89375 12398
0.9125 0.89375 12400
0.9125 0.89375 12402
0.9125 0.89375 12404
0.9125 0.89375 12406
0.9125 0.89375 12408
0.915625 0.89375 12410
0.915625 0.89375 12412
0.915625 0.89375 12414
0.915625 0.89375 12416
0.915625 0.89375 12418
0.915625 0.89375 12420
0.915625 0.89375 12422
0.915625 0.89375 12424
0.915625 0.89375 12426
0.915625 0.9 12428
0.915625 0.9 12430
0.915625 0.9 12432
0.915625 0.9 12434
0.915625 0.9 12436
0.915625 0.9 12438
0.915625 0.9 12440
0.915625 0.9 12442
0.915625 0.9 12444
0.915625 0.9 12446
0.915625 0.9 12448
0.915625 0.9 12450
0.915625 0.9 12452
0.915625 0.9 12454
0.915625 0.9 12456
0.915625 0.9 12458
0.915625 0.9 12460
0.915625 0.9 12462
0.915625 0.9 12464
0.915625 0.9 12466
0.915625 0.9 12468
0.915625 0.9 12470
0.915625 0.9 12472
0.915625 0.9 12474
0.915625 0.9 12476
0.915625 0.9 12478
0.915625 0.9 12480
0.915625 0.9 12482
0.915625 0.9 12484
0.915625 0.9 12486
0.915625 0.9 12488
0.915625 0.9 12490
0.915625 0.9 12492
0.915625 0.9 12494
0.915625 0.9 12496
0.915625 0.9 12498
0.915625 0.9 12500
0.915625 0.9 12502
0.915625 0.9 12504
0.915625 0.9 12506
0.915625 0.9 12508
0.915625 0.9 12510
0.915625 0.9 12512
0.915625 0.9 12514
0.915625 0.9 12516
0.915625 0.9 12518
0.915625 0.9 12520
0.915625 0.9 12522
0.915625 0.9 12524
0.915625 0.9 12526
0.915625 0.9 12528
0.915625 0.9 12530
0.915625 0.9 12532
0.915625 0.9 12534
0.915625 0.9 12536
0.915625 0.9 12538
0.915625 0.9 12540
0.915625 0.9 12542
0.915625 0.9 12544
0.915625 0.9 12546
0.915625 0.9 12548
0.915625 0.9 12550
0.915625 0.9 12552
0.915625 0.9 12554
0.915625 0.90625 12556
0.915625 0.90625 12558
0.915625 0.90625 12560
0.915625 0.90625 12562
0.915625 0.90625 12564
0.915625 0.90625 12566
0.915625 0.90625 12568
0.915625 0.90625 12570
0.915625 0.90625 12572
0.915625 0.90625 12574
0.915625 0.90625 12576
0.915625 0.90625 12578
0.915625 0.90625 12580
0.915625 0.90625 12582
0.915625 0.90625 12584
0.915625 0.90625 12586
0.915625 0.90625 12588
0.915625 0.90625 12590
0.915625 0.90625 12592
0.915625 0.90625 12594
0.915625 0.90625 12596
0.915625 0.90625 12598
0.915625 0.90625 12600
0.915625 0.90625 12602
0.915625 0.90625 12604
0.915625 0.90625 12606
0.915625 0.90625 12608
0.915625 0.90625 12610
0.915625 0.9 12612
0.915625 0.9 12614
0.915625 0.9 12616
0.915625 0.9 12618
0.915625 0.9 12620
0.915625 0.9 12622
0.915625 0.90625 12624
0.915625 0.90625 12626
0.915625 0.90625 12628
0.915625 0.90625 12630
0.915625 0.90625 12632
0.915625 0.90625 12634
0.915625 0.9 12636
0.915625 0.9 12638
0.915625 0.9 12640
0.915625 0.9 12642
0.915625 0.9 12644
0.915625 0.9 12646
0.915625 0.9 12648
0.915625 0.9 12650
0.915625 0.9 12652
0.915625 0.9 12654
0.915625 0.9 12656
0.915625 0.9 12658
0.915625 0.9 12660
0.915625 0.9 12662
0.915625 0.9 12664
0.915625 0.9 12666
0.915625 0.9 12668
0.915625 0.9 12670
0.915625 0.9 12672
0.915625 0.9 12674
0.915625 0.9 12676
0.915625 0.9 12678
0.915625 0.9 12680
0.915625 0.9 12682
0.915625 0.9 12684
0.915625 0.9 12686
0.915625 0.9 12688
0.915625 0.9 12690
0.915625 0.9 12692
0.915625 0.9 12694
0.915625 0.9 12696
0.915625 0.9 12698
0.915625 0.89375 12700
0.915625 0.89375 12702
0.915625 0.89375 12704
0.915625 0.89375 12706
0.915625 0.89375 12708
0.915625 0.89375 12710
0.915625 0.89375 12712
0.915625 0.89375 12714
0.915625 0.89375 12716
0.915625 0.89375 12718
0.915625 0.89375 12720
0.915625 0.89375 12722
0.915625 0.89375 12724
0.915625 0.9 12726
0.915625 0.9 12728
0.915625 0.9 12730
0.915625 0.9 12732
0.915625 0.9 12734
0.915625 0.9 12736
0.915625 0.9 12738
0.915625 0.9 12740
0.915625 0.9 12742
0.915625 0.9 12744
0.915625 0.9 12746
0.915625 0.9 12748
0.915625 0.9 12750
0.915625 0.9 12752
0.915625 0.9 12754
0.915625 0.9 12756
0.915625 0.9 12758
0.915625 0.9 12760
0.915625 0.9 12762
0.915625 0.9 12764
0.915625 0.9 12766
0.915625 0.9 12768
0.915625 0.9 12770
0.915625 0.9 12772
0.915625 0.90625 12774
0.915625 0.90625 12776
0.915625 0.90625 12778
0.915625 0.90625 12780
0.915625 0.90625 12782
0.915625 0.90625 12784
0.915625 0.90625 12786
0.915625 0.90625 12788
0.915625 0.90625 12790
0.915625 0.90625 12792
0.915625 0.90625 12794
0.915625 0.90625 12796
0.915625 0.90625 12798
0.915625 0.90625 12800
0.915625 0.90625 12802
0.915625 0.90625 12804
0.915625 0.90625 12806
0.915625 0.90625 12808
0.915625 0.90625 12810
0.915625 0.90625 12812
0.915625 0.90625 12814
0.915625 0.90625 12816
0.915625 0.90625 12818
0.915625 0.9 12820
0.915625 0.9 12822
0.915625 0.9 12824
0.915625 0.9 12826
0.915625 0.9 12828
0.915625 0.9 12830
0.915625 0.9 12832
0.915625 0.9 12834
0.91875 0.9 12836
0.91875 0.9 12838
0.91875 0.9 12840
0.91875 0.9 12842
0.91875 0.9 12844
0.91875 0.9 12846
0.91875 0.9 12848
0.91875 0.9 12850
0.91875 0.9 12852
0.91875 0.9 12854
0.91875 0.9 12856
0.91875 0.9 12858
0.91875 0.90625 12860
0.91875 0.90625 12862
0.91875 0.90625 12864
0.91875 0.90625 12866
0.91875 0.90625 12868
0.91875 0.90625 12870
0.91875 0.90625 12872
0.91875 0.90625 12874
0.91875 0.90625 12876
0.91875 0.90625 12878
0.91875 0.90625 12880
0.91875 0.90625 12882
0.91875 0.90625 12884
0.91875 0.90625 12886
0.91875 0.90625 12888
0.91875 0.90625 12890
0.91875 0.90625 12892
0.91875 0.90625 12894
0.91875 0.90625 12896
0.91875 0.90625 12898
0.91875 0.90625 12900
0.91875 0.90625 12902
0.91875 0.90625 12904
0.91875 0.90625 12906
0.91875 0.90625 12908
0.91875 0.90625 12910
0.91875 0.90625 12912
0.91875 0.90625 12914
0.91875 0.90625 12916
0.91875 0.90625 12918
0.91875 0.90625 12920
0.91875 0.90625 12922
0.91875 0.90625 12924
0.91875 0.90625 12926
0.91875 0.90625 12928
0.91875 0.90625 12930
0.91875 0.90625 12932
0.91875 0.90625 12934
0.91875 0.90625 12936
0.91875 0.90625 12938
0.91875 0.90625 12940
0.91875 0.90625 12942
0.91875 0.90625 12944
0.91875 0.90625 12946
0.91875 0.90625 12948
0.91875 0.90625 12950
0.91875 0.90625 12952
0.91875 0.9 12954
0.91875 0.90625 12956
0.91875 0.90625 12958
0.91875 0.90625 12960
0.91875 0.90625 12962
0.91875 0.9 12964
0.91875 0.9 12966
0.91875 0.9 12968
0.91875 0.9 12970
0.91875 0.9 12972
0.91875 0.9 12974
0.91875 0.9 12976
0.91875 0.9 12978
0.91875 0.9 12980
0.91875 0.9 12982
0.91875 0.9 12984
0.91875 0.9 12986
0.91875 0.9 12988
0.91875 0.9 12990
0.91875 0.9 12992
0.91875 0.9 12994
0.91875 0.9 12996
0.91875 0.90625 12998
0.91875 0.9 13000
0.91875 0.9 13002
0.91875 0.9 13004
0.91875 0.9 13006
0.91875 0.9 13008
0.91875 0.9 13010
0.91875 0.9 13012
0.91875 0.9 13014
0.91875 0.9 13016
0.91875 0.9 13018
0.91875 0.9 13020
0.91875 0.9 13022
0.91875 0.9 13024
0.91875 0.9 13026
0.91875 0.9 13028
0.91875 0.9 13030
0.91875 0.9 13032
0.91875 0.9 13034
0.91875 0.9 13036
0.91875 0.9 13038
0.91875 0.9 13040
0.91875 0.9 13042
0.91875 0.9 13044
0.91875 0.9 13046
0.91875 0.9 13048
0.91875 0.9 13050
0.91875 0.9 13052
0.91875 0.9 13054
0.91875 0.9 13056
0.91875 0.9 13058
0.91875 0.9 13060
0.91875 0.89375 13062
0.91875 0.8875 13064
0.91875 0.8875 13066
0.91875 0.8875 13068
0.91875 0.8875 13070
0.91875 0.8875 13072
0.91875 0.8875 13074
0.91875 0.8875 13076
0.91875 0.8875 13078
0.91875 0.8875 13080
0.91875 0.8875 13082
0.91875 0.8875 13084
0.91875 0.8875 13086
0.91875 0.8875 13088
0.91875 0.8875 13090
0.91875 0.8875 13092
0.91875 0.8875 13094
0.91875 0.8875 13096
0.91875 0.8875 13098
0.91875 0.8875 13100
0.91875 0.8875 13102
0.91875 0.8875 13104
0.91875 0.8875 13106
0.91875 0.8875 13108
0.91875 0.8875 13110
0.91875 0.8875 13112
0.91875 0.8875 13114
0.91875 0.8875 13116
0.91875 0.8875 13118
0.91875 0.8875 13120
0.91875 0.8875 13122
0.91875 0.8875 13124
0.91875 0.8875 13126
0.91875 0.8875 13128
0.91875 0.8875 13130
0.91875 0.8875 13132
0.91875 0.8875 13134
0.91875 0.8875 13136
0.91875 0.8875 13138
0.91875 0.8875 13140
0.91875 0.8875 13142
0.91875 0.8875 13144
0.91875 0.8875 13146
0.91875 0.8875 13148
0.91875 0.8875 13150
0.91875 0.8875 13152
0.91875 0.8875 13154
0.91875 0.8875 13156
0.91875 0.8875 13158
0.91875 0.8875 13160
0.91875 0.8875 13162
0.91875 0.8875 13164
0.91875 0.8875 13166
0.91875 0.8875 13168
0.91875 0.8875 13170
0.91875 0.8875 13172
0.91875 0.8875 13174
0.91875 0.8875 13176
0.91875 0.8875 13178
0.91875 0.8875 13180
0.91875 0.8875 13182
0.91875 0.8875 13184
0.91875 0.8875 13186
0.91875 0.8875 13188
0.91875 0.8875 13190
0.91875 0.8875 13192
0.91875 0.8875 13194
0.91875 0.8875 13196
0.91875 0.8875 13198
0.91875 0.8875 13200
0.91875 0.8875 13202
0.91875 0.8875 13204
0.91875 0.8875 13206
0.915625 0.8875 13208
0.9125 0.8875 13210
0.9125 0.8875 13212
0.9125 0.8875 13214
0.9125 0.8875 13216
0.9125 0.8875 13218
0.9125 0.89375 13220
0.9125 0.89375 13222
0.9125 0.89375 13224
0.9125 0.89375 13226
0.9125 0.89375 13228
0.9125 0.89375 13230
0.9125 0.89375 13232
0.9125 0.89375 13234
0.9125 0.89375 13236
0.9125 0.89375 13238
0.9125 0.89375 13240
0.9125 0.89375 13242
0.9125 0.89375 13244
0.9125 0.89375 13246
0.9125 0.89375 13248
0.9125 0.89375 13250
0.9125 0.89375 13252
0.9125 0.89375 13254
0.9125 0.89375 13256
0.9125 0.89375 13258
0.9125 0.89375 13260
0.9125 0.89375 13262
0.9125 0.89375 13264
0.9125 0.89375 13266
0.9125 0.89375 13268
0.9125 0.89375 13270
0.9125 0.89375 13272
0.9125 0.89375 13274
0.9125 0.89375 13276
0.9125 0.89375 13278
0.9125 0.89375 13280
0.9125 0.89375 13282
0.9125 0.89375 13284
0.9125 0.89375 13286
0.9125 0.89375 13288
0.9125 0.89375 13290
0.9125 0.89375 13292
0.9125 0.89375 13294
0.9125 0.89375 13296
0.9125 0.89375 13298
0.9125 0.89375 13300
0.9125 0.89375 13302
0.9125 0.89375 13304
0.9125 0.9 13306
0.9125 0.9 13308
0.9125 0.9 13310
0.9125 0.9 13312
0.9125 0.9 13314
0.9125 0.9 13316
0.9125 0.9 13318
0.9125 0.9 13320
0.9125 0.9 13322
0.9125 0.9 13324
0.9125 0.9 13326
0.9125 0.9 13328
0.9125 0.9 13330
0.9125 0.9 13332
0.9125 0.9 13334
0.9125 0.9 13336
0.9125 0.9 13338
0.9125 0.9 13340
0.9125 0.9 13342
0.9125 0.9 13344
0.9125 0.9 13346
0.9125 0.9 13348
0.9125 0.9 13350
0.9125 0.9 13352
0.9125 0.9 13354
0.9125 0.9 13356
0.9125 0.9 13358
0.9125 0.9 13360
0.9125 0.9 13362
0.9125 0.9 13364
0.9125 0.9 13366
0.9125 0.9 13368
0.9125 0.9 13370
0.9125 0.9 13372
0.9125 0.9 13374
0.9125 0.9 13376
0.9125 0.9 13378
0.9125 0.9 13380
0.9125 0.9 13382
0.9125 0.9 13384
0.9125 0.9 13386
0.9125 0.9 13388
0.9125 0.9 13390
0.9125 0.89375 13392
0.9125 0.89375 13392
0.9125 0.89375 13392
0.9125 0.89375 13392
0.9125 0.89375 13392
0.9125 0.89375 13392
0.9125 0.89375 13392
0.9125 0.89375 13392
0.9125 0.89375 13392
0.9125 0.89375 13392
0.9125 0.89375 13392
0.9125 0.89375 13392
0.9125 0.89375 13392
0.9125 0.89375 13392
0.9125 0.89375 13392
0.9125 0.89375 13392
0.9125 0.89375 13392
0.9125 0.89375 13392
0.9125 0.89375 13392
0.9125 0.89375 13392
0.9125 0.89375 13392
0.9125 0.89375 13392
0.9125 0.89375 13392
0.9125 0.89375 13392
0.9125 0.89375 13392
0.9125 0.89375 13392
0.9125 0.89375 13392
0.9125 0.89375 13392
0.9125 0.89375 13392
0.9125 0.89375 13392
0.9125 0.89375 13392
0.9125 0.89375 13392
0.9125 0.89375 13392
0.9125 0.89375 13392
0.9125 0.89375 13392
0.9125 0.89375 13392
0.9125 0.89375 13392
0.9125 0.89375 13392
0.9125 0.89375 13392
0.9125 0.89375 13392
0.9125 0.89375 13392
0.9125 0.89375 13392
0.9125 0.89375 13392
0.9125 0.89375 13392
0.9125 0.89375 13392
0.9125 0.89375 13392
0.9125 0.89375 13392
0.9125 0.89375 13392
0.9125 0.89375 13392
0.9125 0.9 13392
0.9125 0.9 13392
0.9125 0.9 13392
0.9125 0.9 13392
0.9125 0.9 13392
0.9125 0.9 13392
0.9125 0.9 13392
0.9125 0.9 13392
0.9125 0.9 13392
0.9125 0.9 13392
0.9125 0.9 13392
0.9125 0.9 13392
0.9125 0.9 13392
0.9125 0.9 13392
0.9125 0.9 13392
0.9125 0.9 13392
0.9125 0.9 13392
0.9125 0.9 13392
0.9125 0.9 13392
0.9125 0.9 13392
0.9125 0.9 13392
0.9125 0.9 13392
0.9125 0.9 13392
0.9125 0.9 13392
0.9125 0.9 13392
0.9125 0.9 13392
0.9125 0.9 13392
0.9125 0.9 13392
0.9125 0.9 13392
0.9125 0.9 13392
0.9125 0.9 13392
0.9125 0.9 13392
0.9125 0.9 13392
0.9125 0.9 13392
0.9125 0.9 13392
0.9125 0.9 13392
0.9125 0.9 13392
0.9125 0.9 13392
0.9125 0.9 13392
0.9125 0.9 13392
0.9125 0.9 13392
0.9125 0.9 13392
0.9125 0.9 13392
0.9125 0.9 13392
0.9125 0.9 13392
0.9125 0.9 13392
0.9125 0.9 13392
0.9125 0.9 13392
0.9125 0.9 13392
0.9125 0.9 13392
0.9125 0.9 13392
0.9125 0.9 13392
0.9125 0.9 13392
0.9125 0.9 13392
0.9125 0.9 13392
0.9125 0.9 13392
0.9125 0.9 13392
0.9125 0.9 13392
0.9125 0.9 13392
0.9125 0.9 13392
0.9125 0.9 13392
0.9125 0.9 13392
0.9125 0.9 13392
0.9125 0.9 13392
0.9125 0.9 13392
0.9125 0.9 13392
0.9125 0.9 13392
0.9125 0.9 13392
0.9125 0.9 13392
0.9125 0.9 13392
0.9125 0.9 13392
0.9125 0.9 13392
0.9125 0.9 13392
0.9125 0.9 13392
0.9125 0.9 13392
0.9125 0.9 13392
0.9125 0.9 13392
0.9125 0.9 13392
0.9125 0.9 13392
0.9125 0.9 13392
0.9125 0.9 13392
0.9125 0.9 13392
0.9125 0.9 13392
0.9125 0.9 13392
0.9125 0.9 13392
0.9125 0.89375 13392
0.9125 0.89375 13392
0.9125 0.89375 13392
0.9125 0.89375 13392
0.9125 0.89375 13392
0.9125 0.89375 13392
0.9125 0.89375 13392
0.9125 0.89375 13392
0.9125 0.89375 13392
0.9125 0.89375 13392
0.9125 0.89375 13392
0.9125 0.89375 13392
0.9125 0.89375 13392
0.9125 0.89375 13392
0.9125 0.89375 13392
0.9125 0.89375 13392
0.9125 0.89375 13392
0.9125 0.89375 13392
0.9125 0.89375 13392
0.9125 0.89375 13392
0.9125 0.89375 13392
0.9125 0.89375 13392
0.9125 0.89375 13392
0.9125 0.89375 13392
0.9125 0.89375 13392
0.9125 0.89375 13392
0.9125 0.89375 13392
0.9125 0.89375 13392
0.9125 0.89375 13392
0.9125 0.89375 13392
0.9125 0.89375 13392
0.9125 0.89375 13392
0.9125 0.89375 13392
0.9125 0.89375 13392
0.9125 0.89375 13392
0.9125 0.89375 13392
0.9125 0.89375 13392
0.9125 0.89375 13392
0.9125 0.89375 13392
0.9125 0.89375 13392
0.9125 0.89375 13392
0.9125 0.89375 13392
0.9125 0.89375 13392
0.9125 0.89375 13392
0.9125 0.89375 13392
0.9125 0.89375 13392
0.9125 0.89375 13392
0.9125 0.89375 13392
0.9125 0.89375 13392
0.9125 0.89375 13392
0.9125 0.89375 13392
0.9125 0.89375 13392
0.9125 0.89375 13392
0.9125 0.89375 13392
0.9125 0.89375 13392
0.9125 0.89375 13392
0.9125 0.89375 13392
0.9125 0.89375 13392
0.9125 0.89375 13392
0.9125 0.89375 13392
0.9125 0.89375 13392
0.9125 0.89375 13392
0.9125 0.89375 13392
0.9125 0.89375 13392
0.9125 0.89375 13392
0.9125 0.89375 13392
0.9125 0.89375 13392
0.9125 0.890625 13392
0.9125 0.8875 13392
0.9125 0.8875 13392
0.9125 0.8875 13392
0.9125 0.8875 13392
0.9125 0.8875 13392
0.9125 0.8875 13392
0.9125 0.8875 13392
0.9125 0.8875 13392
0.9125 0.8875 13392
0.9125 0.8875 13392
0.9125 0.8875 13392
0.9125 0.8875 13392
0.9125 0.8875 13392
0.9125 0.8875 13392
0.9125 0.8875 13392
0.9125 0.8875 13392
0.9125 0.8875 13392
0.9125 0.8875 13392
0.9125 0.8875 13392
0.9125 0.8875 13392
0.9125 0.8875 13392
0.9125 0.8875 13392
0.9125 0.8875 13392
0.9125 0.8875 13392
0.9125 0.8875 13392
0.9125 0.8875 13392
0.9125 0.8875 13392
0.9125 0.8875 13392
0.9125 0.8875 13392
0.9125 0.8875 13392
0.9125 0.8875 13392
0.9125 0.8875 13392
0.9125 0.8875 13392
0.9125 0.8875 13392
0.9125 0.8875 13392
0.9125 0.8875 13392
0.9125 0.8875 13392
0.9125 0.8875 13392
0.9125 0.8875 13392
0.9125 0.8875 13392
0.9125 0.8875 13392
0.9125 0.8875 13392
0.9125 0.8875 13392
0.9125 0.8875 13392
0.9125 0.8875 13392
0.9125 0.8875 13392
0.9125 0.8875 13392
0.9125 0.8875 13392
0.9125 0.8875 13392
0.9125 0.8875 13392
0.9125 0.8875 13392
0.9125 0.8875 13392
0.9125 0.8875 13392
0.9125 0.8875 13392
0.9125 0.88125 13392
0.9125 0.88125 13392
0.9125 0.88125 13392
0.9125 0.88125 13392
0.9125 0.88125 13392
0.9125 0.88125 13392
0.9125 0.88125 13392
0.9125 0.88125 13392
0.9125 0.88125 13392
0.9125 0.88125 13392
0.9125 0.88125 13392
0.9125 0.88125 13392
0.9125 0.88125 13392
0.9125 0.88125 13392
0.9125 0.88125 13392
0.9125 0.88125 13392
0.9125 0.88125 13392
0.9125 0.88125 13392
0.9125 0.88125 13392
0.9125 0.88125 13392
0.9125 0.88125 13392
0.9125 0.88125 13392
0.9125 0.88125 13392
0.9125 0.88125 13392
0.9125 0.88125 13392
0.9125 0.88125 13392
0.9125 0.88125 13392
0.9125 0.88125 13392
0.9125 0.88125 13392
0.9125 0.88125 13392
0.9125 0.88125 13392
0.9125 0.88125 13392
0.9125 0.88125 13392
0.9125 0.88125 13392
0.9125 0.88125 13392
0.9125 0.88125 13392
0.9125 0.88125 13392
0.9125 0.88125 13392
0.9125 0.88125 13392
0.9125 0.88125 13392
0.9125 0.88125 13392
0.9125 0.88125 13392
0.9125 0.88125 13392
0.9125 0.88125 13392
0.9125 0.88125 13392
0.9125 0.88125 13392
0.9125 0.88125 13392
0.9125 0.88125 13392
0.9125 0.88125 13392
0.9125 0.88125 13392
0.9125 0.88125 13392
0.9125 0.88125 13392
0.9125 0.88125 13392
0.9125 0.88125 13392
0.9125 0.88125 13392
0.9125 0.88125 13392
0.9125 0.88125 13392
0.9125 0.88125 13392
0.9125 0.88125 13392
0.9125 0.88125 13392
0.9125 0.88125 13392
0.9125 0.88125 13392
0.9125 0.88125 13392
0.9125 0.88125 13392
0.9125 0.88125 13392
0.9125 0.88125 13392
0.9125 0.88125 13392
0.9125 0.88125 13392
0.9125 0.88125 13392
0.9125 0.88125 13392
0.9125 0.88125 13392
0.9125 0.88125 13392
0.9125 0.88125 13392
0.9125 0.88125 13392
0.9125 0.88125 13392
0.9125 0.88125 13392
0.9125 0.88125 13392
0.9125 0.88125 13392
0.9125 0.88125 13392
0.9125 0.88125 13392
0.9125 0.88125 13392
0.9125 0.88125 13392
0.9125 0.88125 13392
0.9125 0.88125 13392
0.9125 0.88125 13392
0.9125 0.88125 13392
0.9125 0.88125 13392
0.9125 0.88125 13392
0.9125 0.88125 13392
0.9125 0.88125 13392
0.9125 0.88125 13392
0.9125 0.88125 13392
0.9125 0.88125 13392
0.9125 0.878125 13392
0.9125 0.875 13392
0.9125 0.871875 13392
0.9125 0.86875 13392
0.9125 0.86875 13392
0.9125 0.86875 13392
0.9125 0.86875 13392
0.9125 0.86875 13392
0.9125 0.86875 13392
0.9125 0.86875 13392
0.9125 0.86875 13392
0.9125 0.86875 13392
0.9125 0.86875 13392
0.9125 0.86875 13392
0.9125 0.86875 13392
0.9125 0.86875 13392
0.9125 0.86875 13392
0.9125 0.86875 13392
0.9125 0.86875 13392
0.9125 0.86875 13392
0.9125 0.86875 13392
0.9125 0.86875 13392
0.9125 0.86875 13392
0.9125 0.86875 13392
0.9125 0.86875 13392
0.9125 0.86875 13392
0.9125 0.86875 13392
0.9125 0.86875 13392
0.9125 0.86875 13392
0.9125 0.86875 13392
0.9125 0.86875 13392
0.9125 0.86875 13392
0.9125 0.86875 13392
0.9125 0.86875 13392
0.9125 0.86875 13392
0.9125 0.86875 13392
0.9125 0.86875 13392
0.9125 0.86875 13392
0.9125 0.86875 13392
0.9125 0.86875 13392
0.9125 0.86875 13392
0.9125 0.86875 13392
0.9125 0.86875 13392
0.9125 0.86875 13392
0.9125 0.86875 13392
0.9125 0.86875 13392
0.9125 0.86875 13392
0.9125 0.86875 13392
0.9125 0.86875 13392
0.9125 0.86875 13392
0.9125 0.86875 13392
0.9125 0.86875 13392
0.9125 0.86875 13392
0.9125 0.86875 13392
0.9125 0.86875 13392
0.9125 0.86875 13392
0.9125 0.86875 13392
0.9125 0.86875 13392
0.9125 0.86875 13392
0.9125 0.86875 13392
0.9125 0.86875 13392
0.9125 0.86875 13392
0.9125 0.86875 13392
0.9125 0.86875 13392
0.9125 0.86875 13392
0.9125 0.86875 13392
0.9125 0.86875 13392
0.9125 0.86875 13392
0.9125 0.86875 13392
0.9125 0.86875 13392
0.9125 0.86875 13392
0.9125 0.86875 13392
0.9125 0.86875 13392
0.9125 0.86875 13392
0.9125 0.86875 13392
0.9125 0.86875 13392
0.9125 0.86875 13392
0.9125 0.86875 13392
0.9125 0.86875 13392
0.9125 0.86875 13392
0.9125 0.86875 13392
0.9125 0.86875 13392
0.9125 0.86875 13392
0.9125 0.86875 13392
0.9125 0.86875 13392
0.9125 0.86875 13392
0.9125 0.86875 13392
0.9125 0.86875 13392
0.9125 0.86875 13392
0.9125 0.86875 13392
0.9125 0.86875 13392
0.9125 0.86875 13392
0.9125 0.86875 13392
0.9125 0.86875 13392
0.9125 0.86875 13392
0.9125 0.86875 13392
0.9125 0.86875 13392
0.9125 0.86875 13392
0.9125 0.86875 13392
0.9125 0.86875 13392
0.9125 0.86875 13392
0.9125 0.875 13392
0.9125 0.875 13392
0.9125 0.875 13392
0.9125 0.875 13392
0.9125 0.875 13392
0.9125 0.875 13392
0.9125 0.875 13392
0.9125 0.875 13392
0.9125 0.875 13392
0.9125 0.875 13392
0.9125 0.875 13392
0.9125 0.875 13392
0.9125 0.875 13392
0.9125 0.875 13392
0.9125 0.875 13392
0.9125 0.875 13392
0.9125 0.875 13392
0.9125 0.875 13392
0.9125 0.875 13392
0.9125 0.875 13392
0.9125 0.875 13392
0.9125 0.875 13392
0.9125 0.875 13392
0.9125 0.875 13392
0.9125 0.875 13392
0.9125 0.875 13392
0.9125 0.875 13392
0.9125 0.875 13392
0.9125 0.875 13392
0.9125 0.875 13392
0.9125 0.875 13392
0.9125 0.875 13392
0.9125 0.875 13392
0.9125 0.875 13392
0.9125 0.875 13392
0.9125 0.875 13392
0.9125 0.875 13392
0.9125 0.875 13392
0.9125 0.875 13392
0.9125 0.875 13392
0.9125 0.875 13392
0.9125 0.875 13392
0.9125 0.875 13392
0.9125 0.875 13392
0.9125 0.875 13392
0.9125 0.875 13392
0.9125 0.875 13392
0.9125 0.875 13392
0.9125 0.875 13392
0.9125 0.875 13392
0.9125 0.875 13392
0.9125 0.875 13392
0.9125 0.875 13392
0.9125 0.875 13392
0.9125 0.875 13392
0.9125 0.875 13392
0.9125 0.875 13392
0.9125 0.875 13392
0.9125 0.875 13392
0.9125 0.875 13392
0.9125 0.875 13392
0.9125 0.875 13392
0.9125 0.875 13392
0.9125 0.875 13392
0.9125 0.875 13392
0.9125 0.875 13392
0.9125 0.875 13392
0.9125 0.875 13392
0.9125 0.875 13392
0.9125 0.875 13392
0.9125 0.875 13392
0.9125 0.875 13392
0.9125 0.875 13392
0.9125 0.875 13392
0.9125 0.875 13392
0.9125 0.875 13392
0.9125 0.875 13392
0.9125 0.875 13392
0.9125 0.875 13392
0.9125 0.875 13392
0.9125 0.875 13392
0.9125 0.875 13392
0.9125 0.875 13392
0.9125 0.875 13392
0.9125 0.875 13392
0.9125 0.875 13392
0.9125 0.875 13392
0.9125 0.875 13392
0.9125 0.875 13392
0.9125 0.875 13392
0.9125 0.875 13392
0.9125 0.875 13392
0.9125 0.875 13392
0.9125 0.875 13392
0.9125 0.875 13392
0.9125 0.875 13392
0.9125 0.875 13392
0.9125 0.875 13392
0.9125 0.875 13392
0.9125 0.875 13392
0.9125 0.875 13392
0.9125 0.875 13392
0.9125 0.875 13392
0.9125 0.875 13392
0.9125 0.875 13392
0.9125 0.875 13392
0.9125 0.875 13392
0.9125 0.875 13392
0.9125 0.875 13392
0.9125 0.875 13392
0.9125 0.875 13392
0.9125 0.875 13392
0.9125 0.875 13392
0.9125 0.875 13392
0.9125 0.875 13392
0.9125 0.875 13392
0.9125 0.875 13392
0.9125 0.875 13392
0.9125 0.875 13392
0.9125 0.875 13392
0.9125 0.875 13392
0.9125 0.875 13392
0.9125 0.875 13392
0.9125 0.875 13392
0.9125 0.875 13392
0.9125 0.875 13392
0.9125 0.875 13392
0.9125 0.875 13392
0.9125 0.875 13392
0.9125 0.875 13392
0.9125 0.875 13392
0.9125 0.875 13392
0.9125 0.875 13392
0.9125 0.875 13392
0.9125 0.875 13392
0.9125 0.875 13392
0.9125 0.875 13392
0.9125 0.875 13392
0.9125 0.875 13392
0.9125 0.875 13392
0.9125 0.875 13392
0.9125 0.875 13392
0.9125 0.875 13392
0.9125 0.875 13392
0.9125 0.875 13392
0.9125 0.875 13392
0.9125 0.875 13392
0.9125 0.875 13392
0.9125 0.875 13392
0.9125 0.875 13392
0.9125 0.875 13392
0.9125 0.875 13392
0.9125 0.875 13392
0.9125 0.875 13392
0.9125 0.875 13392
0.9125 0.875 13392
0.9125 0.875 13392
0.9125 0.875 13392
0.9125 0.875 13392
0.9125 0.875 13392
0.9125 0.875 13392
0.9125 0.875 13392
0.9125 0.875 13392
0.9125 0.875 13392
0.9125 0.875 13392
0.9125 0.875 13392
0.9125 0.875 13392
0.9125 0.875 13392
0.9125 0.875 13392
0.9125 0.875 13392
0.9125 0.875 13392
0.9125 0.875 13392
0.9125 0.875 13392
0.9125 0.875 13392
0.9125 0.875 13392
0.9125 0.875 13392
0.9125 0.875 13392
0.9125 0.875 13392
0.9125 0.875 13392
0.9125 0.875 13392
0.9125 0.875 13392
0.9125 0.875 13392
0.9125 0.875 13392
0.9125 0.875 13392
0.9125 0.875 13392
0.9125 0.875 13392
0.9125 0.875 13392
0.9125 0.875 13392
0.9125 0.875 13392
0.9125 0.875 13392
0.9125 0.875 13392
0.9125 0.875 13392
0.9125 0.875 13392
0.9125 0.875 13392
0.9125 0.875 13392
0.9125 0.875 13392
0.9125 0.875 13392
0.9125 0.875 13392
0.9125 0.875 13392
0.9125 0.875 13392
0.9125 0.875 13392
0.9125 0.875 13392
0.9125 0.875 13392
0.9125 0.875 13392
0.9125 0.875 13392
0.9125 0.875 13392
0.9125 0.875 13392
0.9125 0.875 13392
0.9125 0.875 13392
0.9125 0.875 13392
0.9125 0.875 13392
0.9125 0.875 13392
0.9125 0.875 13392
0.9125 0.875 13392
0.9125 0.875 13392
0.9125 0.875 13392
0.9125 0.875 13392
0.9125 0.875 13392
0.9125 0.875 13392
0.9125 0.875 13392
0.9125 0.875 13392
0.9125 0.875 13392
0.9125 0.875 13392
0.9125 0.875 13392
0.9125 0.875 13392
0.9125 0.875 13392
0.9125 0.875 13392
0.9125 0.875 13392
0.9125 0.875 13392
0.9125 0.875 13392
0.9125 0.875 13392
0.9125 0.875 13392
0.9125 0.875 13392
0.9125 0.875 13392
0.9125 0.875 13392
0.9125 0.875 13392
0.9125 0.875 13392
0.9125 0.875 13392
0.9125 0.875 13392
0.9125 0.875 13392
0.9125 0.875 13392
0.9125 0.875 13392
0.9125 0.875 13392
0.9125 0.875 13392
0.9125 0.875 13392
0.9125 0.875 13392
0.9125 0.875 13392
0.9125 0.875 13392
0.9125 0.875 13392
0.9125 0.875 13392
0.9125 0.875 13392
0.9125 0.875 13392
0.9125 0.875 13392
0.9125 0.875 13392
0.9125 0.875 13392
0.9125 0.875 13392
0.9125 0.875 13392
0.9125 0.875 13392
0.9125 0.875 13392
0.9125 0.875 13392
0.9125 0.875 13392
0.9125 0.875 13392
0.9125 0.875 13392
0.9125 0.875 13392
0.9125 0.875 13392
0.9125 0.875 13392
0.9125 0.875 13392
0.9125 0.875 13392
0.9125 0.875 13392
0.9125 0.875 13392
0.9125 0.875 13392
0.9125 0.875 13392
0.9125 0.875 13392
0.9125 0.875 13392
0.9125 0.875 13392
0.9125 0.875 13392
0.9125 0.875 13392
0.9125 0.875 13392
0.9125 0.875 13392
0.9125 0.875 13392
0.9125 0.875 13392
0.9125 0.875 13392
0.9125 0.875 13392
0.9125 0.875 13392
0.9125 0.875 13392
0.9125 0.875 13392
0.9125 0.875 13392
0.9125 0.875 13392
0.9125 0.875 13392
0.9125 0.875 13392
0.9125 0.875 13392
0.9125 0.875 13392
0.9125 0.88125 13392
0.9125 0.88125 13392
0.9125 0.88125 13392
0.9125 0.88125 13392
0.9125 0.88125 13392
0.9125 0.88125 13392
0.9125 0.88125 13392
0.9125 0.88125 13392
0.9125 0.88125 13392
0.9125 0.875 13392
0.9125 0.86875 13392
0.9125 0.86875 13392
0.9125 0.86875 13392
0.9125 0.86875 13392
0.9125 0.86875 13392
0.9125 0.86875 13392
0.9125 0.86875 13392
0.9125 0.86875 13392
0.9125 0.86875 13392
0.9125 0.86875 13392
0.9125 0.86875 13392
0.9125 0.86875 13392
0.9125 0.86875 13392
0.9125 0.86875 13392
0.9125 0.86875 13392
0.9125 0.86875 13392
0.9125 0.86875 13392
0.9125 0.86875 13392
0.9125 0.86875 13392
0.9125 0.86875 13392
0.9125 0.86875 13392
0.9125 0.86875 13392
0.9125 0.86875 13392
0.9125 0.86875 13392
0.9125 0.86875 13392
0.9125 0.86875 13392
0.9125 0.86875 13392
0.9125 0.86875 13392
0.9125 0.86875 13392
0.9125 0.86875 13392
0.9125 0.86875 13392
0.9125 0.86875 13392
0.9125 0.86875 13392
0.9125 0.86875 13392
0.9125 0.86875 13392
0.9125 0.86875 13392
0.9125 0.86875 13392
0.9125 0.86875 13392
0.9125 0.86875 13392
0.9125 0.86875 13392
0.9125 0.86875 13392
0.9125 0.86875 13392
0.9125 0.86875 13392
0.9125 0.8625 13392
0.9125 0.8625 13392
0.9125 0.8625 13392
0.9125 0.8625 13392
0.9125 0.8625 13392
0.9125 0.8625 13392
0.9125 0.8625 13392
0.9125 0.8625 13392
0.9125 0.85625 13392
0.9125 0.85625 13392
0.9125 0.85625 13392
0.9125 0.85625 13392
0.9125 0.85625 13392
0.9125 0.85625 13392
0.9125 0.85625 13392
0.9125 0.85 13392
0.9125 0.85 13392
0.9125 0.85 13392
0.9125 0.85 13392
0.9125 0.85 13392
0.9125 0.85 13392
0.9125 0.85 13392
0.9125 0.85 13392
0.9125 0.85 13392
0.9125 0.85 13392
0.9125 0.85 13392
0.9125 0.85 13392
0.9125 0.85 13392
0.9125 0.85 13392
0.9125 0.85 13392
0.9125 0.85 13392
0.9125 0.85 13392
0.9125 0.85 13392
0.9125 0.85 13392
0.9125 0.85 13392
0.9125 0.85 13392
0.9125 0.85 13392
0.9125 0.85 13392
0.9125 0.85 13392
0.9125 0.85 13392
0.9125 0.85 13392
0.9125 0.85 13392
0.9125 0.85 13392
0.9125 0.85 13392
0.9125 0.85 13392
0.9125 0.85 13392
0.9125 0.853125 13392
0.9125 0.85625 13392
0.9125 0.85625 13392
0.9125 0.85625 13392
0.9125 0.85625 13392
0.9125 0.85625 13392
0.9125 0.85625 13392
0.9125 0.85625 13392
0.9125 0.85625 13392
0.9125 0.85625 13392
0.9125 0.85625 13392
0.9125 0.85625 13392
0.9125 0.85625 13392
0.9125 0.85625 13392
0.9125 0.85625 13392
0.9125 0.85625 13392
0.9125 0.85625 13392
0.9125 0.85625 13392
0.9125 0.85625 13392
0.9125 0.85625 13392
0.9125 0.85625 13392
0.9125 0.85625 13392
0.9125 0.85625 13392
0.9125 0.85625 13392
0.9125 0.85625 13392
0.9125 0.85625 13392
0.9125 0.85625 13392
0.9125 0.85625 13392
0.9125 0.85625 13392
0.9125 0.85625 13392
0.9125 0.85625 13392
0.9125 0.85625 13392
0.9125 0.85625 13392
0.9125 0.85625 13392
0.9125 0.85625 13392
0.9125 0.85625 13392
0.9125 0.85625 13392
0.9125 0.85625 13392
0.9125 0.85625 13392
0.9125 0.85625 13392
0.9125 0.85625 13392
0.9125 0.85625 13392
0.9125 0.85625 13392
0.9125 0.85625 13392
0.9125 0.85625 13392
0.9125 0.85625 13392
0.9125 0.85625 13392
0.9125 0.85625 13392
0.9125 0.85625 13392
0.9125 0.85625 13392
0.9125 0.85625 13392
0.9125 0.85625 13392
0.9125 0.85625 13392
0.9125 0.85625 13392
0.9125 0.85625 13392
0.9125 0.85625 13392
0.9125 0.85625 13392
0.9125 0.85625 13392
0.9125 0.85625 13392
0.9125 0.85625 13392
0.9125 0.85625 13392
0.9125 0.85625 13392
0.9125 0.85625 13392
0.9125 0.85625 13392
0.9125 0.85 13392
0.9125 0.85 13392
0.9125 0.85 13392
0.9125 0.85 13392
0.9125 0.85 13392
0.9125 0.85 13392
0.9125 0.85 13392
0.9125 0.85 13392
0.9125 0.85 13392
0.9125 0.85 13392
0.9125 0.85 13392
0.9125 0.85 13392
0.9125 0.85 13392
0.9125 0.85 13392
0.9125 0.85 13392
0.9125 0.85 13392
0.9125 0.85 13392
0.9125 0.85 13392
0.9125 0.85 13392
0.9125 0.85 13392
0.9125 0.85 13392
0.9125 0.85 13392
0.9125 0.85 13392
0.9125 0.85 13392
0.9125 0.85 13392
0.9125 0.85 13392
0.9125 0.85 13392
0.9125 0.85 13392
0.9125 0.85 13392
0.9125 0.85 13392
0.9125 0.85 13392
0.9125 0.85 13392
0.9125 0.85 13392
0.9125 0.85 13392
0.9125 0.85 13392
0.9125 0.85 13392
0.9125 0.85 13392
0.9125 0.85 13392
0.9125 0.85 13392
0.9125 0.85 13392
0.9125 0.85 13392
0.9125 0.85 13392
0.9125 0.85 13392
0.9125 0.85 13392
0.9125 0.85 13392
0.9125 0.85 13392
0.9125 0.85 13392
0.9125 0.85 13392
0.9125 0.85 13392
0.9125 0.85 13392
0.9125 0.85 13392
0.9125 0.85 13392
0.9125 0.85 13392
0.9125 0.85 13392
0.9125 0.85 13392
0.9125 0.85 13392
0.9125 0.85 13392
0.9125 0.85 13392
0.9125 0.85 13392
0.9125 0.84375 13392
0.9125 0.84375 13392
0.9125 0.84375 13392
0.9125 0.84375 13392
0.9125 0.84375 13392
0.9125 0.84375 13392
0.9125 0.84375 13392
0.9125 0.84375 13392
0.9125 0.84375 13392
0.9125 0.84375 13392
0.9125 0.84375 13392
0.9125 0.84375 13392
0.9125 0.84375 13392
0.9125 0.84375 13392
0.9125 0.8375 13392
0.9125 0.8375 13392
0.9125 0.8375 13392
0.9125 0.8375 13392
0.9125 0.8375 13392
0.9125 0.8375 13392
0.9125 0.8375 13392
0.9125 0.8375 13392
0.9125 0.8375 13392
0.9125 0.8375 13392
0.9125 0.8375 13392
0.9125 0.8375 13392
0.9125 0.8375 13392
0.9125 0.8375 13392
0.9125 0.8375 13392
0.9125 0.8375 13392
0.9125 0.8375 13392
0.9125 0.8375 13392
0.9125 0.8375 13392
0.9125 0.8375 13392
0.9125 0.8375 13392
0.9125 0.8375 13392
0.9125 0.8375 13392
0.9125 0.8375 13392
0.9125 0.8375 13392
0.9125 0.8375 13392
0.9125 0.8375 13392
0.9125 0.8375 13392
0.9125 0.8375 13392
0.9125 0.8375 13392
0.9125 0.8375 13392
0.9125 0.8375 13392
0.9125 0.8375 13392
0.9125 0.8375 13392
0.9125 0.8375 13392
0.9125 0.8375 13392
0.9125 0.8375 13392
0.9125 0.8375 13392
0.9125 0.8375 13392
0.9125 0.8375 13392
0.9125 0.8375 13392
0.9125 0.8375 13392
0.9125 0.8375 13392
0.9125 0.8375 13392
0.9125 0.8375 13392
0.9125 0.8375 13392
0.9125 0.8375 13392
0.9125 0.8375 13392
0.9125 0.8375 13392
0.9125 0.8375 13392
0.9125 0.8375 13392
0.9125 0.8375 13392
0.9125 0.8375 13392
0.9125 0.8375 13392
0.9125 0.8375 13392
0.9125 0.8375 13392
0.9125 0.8375 13392
0.9125 0.8375 13392
0.9125 0.8375 13392
0.9125 0.8375 13392
0.9125 0.8375 13392
0.9125 0.8375 13392
0.9125 0.8375 13392
0.9125 0.8375 13392
0.9125 0.8375 13392
0.9125 0.8375 13392
0.9125 0.8375 13392
0.9125 0.8375 13392
0.9125 0.8375 13392
0.9125 0.8375 13392
0.9125 0.8375 13392
0.9125 0.8375 13392
0.9125 0.8375 13392
0.9125 0.8375 13392
0.9125 0.8375 13392
0.9125 0.8375 13392
0.9125 0.8375 13392
0.9125 0.8375 13392
0.9125 0.8375 13392
0.9125 0.8375 13392
0.9125 0.8375 13392
0.9125 0.8375 13392
0.9125 0.8375 13392
0.9125 0.8375 13392
0.9125 0.8375 13392
0.9125 0.8375 13392
0.9125 0.8375 13392
0.9125 0.8375 13392
0.9125 0.8375 13392
0.9125 0.8375 13392
0.9125 0.8375 13392
0.9125 0.8375 13392
0.9125 0.8375 13392
0.9125 0.8375 13392
0.9125 0.8375 13392
0.9125 0.8375 13392
0.9125 0.8375 13392
0.9125 0.8375 13392
0.9125 0.8375 13392
0.9125 0.8375 13392
0.9125 0.8375 13392
0.9125 0.8375 13392
0.9125 0.8375 13392
0.9125 0.8375 13392
0.9125 0.8375 13392
0.9125 0.83125 13392
0.9125 0.83125 13392
0.9125 0.83125 13392
0.9125 0.83125 13392
0.9125 0.83125 13392
0.9125 0.83125 13392
0.9125 0.83125 13392
0.9125 0.83125 13392
0.9125 0.83125 13392
0.9125 0.83125 13392
0.9125 0.83125 13392
0.9125 0.83125 13392
0.9125 0.83125 13392
0.9125 0.83125 13392
0.9125 0.83125 13392
0.9125 0.83125 13392
0.9125 0.83125 13392
0.9125 0.83125 13392
0.9125 0.83125 13392
0.9125 0.83125 13392
0.9125 0.83125 13392
0.9125 0.83125 13392
0.9125 0.83125 13392
0.9125 0.83125 13392
0.9125 0.83125 13392
0.9125 0.83125 13392
0.9125 0.83125 13392
0.9125 0.83125 13392
0.9125 0.83125 13392
0.9125 0.83125 13392
0.9125 0.83125 13392
0.9125 0.83125 13392
0.9125 0.83125 13392
0.9125 0.83125 13392
0.9125 0.83125 13392
0.9125 0.83125 13392
0.9125 0.83125 13392
0.9125 0.83125 13392
0.9125 0.83125 13392
0.9125 0.83125 13392
0.9125 0.83125 13392
0.9125 0.83125 13392
0.9125 0.83125 13392
0.9125 0.83125 13392
0.9125 0.83125 13392
0.9125 0.83125 13392
0.9125 0.83125 13392
0.9125 0.83125 13392
0.9125 0.83125 13392
0.9125 0.83125 13392
0.9125 0.83125 13392
0.9125 0.83125 13392
0.9125 0.83125 13392
0.9125 0.828125 13392
0.9125 0.825 13392
0.9125 0.825 13392
0.9125 0.825 13392
0.9125 0.825 13392
0.9125 0.81875 13392
0.9125 0.81875 13392
0.9125 0.81875 13392
0.9125 0.81875 13392
0.9125 0.81875 13392
0.9125 0.81875 13392
0.9125 0.81875 13392
0.9125 0.81875 13392
0.9125 0.81875 13392
0.9125 0.81875 13392
0.9125 0.81875 13392
0.9125 0.81875 13392
0.9125 0.81875 13392
0.9125 0.81875 13392
0.9125 0.81875 13392
0.9125 0.81875 13392
0.9125 0.81875 13392
0.9125 0.81875 13392
0.9125 0.81875 13392
0.9125 0.81875 13392
0.9125 0.81875 13392
0.9125 0.81875 13392
0.9125 0.81875 13392
0.9125 0.81875 13392
0.9125 0.81875 13392
0.9125 0.81875 13392
0.9125 0.81875 13392
0.9125 0.81875 13392
0.9125 0.81875 13392
0.9125 0.81875 13392
0.9125 0.81875 13392
0.9125 0.81875 13392
0.9125 0.81875 13392
0.9125 0.81875 13392
0.9125 0.81875 13392
0.9125 0.81875 13392
0.9125 0.81875 13392
0.9125 0.81875 13392
0.9125 0.81875 13392
0.9125 0.81875 13392
0.9125 0.81875 13392
0.9125 0.81875 13392
0.9125 0.81875 13392
0.9125 0.81875 13392
0.9125 0.81875 13392
0.9125 0.81875 13392
0.9125 0.81875 13392
0.9125 0.81875 13392
0.9125 0.81875 13392
0.9125 0.81875 13392
0.9125 0.81875 13392
0.9125 0.81875 13392
0.9125 0.81875 13392
0.9125 0.81875 13392
0.9125 0.81875 13392
0.9125 0.81875 13392
0.9125 0.81875 13392
0.9125 0.81875 13392
0.9125 0.81875 13392
0.9125 0.81875 13392
0.9125 0.81875 13392
0.9125 0.81875 13392
0.9125 0.8125 13392
0.9125 0.8125 13392
0.9125 0.8125 13392
0.9125 0.8125 13392
0.9125 0.8125 13392
0.9125 0.8125 13392
0.9125 0.8125 13392
0.9125 0.8125 13392
0.9125 0.8125 13392
0.9125 0.8125 13392
0.9125 0.8125 13392
0.9125 0.8125 13392
0.9125 0.8125 13392
0.9125 0.8125 13392
0.9125 0.8125 13392
0.9125 0.8125 13392
0.9125 0.8125 13392
0.9125 0.8125 13392
0.9125 0.8125 13392
0.9125 0.8125 13392
0.9125 0.8125 13392
0.9125 0.8125 13392
0.9125 0.8125 13392
0.9125 0.8125 13392
0.9125 0.8125 13392
0.9125 0.8125 13392
0.9125 0.8125 13392
0.9125 0.8125 13392
0.9125 0.8125 13392
0.9125 0.8125 13392
0.9125 0.8125 13392
0.9125 0.8125 13392
0.9125 0.8125 13392
0.9125 0.8125 13392
0.9125 0.8125 13392
0.9125 0.8125 13392
0.9125 0.8125 13392
0.9125 0.8125 13392
0.9125 0.8125 13392
0.9125 0.8125 13392
0.9125 0.8125 13392
0.9125 0.8125 13392
0.9125 0.8125 13392
0.9125 0.8125 13392
0.9125 0.8125 13392
0.9125 0.8125 13392
0.9125 0.8125 13392
0.9125 0.8125 13392
0.9125 0.8125 13392
0.9125 0.8125 13392
0.9125 0.8125 13392
0.9125 0.8125 13392
0.9125 0.8125 13392
0.9125 0.8125 13392
0.9125 0.8125 13392
0.9125 0.8125 13392
0.9125 0.8125 13392
0.9125 0.8125 13392
0.9125 0.8125 13392
0.9125 0.8125 13392
0.9125 0.8125 13392
0.9125 0.8125 13392
0.9125 0.8125 13392
0.9125 0.8125 13392
0.9125 0.8125 13392
0.9125 0.8125 13392
0.9125 0.8125 13392
0.9125 0.8125 13392
0.9125 0.8125 13392
0.9125 0.8125 13392
0.9125 0.8125 13392
0.9125 0.8125 13392
0.9125 0.8125 13392
0.9125 0.8125 13392
0.9125 0.8125 13392
0.9125 0.8125 13392
0.9125 0.8125 13392
0.9125 0.8125 13392
0.9125 0.8125 13392
0.9125 0.8125 13392
0.9125 0.8125 13392
0.9125 0.8125 13392
0.9125 0.8125 13392
0.9125 0.8125 13392
0.9125 0.8125 13392
0.9125 0.8125 13392
0.9125 0.8125 13392
0.9125 0.8125 13392
0.9125 0.8125 13392
0.9125 0.8125 13392
0.9125 0.8125 13392
0.9125 0.8125 13392
0.9125 0.8125 13392
0.9125 0.8125 13392
0.9125 0.8125 13392
0.9125 0.8125 13392
0.9125 0.8125 13392
0.9125 0.8125 13392
0.9125 0.8125 13392
0.9125 0.8125 13392
0.9125 0.8125 13392
0.9125 0.8125 13392
0.9125 0.8125 13392
0.9125 0.8125 13392
0.9125 0.8125 13392
0.9125 0.8125 13392
0.9125 0.8125 13392
0.9125 0.8125 13392
0.9125 0.8125 13392
0.9125 0.8125 13392
0.9125 0.8125 13392
0.9125 0.8125 13392
0.9125 0.8125 13392
0.9125 0.8125 13392
0.9125 0.8125 13392
0.9125 0.8125 13392
0.9125 0.8125 13392
0.9125 0.8125 13392
0.9125 0.8125 13392
0.9125 0.8125 13392
0.9125 0.8125 13392
0.9125 0.8125 13392
0.9125 0.8125 13392
0.9125 0.8125 13392
0.9125 0.8125 13392
0.9125 0.8125 13392
0.9125 0.8125 13392
0.9125 0.8125 13392
0.9125 0.8125 13392
0.9125 0.8125 13392
0.9125 0.8125 13392
0.9125 0.8125 13392
0.9125 0.8125 13392
0.9125 0.8125 13392
0.9125 0.8125 13392
0.9125 0.8125 13392
0.9125 0.8125 13392
0.9125 0.8125 13392
0.9125 0.8125 13392
0.9125 0.8125 13392
0.9125 0.8125 13392
0.9125 0.8125 13392
0.9125 0.8125 13392
0.9125 0.8125 13392
0.9125 0.8125 13392
0.9125 0.8125 13392
0.9125 0.8125 13392
0.9125 0.8125 13392
0.9125 0.8125 13392
0.9125 0.8125 13392
0.9125 0.8125 13392
0.9125 0.8125 13392
0.9125 0.8125 13392
0.9125 0.8125 13392
0.9125 0.8125 13392
0.9125 0.8125 13392
0.9125 0.8125 13392
0.9125 0.8125 13392
0.9125 0.8125 13392
0.9125 0.8125 13392
0.9125 0.8125 13392
0.9125 0.8125 13392
0.9125 0.8125 13392
0.9125 0.8125 13392
0.9125 0.8125 13392
0.9125 0.8125 13392
0.9125 0.8125 13392
0.9125 0.8125 13392
0.9125 0.8125 13392
0.9125 0.8125 13392
0.9125 0.8125 13392
0.9125 0.8125 13392
0.9125 0.8125 13392
0.9125 0.8125 13392
0.9125 0.8125 13392
0.9125 0.8125 13392
0.9125 0.8125 13392
0.9125 0.8125 13392
0.9125 0.8125 13392
0.9125 0.8125 13392
0.9125 0.8125 13392
0.9125 0.8125 13392
0.9125 0.8125 13392
0.9125 0.8125 13392
0.9125 0.8125 13392
0.9125 0.8125 13392
0.9125 0.8125 13392
0.9125 0.8125 13392
0.9125 0.8125 13392
0.9125 0.8125 13392
0.9125 0.8125 13392
0.9125 0.8125 13392
0.9125 0.8125 13392
0.9125 0.8125 13392
0.9125 0.8125 13392
0.9125 0.81875 13392
0.9125 0.81875 13392
0.9125 0.81875 13392
0.9125 0.81875 13392
0.9125 0.81875 13392
0.9125 0.81875 13392
0.9125 0.81875 13392
0.9125 0.81875 13392
0.9125 0.81875 13392
0.9125 0.81875 13392
0.9125 0.81875 13392
0.9125 0.81875 13392
0.9125 0.81875 13392
0.9125 0.81875 13392
0.9125 0.81875 13392
0.9125 0.81875 13392
0.9125 0.81875 13392
0.9125 0.81875 13392
0.9125 0.81875 13392
0.9125 0.81875 13392
0.9125 0.81875 13392
0.9125 0.81875 13392
0.9125 0.81875 13392
0.9125 0.81875 13392
0.9125 0.81875 13392
0.9125 0.81875 13392
0.9125 0.81875 13392
0.9125 0.81875 13392
0.9125 0.825 13392
0.9125 0.825 13392
0.9125 0.825 13392
0.9125 0.825 13392
0.9125 0.825 13392
0.9125 0.825 13392
0.9125 0.825 13392
0.9125 0.825 13392
0.9125 0.825 13392
0.9125 0.825 13392
0.9125 0.825 13392
0.9125 0.825 13392
0.9125 0.825 13392
0.9125 0.825 13392
0.9125 0.825 13392
0.9125 0.825 13392
0.9125 0.825 13392
0.9125 0.825 13392
0.9125 0.825 13392
0.9125 0.825 13392
0.9125 0.825 13392
0.9125 0.825 13392
0.9125 0.825 13392
0.9125 0.825 13392
0.9125 0.825 13392
0.9125 0.825 13392
0.9125 0.825 13392
0.9125 0.825 13392
0.9125 0.825 13392
0.9125 0.825 13392
0.9125 0.825 13392
0.9125 0.825 13392
0.9125 0.825 13392
0.9125 0.825 13392
0.9125 0.825 13392
0.9125 0.825 13392
0.9125 0.825 13392
0.9125 0.825 13392
0.9125 0.825 13392
0.9125 0.825 13392
0.9125 0.825 13392
0.9125 0.825 13392
0.9125 0.825 13392
0.9125 0.825 13392
0.9125 0.825 13392
0.9125 0.825 13392
0.9125 0.825 13392
0.9125 0.825 13392
0.9125 0.825 13392
0.9125 0.825 13392
0.9125 0.825 13392
0.9125 0.825 13392
0.9125 0.825 13392
0.9125 0.825 13392
0.9125 0.825 13392
0.9125 0.825 13392
0.9125 0.825 13392
0.9125 0.825 13392
0.9125 0.825 13392
0.9125 0.825 13392
0.9125 0.825 13392
0.9125 0.825 13392
0.9125 0.825 13392
0.9125 0.825 13392
0.9125 0.825 13392
0.9125 0.825 13392
0.9125 0.825 13392
0.9125 0.825 13392
0.9125 0.825 13392
0.9125 0.825 13392
0.9125 0.825 13392
0.9125 0.825 13392
0.9125 0.825 13392
0.9125 0.825 13392
0.9125 0.825 13392
0.9125 0.825 13392
0.9125 0.825 13392
0.9125 0.825 13392
0.9125 0.825 13392
0.9125 0.825 13392
0.9125 0.825 13392
0.9125 0.825 13392
0.9125 0.825 13392
0.9125 0.825 13392
0.9125 0.825 13392
0.9125 0.825 13392
0.9125 0.825 13392
0.9125 0.825 13392
0.9125 0.825 13392
0.9125 0.825 13392
0.9125 0.825 13392
0.9125 0.825 13392
0.9125 0.825 13392
0.9125 0.825 13392
0.9125 0.825 13392
0.9125 0.825 13392
0.9125 0.825 13392
0.9125 0.825 13392
0.9125 0.825 13392
0.9125 0.825 13392
0.9125 0.825 13392
0.9125 0.825 13392
0.9125 0.825 13392
0.9125 0.825 13392
0.9125 0.825 13392
0.9125 0.825 13392
0.9125 0.825 13392
0.9125 0.825 13392
0.9125 0.825 13392
0.9125 0.825 13392
0.9125 0.825 13392
0.9125 0.825 13392
0.9125 0.825 13392
0.9125 0.825 13392
0.9125 0.825 13392
0.9125 0.825 13392
0.9125 0.825 13392
0.9125 0.825 13392
0.9125 0.825 13392
0.9125 0.825 13392
0.9125 0.825 13392
0.9125 0.825 13392
0.9125 0.825 13392
0.9125 0.825 13392
0.9125 0.825 13392
0.9125 0.825 13392
0.9125 0.825 13392
0.9125 0.825 13392
0.9125 0.825 13392
0.9125 0.825 13392
0.9125 0.825 13392
0.9125 0.825 13392
0.9125 0.825 13392
0.9125 0.825 13392
0.9125 0.825 13392
0.9125 0.825 13392
0.9125 0.825 13392
0.9125 0.825 13392
0.9125 0.825 13392
0.9125 0.825 13392
0.9125 0.825 13392
0.9125 0.825 13392
0.9125 0.825 13392
0.9125 0.825 13392
0.9125 0.825 13392
0.9125 0.825 13392
0.9125 0.825 13392
0.9125 0.825 13392
0.9125 0.825 13392
0.9125 0.825 13392
0.9125 0.825 13392
0.9125 0.825 13392
0.9125 0.825 13392
0.9125 0.825 13392
0.9125 0.825 13392
0.9125 0.825 13392
0.9125 0.825 13392
0.9125 0.825 13392
0.9125 0.825 13392
0.9125 0.825 13392
0.9125 0.825 13392
0.9125 0.825 13392
0.9125 0.825 13392
0.9125 0.825 13392
0.9125 0.825 13392
0.9125 0.825 13392
0.9125 0.825 13392
0.9125 0.825 13392
0.9125 0.825 13392
0.9125 0.825 13392
0.9125 0.825 13392
0.9125 0.825 13392
0.9125 0.825 13392
0.9125 0.825 13392
0.9125 0.825 13392
0.9125 0.825 13392
0.9125 0.825 13392
0.9125 0.825 13392
0.9125 0.825 13392
0.9125 0.825 13392
0.9125 0.825 13392
0.9125 0.825 13392
0.9125 0.825 13392
0.9125 0.825 13392
0.9125 0.825 13392
0.9125 0.825 13392
0.9125 0.825 13392
0.9125 0.825 13392
0.9125 0.825 13392
0.9125 0.825 13392
0.9125 0.825 13392
0.9125 0.825 13392
0.9125 0.825 13392
0.9125 0.825 13392
0.9125 0.825 13392
0.9125 0.825 13392
0.9125 0.825 13392
0.9125 0.825 13392
0.9125 0.825 13392
0.9125 0.825 13392
0.9125 0.825 13392
0.9125 0.825 13392
0.9125 0.825 13392
0.9125 0.825 13392
0.9125 0.825 13392
0.9125 0.825 13392
0.9125 0.825 13392
0.9125 0.825 13392
0.9125 0.825 13392
0.9125 0.825 13392
0.9125 0.825 13392
0.9125 0.825 13392
0.9125 0.825 13392
0.9125 0.825 13392
0.9125 0.825 13392
0.9125 0.825 13392
0.9125 0.825 13392
0.9125 0.825 13392
0.9125 0.825 13392
0.9125 0.825 13392
0.9125 0.825 13392
0.9125 0.825 13392
0.9125 0.825 13392
0.9125 0.825 13392
0.9125 0.825 13392
0.9125 0.825 13392
0.9125 0.825 13392
0.9125 0.825 13392
0.9125 0.825 13392
0.9125 0.825 13392
0.9125 0.825 13392
0.9125 0.825 13392
0.9125 0.825 13392
0.9125 0.825 13392
0.9125 0.825 13392
0.9125 0.825 13392
0.9125 0.825 13392
0.9125 0.825 13392
0.9125 0.825 13392
0.9125 0.825 13392
0.9125 0.825 13392
0.9125 0.825 13392
0.9125 0.825 13392
0.9125 0.825 13392
0.9125 0.825 13392
0.9125 0.825 13392
0.9125 0.825 13392
0.9125 0.825 13392
0.9125 0.825 13392
0.9125 0.825 13392
0.9125 0.825 13392
0.9125 0.825 13392
0.9125 0.825 13392
0.9125 0.825 13392
0.9125 0.825 13392
0.9125 0.825 13392
0.9125 0.825 13392
0.9125 0.825 13392
0.9125 0.825 13392
0.9125 0.825 13392
0.9125 0.825 13392
0.9125 0.825 13392
0.9125 0.825 13392
0.9125 0.825 13392
0.9125 0.825 13392
0.9125 0.825 13392
0.9125 0.825 13392
0.9125 0.825 13392
0.9125 0.825 13392
0.9125 0.825 13392
0.9125 0.825 13392
0.9125 0.825 13392
0.9125 0.825 13392
0.9125 0.825 13392
0.9125 0.825 13392
0.9125 0.825 13392
0.9125 0.825 13392
0.9125 0.825 13392
0.9125 0.825 13392
0.9125 0.825 13392
0.9125 0.825 13392
0.9125 0.825 13392
0.9125 0.825 13392
0.9125 0.83125 13392
0.9125 0.83125 13392
0.9125 0.83125 13392
0.9125 0.83125 13392
0.9125 0.83125 13392
0.9125 0.83125 13392
0.9125 0.83125 13392
0.9125 0.83125 13392
0.9125 0.83125 13392
0.9125 0.83125 13392
0.9125 0.83125 13392
0.9125 0.83125 13392
0.9125 0.83125 13392
0.9125 0.83125 13392
0.9125 0.83125 13392
0.9125 0.83125 13392
0.9125 0.83125 13392
0.9125 0.83125 13392
0.9125 0.83125 13392
0.9125 0.8375 13392
0.9125 0.8375 13392
0.9125 0.8375 13392
0.9125 0.8375 13392
0.9125 0.8375 13392
0.9125 0.8375 13392
0.9125 0.8375 13392
0.9125 0.8375 13392
0.9125 0.8375 13392
0.9125 0.8375 13392
0.9125 0.8375 13392
0.9125 0.8375 13392
0.9125 0.8375 13392
0.9125 0.8375 13392
0.9125 0.8375 13392
0.9125 0.8375 13392
0.9125 0.8375 13392
0.9125 0.8375 13392
0.9125 0.84375 13392
0.9125 0.84375 13392
0.9125 0.84375 13392
0.9125 0.84375 13392
0.9125 0.84375 13392
0.9125 0.84375 13392
0.9125 0.84375 13392
0.9125 0.84375 13392
0.9125 0.84375 13392
0.9125 0.84375 13392
0.9125 0.84375 13392
0.9125 0.84375 13392
0.9125 0.84375 13392
0.9125 0.84375 13392
0.9125 0.84375 13392
0.9125 0.84375 13392
0.9125 0.84375 13392
0.9125 0.84375 13392
0.9125 0.84375 13392
0.9125 0.84375 13392
0.9125 0.84375 13392
0.9125 0.84375 13392
0.9125 0.84375 13392
0.9125 0.84375 13392
0.9125 0.84375 13392
0.9125 0.84375 13392
0.9125 0.84375 13392
0.9125 0.84375 13392
0.9125 0.84375 13392
0.9125 0.84375 13392
0.9125 0.84375 13392
0.9125 0.84375 13392
0.9125 0.84375 13392
0.9125 0.84375 13392
0.9125 0.8375 13392
0.9125 0.8375 13392
0.9125 0.8375 13392
0.9125 0.8375 13392
0.9125 0.8375 13392
0.9125 0.8375 13392
0.9125 0.8375 13392
0.9125 0.8375 13392
0.9125 0.8375 13392
0.9125 0.8375 13392
0.9125 0.8375 13392
0.9125 0.8375 13392
0.9125 0.8375 13392
0.9125 0.8375 13392
0.9125 0.8375 13392
0.9125 0.8375 13392
0.9125 0.8375 13392
0.9125 0.8375 13392
0.9125 0.8375 13392
0.9125 0.8375 13392
0.9125 0.8375 13392
0.9125 0.8375 13392
0.9125 0.8375 13392
0.9125 0.8375 13392
0.9125 0.8375 13392
0.9125 0.8375 13392
0.9125 0.8375 13392
0.9125 0.8375 13392
0.9125 0.8375 13392
0.9125 0.84375 13392
0.9125 0.84375 13392
0.9125 0.84375 13392
0.9125 0.84375 13392
0.9125 0.84375 13392
0.9125 0.84375 13392
0.9125 0.84375 13392
0.9125 0.84375 13392
0.9125 0.84375 13392
0.9125 0.84375 13392
0.9125 0.84375 13392
0.9125 0.84375 13392
0.9125 0.84375 13392
0.9125 0.84375 13392
0.9125 0.84375 13392
0.9125 0.84375 13392
0.9125 0.84375 13392
0.9125 0.84375 13392
0.9125 0.84375 13392
0.9125 0.84375 13392
0.9125 0.84375 13392
0.9125 0.84375 13392
0.9125 0.84375 13392
0.9125 0.84375 13392
0.9125 0.84375 13392
0.9125 0.84375 13392
0.9125 0.84375 13392
0.9125 0.84375 13392
0.9125 0.84375 13392
0.9125 0.84375 13392
0.9125 0.84375 13392
0.9125 0.84375 13392
0.9125 0.84375 13392
0.9125 0.84375 13392
0.9125 0.84375 13392
0.9125 0.84375 13392
0.9125 0.84375 13392
0.9125 0.84375 13392
0.9125 0.84375 13392
0.9125 0.84375 13392
0.9125 0.84375 13392
0.9125 0.84375 13392
0.9125 0.84375 13392
0.9125 0.84375 13392
0.9125 0.84375 13392
0.9125 0.84375 13392
0.9125 0.84375 13392
0.9125 0.84375 13392
0.9125 0.84375 13392
0.9125 0.84375 13392
0.9125 0.84375 13392
0.9125 0.84375 13392
0.9125 0.84375 13392
0.9125 0.84375 13392
0.9125 0.84375 13392
0.9125 0.84375 13392
0.9125 0.84375 13392
0.9125 0.84375 13392
0.9125 0.84375 13392
0.9125 0.84375 13392
0.9125 0.84375 13392
0.9125 0.84375 13392
0.9125 0.84375 13392
0.9125 0.84375 13392
0.9125 0.84375 13392
0.9125 0.84375 13392
0.9125 0.84375 13392
0.9125 0.84375 13392
0.9125 0.84375 13392
0.9125 0.84375 13392
0.9125 0.84375 13392
0.9125 0.84375 13392
0.9125 0.84375 13392
0.9125 0.84375 13392
0.9125 0.84375 13392
0.9125 0.84375 13392
0.9125 0.84375 13392
0.9125 0.84375 13392
0.9125 0.84375 13392
0.9125 0.84375 13392
0.9125 0.84375 13392
0.9125 0.84375 13392
0.9125 0.84375 13392
0.9125 0.84375 13392
0.9125 0.84375 13392
0.9125 0.85 13392
0.9125 0.85 13392
0.9125 0.85 13392
0.9125 0.85 13392
0.9125 0.84375 13392
0.9125 0.84375 13392
0.9125 0.84375 13392
0.9125 0.84375 13392
0.9125 0.84375 13392
0.9125 0.84375 13392
0.9125 0.8375 13392
0.9125 0.8375 13392
0.9125 0.8375 13392
0.9125 0.8375 13392
0.9125 0.8375 13392
0.9125 0.8375 13392
0.9125 0.8375 13392
0.9125 0.8375 13392
0.9125 0.8375 13392
0.9125 0.8375 13392
0.9125 0.8375 13392
0.9125 0.8375 13392
0.9125 0.8375 13392
0.9125 0.8375 13392
0.9125 0.8375 13392
0.9125 0.8375 13392
0.9125 0.8375 13392
0.9125 0.8375 13392
0.9125 0.8375 13392
0.9125 0.8375 13392
0.9125 0.8375 13392
0.9125 0.8375 13392
0.9125 0.8375 13392
0.9125 0.8375 13392
0.9125 0.8375 13392
0.9125 0.8375 13392
0.9125 0.8375 13392
0.9125 0.8375 13392
0.9125 0.8375 13392
0.9125 0.8375 13392
0.9125 0.8375 13392
0.9125 0.8375 13392
0.9125 0.8375 13392
0.9125 0.83125 13392
0.9125 0.83125 13392
0.9125 0.83125 13392
0.9125 0.83125 13392
0.9125 0.83125 13392
0.9125 0.83125 13392
0.9125 0.83125 13392
0.9125 0.83125 13392
0.9125 0.83125 13392
0.9125 0.83125 13392
0.9125 0.83125 13392
0.9125 0.83125 13392
0.9125 0.83125 13392
0.9125 0.83125 13392
0.9125 0.83125 13392
0.9125 0.825 13392
0.9125 0.825 13392
0.9125 0.825 13392
0.9125 0.825 13392
0.9125 0.825 13392
0.9125 0.825 13392
0.9125 0.825 13392
0.9125 0.825 13392
0.9125 0.825 13392
0.9125 0.825 13392
0.9125 0.825 13392
0.9125 0.825 13392
0.9125 0.825 13392
0.9125 0.821875 13392
0.9125 0.81875 13392
0.9125 0.81875 13392
0.9125 0.81875 13392
0.9125 0.81875 13392
0.9125 0.81875 13392
0.9125 0.81875 13392
0.9125 0.81875 13392
0.9125 0.81875 13392
0.9125 0.81875 13392
0.9125 0.81875 13392
0.9125 0.81875 13392
0.9125 0.81875 13392
0.9125 0.81875 13392
0.9125 0.81875 13392
0.9125 0.81875 13392
0.9125 0.81875 13392
0.9125 0.81875 13392
0.9125 0.81875 13392
0.9125 0.81875 13392
0.9125 0.81875 13392
0.9125 0.81875 13392
0.9125 0.81875 13392
0.9125 0.81875 13392
0.9125 0.81875 13392
0.9125 0.81875 13392
0.9125 0.81875 13392
0.9125 0.81875 13392
0.9125 0.81875 13392
0.9125 0.81875 13392
0.9125 0.81875 13392
0.9125 0.81875 13392
0.9125 0.81875 13392
0.9125 0.81875 13392
0.9125 0.81875 13392
0.9125 0.81875 13392
0.9125 0.81875 13392
0.9125 0.81875 13392
0.9125 0.81875 13392
0.9125 0.81875 13392
0.9125 0.81875 13392
0.9125 0.81875 13392
0.9125 0.81875 13392
0.9125 0.81875 13392
0.9125 0.81875 13392
0.9125 0.81875 13392
0.9125 0.81875 13392
0.9125 0.81875 13392
0.9125 0.81875 13392
0.9125 0.81875 13392
0.9125 0.81875 13392
0.9125 0.81875 13392
0.9125 0.81875 13392
0.9125 0.81875 13392
0.9125 0.81875 13392
0.9125 0.81875 13392
0.9125 0.81875 13392
0.9125 0.81875 13392
0.9125 0.81875 13392
0.9125 0.81875 13392
0.9125 0.81875 13392
0.9125 0.81875 13392
0.9125 0.81875 13392
0.9125 0.81875 13392
0.9125 0.81875 13392
0.9125 0.81875 13392
0.9125 0.81875 13392
0.9125 0.81875 13392
0.9125 0.81875 13392
0.9125 0.81875 13392
0.9125 0.81875 13392
0.9125 0.81875 13392
0.9125 0.81875 13392
0.9125 0.81875 13392
0.9125 0.81875 13392
0.9125 0.81875 13392
0.9125 0.81875 13392
0.9125 0.81875 13392
0.9125 0.81875 13392
0.9125 0.81875 13392
0.9125 0.81875 13392
0.9125 0.81875 13392
0.9125 0.81875 13392
0.9125 0.81875 13392
0.9125 0.81875 13392
0.9125 0.81875 13392
0.9125 0.81875 13392
0.9125 0.81875 13392
0.9125 0.81875 13392
0.9125 0.81875 13392
0.9125 0.81875 13392
0.9125 0.81875 13392
0.9125 0.81875 13392
0.9125 0.81875 13392
0.9125 0.81875 13392
0.9125 0.81875 13392
0.9125 0.81875 13392
0.9125 0.81875 13392
0.9125 0.81875 13392
0.9125 0.81875 13392
0.9125 0.81875 13392
0.9125 0.81875 13392
0.9125 0.81875 13392
0.9125 0.81875 13392
0.9125 0.81875 13392
0.9125 0.81875 13392
0.9125 0.81875 13392
0.9125 0.81875 13392
0.9125 0.81875 13392
0.9125 0.825 13392
0.9125 0.825 13392
0.9125 0.825 13392
0.9125 0.825 13392
0.9125 0.825 13392
0.9125 0.825 13392
0.9125 0.825 13392
0.9125 0.825 13392
0.9125 0.825 13392
0.9125 0.825 13392
0.9125 0.825 13392
0.9125 0.825 13392
0.9125 0.825 13392
0.9125 0.825 13392
0.9125 0.825 13392
0.9125 0.825 13392
0.9125 0.825 13392
0.9125 0.825 13392
0.9125 0.825 13392
0.9125 0.825 13392
0.9125 0.825 13392
0.9125 0.825 13392
0.9125 0.825 13392
0.9125 0.825 13392
0.9125 0.825 13392
0.9125 0.825 13392
0.9125 0.825 13392
0.9125 0.825 13392
0.9125 0.825 13392
0.9125 0.825 13392
0.9125 0.825 13392
0.9125 0.825 13392
0.9125 0.825 13392
0.9125 0.825 13392
0.9125 0.825 13392
0.9125 0.825 13392
0.9125 0.825 13392
0.9125 0.825 13392
0.9125 0.825 13392
0.9125 0.825 13392
0.9125 0.825 13392
0.9125 0.825 13392
0.9125 0.825 13392
0.9125 0.825 13392
0.9125 0.825 13392
0.9125 0.825 13392
0.9125 0.825 13392
0.9125 0.825 13392
0.9125 0.825 13392
0.9125 0.825 13392
0.9125 0.825 13392
0.9125 0.825 13392
0.9125 0.825 13392
0.9125 0.825 13392
0.9125 0.825 13392
0.9125 0.825 13392
0.9125 0.825 13392
0.9125 0.825 13392
0.9125 0.825 13392
0.9125 0.825 13392
0.9125 0.825 13392
0.9125 0.825 13392
0.9125 0.825 13392
0.9125 0.825 13392
0.9125 0.825 13392
0.9125 0.825 13392
0.9125 0.825 13392
0.9125 0.825 13392
0.9125 0.825 13392
0.9125 0.825 13392
0.9125 0.825 13392
0.9125 0.825 13392
0.9125 0.825 13392
0.9125 0.825 13392
0.9125 0.825 13392
0.9125 0.825 13392
0.9125 0.825 13392
0.9125 0.828125 13392
0.9125 0.828125 13392
0.9125 0.828125 13392
0.9125 0.828125 13392
0.9125 0.828125 13392
0.9125 0.828125 13392
0.9125 0.828125 13392
0.9125 0.828125 13392
0.9125 0.828125 13392
0.9125 0.828125 13392
0.9125 0.828125 13392
0.9125 0.828125 13392
0.9125 0.828125 13392
0.9125 0.828125 13392
0.9125 0.828125 13392
0.9125 0.828125 13392
0.9125 0.828125 13392
0.9125 0.828125 13392
0.9125 0.828125 13392
0.9125 0.828125 13392
0.9125 0.828125 13392
0.9125 0.828125 13392
0.9125 0.828125 13392
0.9125 0.828125 13392
0.9125 0.828125 13392
0.9125 0.828125 13392
0.9125 0.828125 13392
0.9125 0.828125 13392
0.9125 0.828125 13392
0.9125 0.828125 13392
0.9125 0.828125 13392
0.9125 0.828125 13392
0.9125 0.828125 13392
0.9125 0.828125 13392
0.9125 0.828125 13392
0.9125 0.828125 13392
0.9125 0.83125 13392
0.9125 0.83125 13392
0.9125 0.83125 13392
0.9125 0.83125 13392
0.9125 0.83125 13392
0.9125 0.83125 13392
0.9125 0.83125 13392
0.9125 0.83125 13392
0.9125 0.83125 13392
0.9125 0.83125 13392
0.9125 0.83125 13392
0.9125 0.83125 13392
0.9125 0.8375 13392
0.9125 0.8375 13392
0.9125 0.8375 13392
0.9125 0.8375 13392
0.9125 0.8375 13392
0.9125 0.8375 13392
0.9125 0.8375 13392
0.9125 0.8375 13392
0.9125 0.8375 13392
0.9125 0.8375 13392
0.9125 0.8375 13392
0.9125 0.8375 13392
0.9125 0.8375 13392
0.9125 0.8375 13392
0.9125 0.8375 13392
0.9125 0.8375 13392
0.9125 0.8375 13392
0.9125 0.8375 13392
0.9125 0.8375 13392
0.9125 0.8375 13392
0.9125 0.8375 13392
0.9125 0.8375 13392
0.9125 0.8375 13392
0.9125 0.8375 13392
0.9125 0.8375 13392
0.9125 0.8375 13392
0.9125 0.8375 13392
0.9125 0.8375 13392
0.9125 0.8375 13392
0.9125 0.8375 13392
0.9125 0.8375 13392
0.9125 0.84375 13392
0.9125 0.84375 13392
0.9125 0.84375 13392
0.9125 0.84375 13392
0.9125 0.84375 13392
0.9125 0.84375 13392
0.9125 0.84375 13392
0.9125 0.84375 13392
0.9125 0.84375 13392
0.9125 0.84375 13392
0.9125 0.84375 13392
0.9125 0.84375 13392
0.9125 0.84375 13392
0.9125 0.84375 13392
0.9125 0.84375 13392
0.9125 0.84375 13392
0.9125 0.84375 13392
0.9125 0.84375 13392
0.9125 0.84375 13392
0.9125 0.84375 13392
0.9125 0.84375 13392
0.9125 0.84375 13392
0.9125 0.84375 13392
0.9125 0.84375 13392
0.9125 0.84375 13392
0.9125 0.84375 13392
0.9125 0.84375 13392
0.9125 0.84375 13392
0.9125 0.84375 13392
0.9125 0.84375 13392
0.9125 0.84375 13392
0.9125 0.84375 13392
0.9125 0.84375 13392
0.9125 0.84375 13392
0.9125 0.84375 13392
0.9125 0.84375 13392
0.9125 0.84375 13392
0.9125 0.84375 13392
0.9125 0.84375 13392
0.9125 0.84375 13392
0.9125 0.84375 13392
0.9125 0.84375 13392
0.9125 0.84375 13392
0.9125 0.84375 13392
0.9125 0.84375 13392
0.9125 0.84375 13392
0.9125 0.84375 13392
0.9125 0.84375 13392
0.9125 0.84375 13392
0.9125 0.84375 13392
0.9125 0.84375 13392
0.9125 0.84375 13392
0.9125 0.84375 13392
0.9125 0.84375 13392
0.9125 0.84375 13392
0.9125 0.84375 13392
0.9125 0.84375 13392
0.9125 0.84375 13392
0.9125 0.84375 13392
0.9125 0.84375 13392
0.9125 0.84375 13392
0.9125 0.84375 13392
0.9125 0.84375 13392
0.9125 0.84375 13392
0.9125 0.84375 13392
0.9125 0.84375 13392
0.9125 0.84375 13392
0.9125 0.84375 13392
0.9125 0.84375 13392
0.9125 0.84375 13392
0.9125 0.84375 13392
0.9125 0.84375 13392
0.9125 0.84375 13392
0.9125 0.84375 13392
0.9125 0.84375 13392
0.9125 0.84375 13392
0.9125 0.84375 13392
0.9125 0.84375 13392
0.9125 0.84375 13392
0.9125 0.84375 13392
0.9125 0.84375 13392
0.9125 0.84375 13392
0.9125 0.84375 13392
0.9125 0.84375 13392
0.9125 0.84375 13392
0.9125 0.84375 13392
0.9125 0.84375 13392
0.9125 0.84375 13392
0.9125 0.84375 13392
0.9125 0.84375 13392
0.9125 0.84375 13392
0.9125 0.84375 13392
0.9125 0.84375 13392
0.9125 0.84375 13392
0.9125 0.84375 13392
0.9125 0.84375 13392
0.9125 0.84375 13392
0.9125 0.84375 13392
0.9125 0.85 13392
0.9125 0.85 13392
0.9125 0.85 13392
0.9125 0.85 13392
0.9125 0.85 13392
0.9125 0.85 13392
0.9125 0.85 13392
0.9125 0.85 13392
0.9125 0.85 13392
0.9125 0.85 13392
0.9125 0.85 13392
0.9125 0.85 13392
0.9125 0.85 13392
0.9125 0.85 13392
0.9125 0.85 13392
0.9125 0.85 13392
0.9125 0.85 13392
0.9125 0.85 13392
0.9125 0.85 13392
0.9125 0.85 13392
0.9125 0.85 13392
0.9125 0.85 13392
0.9125 0.85 13392
0.9125 0.85 13392
0.9125 0.85 13392
0.9125 0.85 13392
0.9125 0.85 13392
0.9125 0.85 13392
0.9125 0.85 13392
0.9125 0.85 13392
0.9125 0.85 13392
0.9125 0.85 13392
0.9125 0.85 13392
0.9125 0.85 13392
0.9125 0.85 13392
0.9125 0.85 13392
0.9125 0.85 13392
0.9125 0.85 13392
0.9125 0.85 13392
0.9125 0.85 13392
0.9125 0.85 13392
0.9125 0.85 13392
0.9125 0.85 13392
0.9125 0.85 13392
0.9125 0.85 13392
0.9125 0.85 13392
0.9125 0.85 13392
0.9125 0.85 13392
0.9125 0.85 13392
0.9125 0.85 13392
0.9125 0.85 13392
0.9125 0.85 13392
0.9125 0.85 13392
0.9125 0.85 13392
0.9125 0.85 13392
0.9125 0.85 13392
0.9125 0.85 13392
0.9125 0.85 13392
0.9125 0.85 13392
0.9125 0.85 13392
0.9125 0.85 13392
0.9125 0.85 13392
0.9125 0.85 13392
0.9125 0.85 13392
0.9125 0.85 13392
0.9125 0.85 13392
0.9125 0.85625 13392
0.9125 0.85625 13392
0.9125 0.85625 13392
0.9125 0.85625 13392
0.9125 0.85625 13392
0.9125 0.85625 13392
0.9125 0.85625 13392
0.9125 0.85625 13392
0.9125 0.85625 13392
0.9125 0.85625 13392
0.9125 0.85625 13392
0.9125 0.85625 13392
0.9125 0.85625 13392
0.9125 0.85625 13392
0.9125 0.85625 13392
0.9125 0.85625 13392
0.9125 0.85625 13392
0.9125 0.85625 13392
0.9125 0.85625 13392
0.9125 0.85625 13392
0.9125 0.85625 13392
0.9125 0.85625 13392
0.9125 0.85625 13392
0.9125 0.85625 13392
0.9125 0.85625 13392
0.9125 0.85625 13392
0.9125 0.85625 13392
0.9125 0.85625 13392
0.9125 0.85625 13392
0.9125 0.85625 13392
0.9125 0.85625 13392
0.9125 0.85625 13392
0.9125 0.8625 13392
0.9125 0.8625 13392
0.9125 0.8625 13392
0.9125 0.8625 13392
0.9125 0.8625 13392
0.9125 0.8625 13392
0.9125 0.8625 13392
0.9125 0.8625 13392
0.9125 0.8625 13392
0.9125 0.8625 13392
0.9125 0.8625 13392
0.9125 0.8625 13392
0.9125 0.8625 13392
0.9125 0.8625 13392
0.9125 0.8625 13392
0.9125 0.8625 13392
0.9125 0.8625 13392
0.9125 0.8625 13392
0.9125 0.8625 13392
0.9125 0.8625 13392
0.9125 0.8625 13392
0.9125 0.8625 13392
0.9125 0.8625 13392
0.9125 0.8625 13392
0.9125 0.8625 13392
0.9125 0.8625 13392
0.9125 0.8625 13392
0.9125 0.8625 13392
0.9125 0.8625 13392
0.9125 0.8625 13392
0.9125 0.8625 13392
0.9125 0.8625 13392
0.9125 0.8625 13392
0.9125 0.8625 13392
0.9125 0.8625 13392
0.9125 0.8625 13392
0.9125 0.8625 13392
0.9125 0.8625 13392
0.9125 0.8625 13392
0.9125 0.8625 13392
0.9125 0.8625 13392
0.9125 0.8625 13392
0.9125 0.8625 13392
0.9125 0.8625 13392
0.9125 0.8625 13392
0.9125 0.8625 13392
0.9125 0.8625 13392
0.9125 0.8625 13392
0.9125 0.8625 13392
0.9125 0.8625 13392
0.9125 0.8625 13392
0.9125 0.8625 13392
0.9125 0.8625 13392
0.9125 0.8625 13392
0.9125 0.8625 13392
0.9125 0.8625 13392
0.9125 0.8625 13392
0.9125 0.8625 13392
0.9125 0.8625 13392
0.9125 0.8625 13392
0.9125 0.8625 13392
0.9125 0.8625 13392
0.9125 0.8625 13392
0.9125 0.8625 13392
0.9125 0.8625 13392
0.9125 0.8625 13392
0.9125 0.8625 13392
0.9125 0.8625 13392
0.9125 0.8625 13392
0.9125 0.8625 13392
0.9125 0.8625 13392
0.9125 0.8625 13392
0.9125 0.8625 13392
0.9125 0.8625 13392
0.9125 0.8625 13392
0.9125 0.8625 13392
0.9125 0.8625 13392
0.9125 0.8625 13392
0.9125 0.8625 13392
0.9125 0.8625 13392
0.9125 0.8625 13392
0.9125 0.8625 13392
0.9125 0.8625 13392
0.9125 0.8625 13392
0.9125 0.8625 13392
0.9125 0.8625 13392
0.9125 0.8625 13392
0.9125 0.8625 13392
0.9125 0.8625 13392
0.9125 0.8625 13392
0.9125 0.8625 13392
0.9125 0.8625 13392
0.9125 0.8625 13392
0.9125 0.8625 13392
0.9125 0.8625 13392
0.9125 0.8625 13392
0.9125 0.8625 13392
0.9125 0.8625 13392
0.9125 0.8625 13392
0.9125 0.8625 13392
0.9125 0.8625 13392
0.9125 0.8625 13392
0.9125 0.8625 13392
0.9125 0.8625 13392
0.9125 0.8625 13392
0.9125 0.8625 13392
0.9125 0.8625 13392
0.9125 0.8625 13392
0.9125 0.8625 13392
0.9125 0.8625 13392
0.9125 0.8625 13392
0.9125 0.8625 13392
0.9125 0.8625 13392
0.9125 0.8625 13392
0.9125 0.8625 13392
0.9125 0.8625 13392
0.9125 0.8625 13392
0.9125 0.8625 13392
0.9125 0.8625 13392
0.9125 0.8625 13392
0.9125 0.8625 13392
0.9125 0.8625 13392
0.9125 0.8625 13392
0.9125 0.8625 13392
0.9125 0.8625 13392
0.9125 0.8625 13392
0.9125 0.8625 13392
0.9125 0.8625 13392
0.9125 0.8625 13392
0.9125 0.8625 13392
0.9125 0.8625 13392
0.9125 0.8625 13392
0.9125 0.8625 13392
0.9125 0.8625 13392
0.9125 0.8625 13392
0.9125 0.8625 13392
0.9125 0.8625 13392
0.9125 0.8625 13392
0.9125 0.8625 13392
0.9125 0.8625 13392
0.9125 0.8625 13392
0.9125 0.8625 13392
0.9125 0.8625 13392
0.9125 0.8625 13392
0.9125 0.8625 13392
0.9125 0.8625 13392
0.9125 0.8625 13392
0.9125 0.8625 13392
0.9125 0.8625 13392
0.9125 0.8625 13392
0.9125 0.8625 13392
0.9125 0.8625 13392
0.9125 0.8625 13392
0.9125 0.8625 13392
0.9125 0.8625 13392
0.9125 0.8625 13392
0.9125 0.8625 13392
0.9125 0.8625 13392
0.9125 0.8625 13392
0.9125 0.8625 13392
0.9125 0.8625 13392
0.9125 0.8625 13392
0.9125 0.8625 13392
0.9125 0.8625 13392
0.9125 0.8625 13392
0.9125 0.8625 13392
0.9125 0.8625 13392
0.9125 0.8625 13392
0.9125 0.8625 13392
0.9125 0.8625 13392
0.9125 0.8625 13392
0.9125 0.8625 13392
0.9125 0.8625 13392
0.9125 0.8625 13392
0.9125 0.8625 13392
0.9125 0.8625 13392
0.9125 0.8625 13392
0.9125 0.8625 13392
0.9125 0.8625 13392
0.9125 0.8625 13392
0.9125 0.8625 13392
0.9125 0.8625 13392
0.9125 0.8625 13392
0.9125 0.8625 13392
0.9125 0.8625 13392
0.9125 0.8625 13392
0.9125 0.8625 13392
0.9125 0.8625 13392
0.9125 0.8625 13392
0.9125 0.8625 13392
0.9125 0.8625 13392
0.9125 0.8625 13392
0.9125 0.8625 13392
0.9125 0.8625 13392
0.9125 0.8625 13392
0.9125 0.8625 13392
0.9125 0.8625 13392
0.9125 0.8625 13392
0.9125 0.8625 13392
0.9125 0.8625 13392
0.9125 0.8625 13392
0.9125 0.8625 13392
0.9125 0.8625 13392
0.9125 0.8625 13392
0.9125 0.8625 13392
0.9125 0.8625 13392
0.9125 0.8625 13392
0.9125 0.8625 13392
0.9125 0.8625 13392
0.9125 0.8625 13392
0.9125 0.8625 13392
0.9125 0.8625 13392
0.9125 0.8625 13392
0.9125 0.8625 13392
0.9125 0.8625 13392
0.9125 0.8625 13392
0.9125 0.8625 13392
0.9125 0.8625 13392
0.9125 0.8625 13392
0.9125 0.8625 13392
0.9125 0.8625 13392
0.9125 0.8625 13392
0.9125 0.8625 13392
0.9125 0.8625 13392
0.9125 0.8625 13392
0.9125 0.8625 13392
0.9125 0.8625 13392
0.9125 0.8625 13392
0.9125 0.8625 13392
0.9125 0.8625 13392
0.9125 0.8625 13392
0.9125 0.8625 13392
0.9125 0.8625 13392
0.9125 0.8625 13392
0.9125 0.8625 13392
0.9125 0.8625 13392
0.9125 0.8625 13392
0.9125 0.8625 13392
0.9125 0.86875 13392
0.9125 0.86875 13392
0.9125 0.86875 13392
0.9125 0.86875 13392
0.9125 0.86875 13392
0.9125 0.86875 13392
0.9125 0.86875 13392
0.9125 0.86875 13392
0.9125 0.86875 13392
0.9125 0.86875 13392
0.9125 0.86875 13392
0.9125 0.86875 13392
0.9125 0.86875 13392
0.9125 0.86875 13392
0.9125 0.86875 13392
0.9125 0.86875 13392
0.9125 0.86875 13392
0.9125 0.86875 13392
0.9125 0.86875 13392
0.9125 0.86875 13392
0.9125 0.86875 13392
0.9125 0.86875 13392
0.9125 0.86875 13392
0.9125 0.86875 13392
0.9125 0.86875 13392
0.9125 0.86875 13392
0.9125 0.86875 13392
0.9125 0.86875 13392
0.9125 0.86875 13392
0.9125 0.86875 13392
0.9125 0.86875 13392
0.9125 0.86875 13392
0.9125 0.86875 13392
0.9125 0.86875 13392
0.9125 0.86875 13392
0.9125 0.86875 13392
0.9125 0.86875 13392
0.9125 0.86875 13392
0.9125 0.86875 13392
0.9125 0.86875 13392
0.9125 0.86875 13392
0.9125 0.86875 13392
0.9125 0.86875 13392
0.9125 0.86875 13392
0.9125 0.86875 13392
0.9125 0.86875 13392
0.9125 0.86875 13392
0.9125 0.86875 13392
0.9125 0.86875 13392
0.9125 0.86875 13392
0.9125 0.86875 13392
0.9125 0.86875 13392
0.9125 0.86875 13392
0.9125 0.86875 13392
0.9125 0.86875 13392
0.9125 0.86875 13392
0.9125 0.86875 13392
0.9125 0.86875 13392
0.9125 0.86875 13392
0.9125 0.86875 13392
0.9125 0.86875 13392
0.9125 0.86875 13392
0.9125 0.86875 13392
0.9125 0.86875 13392
0.9125 0.86875 13392
0.9125 0.86875 13392
0.9125 0.86875 13392
0.9125 0.86875 13392
0.9125 0.86875 13392
0.9125 0.86875 13392
0.9125 0.86875 13392
0.9125 0.86875 13392
0.9125 0.86875 13392
0.9125 0.86875 13392
0.9125 0.86875 13392
0.9125 0.86875 13392
0.9125 0.86875 13392
0.9125 0.86875 13392
0.9125 0.86875 13392
0.9125 0.86875 13392
0.9125 0.86875 13392
0.9125 0.86875 13392
0.9125 0.86875 13392
0.9125 0.86875 13392
0.9125 0.86875 13392
0.9125 0.86875 13392
0.9125 0.86875 13392
0.9125 0.86875 13392
0.9125 0.86875 13392
0.9125 0.86875 13392
0.9125 0.86875 13392
0.9125 0.86875 13392
0.9125 0.86875 13392
0.9125 0.86875 13392
0.9125 0.86875 13392
0.9125 0.86875 13392
0.9125 0.86875 13392
0.9125 0.86875 13392
0.9125 0.86875 13392
0.9125 0.86875 13392
0.9125 0.86875 13392
0.9125 0.86875 13392
0.9125 0.86875 13392
0.9125 0.86875 13392
0.9125 0.86875 13392
0.9125 0.86875 13392
0.9125 0.86875 13392
0.9125 0.86875 13392
0.9125 0.86875 13392
0.9125 0.86875 13392
0.9125 0.86875 13392
0.9125 0.86875 13392
0.9125 0.86875 13392
0.9125 0.86875 13392
0.9125 0.86875 13392
0.9125 0.86875 13392
0.9125 0.86875 13392
0.9125 0.86875 13392
0.9125 0.86875 13392
0.9125 0.875 13392
0.9125 0.875 13392
0.9125 0.875 13392
0.9125 0.875 13392
0.9125 0.875 13392
0.9125 0.875 13392
0.9125 0.875 13392
0.9125 0.875 13392
0.9125 0.875 13392
0.9125 0.875 13392
0.9125 0.875 13392
0.9125 0.875 13392
0.9125 0.875 13392
0.9125 0.875 13392
0.9125 0.875 13392
0.9125 0.875 13392
0.9125 0.875 13392
0.9125 0.875 13392
0.9125 0.875 13392
0.9125 0.875 13392
0.9125 0.875 13392
0.9125 0.875 13392
0.9125 0.875 13392
0.9125 0.875 13392
0.9125 0.875 13392
0.9125 0.875 13392
0.9125 0.875 13392
0.9125 0.875 13392
0.9125 0.875 13392
0.9125 0.875 13392
0.9125 0.875 13392
0.9125 0.875 13392
0.9125 0.875 13392
0.9125 0.875 13392
0.9125 0.875 13392
0.9125 0.875 13392
0.9125 0.875 13392
0.9125 0.875 13392
0.9125 0.875 13392
0.9125 0.875 13392
0.9125 0.875 13392
0.9125 0.875 13392
0.9125 0.875 13392
0.9125 0.875 13392
0.9125 0.875 13392
0.9125 0.875 13392
0.9125 0.875 13392
0.9125 0.875 13392
0.9125 0.875 13392
0.9125 0.875 13392
0.9125 0.875 13392
0.9125 0.875 13392
0.9125 0.875 13392
0.9125 0.875 13392
0.9125 0.875 13392
0.9125 0.875 13392
0.9125 0.875 13392
0.9125 0.875 13392
0.9125 0.875 13392
0.9125 0.875 13392
0.9125 0.875 13392
0.9125 0.875 13392
0.9125 0.875 13392
0.9125 0.875 13392
0.9125 0.875 13392
0.9125 0.875 13392
0.9125 0.875 13392
0.9125 0.875 13392
0.9125 0.875 13392
0.9125 0.875 13392
0.9125 0.875 13392
0.9125 0.875 13392
0.9125 0.875 13392
0.9125 0.875 13392
0.9125 0.875 13392
0.9125 0.875 13392
0.9125 0.875 13392
0.9125 0.875 13392
0.9125 0.875 13392
0.9125 0.875 13392
0.9125 0.875 13392
0.9125 0.875 13392
0.9125 0.875 13392
0.9125 0.875 13392
0.9125 0.875 13392
0.9125 0.875 13392
0.9125 0.875 13392
0.9125 0.875 13392
0.9125 0.875 13392
0.9125 0.875 13392
0.9125 0.875 13392
0.9125 0.875 13392
0.9125 0.875 13392
0.9125 0.875 13392
0.9125 0.875 13392
0.9125 0.875 13392
0.9125 0.875 13392
0.9125 0.875 13392
0.9125 0.875 13392
0.9125 0.875 13392
0.9125 0.875 13392
0.9125 0.875 13392
0.9125 0.875 13392
0.9125 0.875 13392
0.9125 0.875 13392
0.9125 0.875 13392
0.9125 0.875 13392
0.9125 0.875 13392
0.9125 0.875 13392
0.9125 0.875 13392
0.9125 0.875 13392
0.9125 0.875 13392
0.9125 0.875 13392
0.9125 0.875 13392
0.9125 0.875 13392
0.9125 0.875 13392
0.9125 0.875 13392
0.9125 0.875 13392
0.9125 0.875 13392
0.9125 0.875 13392
0.9125 0.875 13392
0.9125 0.875 13392
0.9125 0.875 13392
0.9125 0.875 13392
0.9125 0.875 13392
0.9125 0.875 13392
0.9125 0.875 13392
0.9125 0.875 13392
0.9125 0.875 13392
0.9125 0.875 13392
0.9125 0.875 13392
0.9125 0.875 13392
0.9125 0.875 13392
0.9125 0.875 13392
0.9125 0.875 13392
0.9125 0.88125 13392
0.9125 0.88125 13392
0.9125 0.88125 13392
0.9125 0.88125 13392
0.9125 0.88125 13392
0.9125 0.88125 13392
0.9125 0.88125 13392
0.9125 0.88125 13392
0.9125 0.88125 13392
0.9125 0.88125 13392
0.9125 0.88125 13392
0.9125 0.88125 13392
0.9125 0.88125 13392
0.9125 0.88125 13392
0.9125 0.88125 13392
0.9125 0.88125 13392
0.9125 0.88125 13392
0.9125 0.88125 13392
0.9125 0.88125 13392
0.9125 0.88125 13392
0.9125 0.88125 13392
0.9125 0.88125 13392
0.9125 0.88125 13392
0.9125 0.88125 13392
0.9125 0.88125 13392
0.9125 0.88125 13392
0.9125 0.88125 13392
0.9125 0.88125 13392
0.9125 0.88125 13392
0.9125 0.88125 13392
0.9125 0.88125 13392
0.9125 0.88125 13392
0.9125 0.88125 13392
0.9125 0.88125 13392
0.9125 0.88125 13392
0.9125 0.88125 13392
0.9125 0.88125 13392
0.9125 0.88125 13392
0.9125 0.88125 13392
0.9125 0.88125 13392
0.9125 0.88125 13392
0.9125 0.88125 13392
0.9125 0.88125 13392
0.9125 0.88125 13392
0.9125 0.88125 13392
0.9125 0.88125 13392
0.9125 0.88125 13392
0.9125 0.88125 13392
0.9125 0.88125 13392
0.9125 0.88125 13392
0.9125 0.88125 13392
0.9125 0.88125 13392
0.9125 0.88125 13392
0.9125 0.88125 13392
0.9125 0.88125 13392
0.9125 0.88125 13392
0.9125 0.88125 13392
0.9125 0.88125 13392
0.9125 0.88125 13392
0.9125 0.88125 13392
0.9125 0.88125 13392
0.9125 0.88125 13392
0.9125 0.88125 13392
0.9125 0.88125 13392
0.9125 0.88125 13392
0.9125 0.88125 13392
0.9125 0.88125 13392
0.9125 0.88125 13392
0.9125 0.88125 13392
0.9125 0.88125 13392
0.9125 0.88125 13392
0.9125 0.88125 13392
0.9125 0.88125 13392
0.9125 0.88125 13392
0.9125 0.88125 13392
0.9125 0.88125 13392
0.9125 0.88125 13392
0.9125 0.88125 13392
0.9125 0.88125 13392
0.9125 0.88125 13392
0.9125 0.88125 13392
0.9125 0.88125 13392
0.9125 0.88125 13392
0.9125 0.88125 13392
0.9125 0.88125 13392
0.9125 0.88125 13392
0.9125 0.88125 13392
0.9125 0.88125 13392
0.9125 0.88125 13392
0.9125 0.88125 13392
0.9125 0.88125 13392
0.9125 0.88125 13392
0.9125 0.88125 13392
0.9125 0.88125 13392
0.9125 0.88125 13392
0.9125 0.88125 13392
0.9125 0.88125 13392
0.9125 0.88125 13392
0.9125 0.88125 13392
0.9125 0.88125 13392
0.9125 0.88125 13392
0.9125 0.88125 13392
0.9125 0.88125 13392
0.9125 0.88125 13392
0.9125 0.88125 13392
0.9125 0.88125 13392
0.9125 0.88125 13392
0.9125 0.88125 13392
0.9125 0.88125 13392
0.9125 0.88125 13392
0.9125 0.88125 13392
0.9125 0.88125 13392
0.9125 0.88125 13392
0.9125 0.88125 13392
0.9125 0.88125 13392
0.9125 0.88125 13392
0.9125 0.88125 13392
0.9125 0.88125 13392
0.9125 0.88125 13392
0.9125 0.88125 13392
0.9125 0.88125 13392
0.9125 0.88125 13392
0.9125 0.88125 13392
0.9125 0.88125 13392
0.9125 0.88125 13392
0.9125 0.88125 13392
0.9125 0.88125 13392
0.9125 0.88125 13392
0.9125 0.88125 13392
0.9125 0.88125 13392
0.9125 0.88125 13392
0.9125 0.88125 13392
0.9125 0.88125 13392
0.9125 0.88125 13392
0.9125 0.88125 13392
0.9125 0.88125 13392
0.9125 0.88125 13392
0.9125 0.88125 13392
0.9125 0.88125 13392
0.9125 0.88125 13392
0.9125 0.88125 13392
0.9125 0.88125 13392
0.9125 0.88125 13392
0.9125 0.88125 13392
0.9125 0.88125 13392
0.9125 0.88125 13392
0.9125 0.88125 13392
0.9125 0.88125 13392
0.9125 0.88125 13392
0.9125 0.88125 13392
0.9125 0.88125 13392
0.9125 0.88125 13392
0.9125 0.88125 13392
0.9125 0.88125 13392
0.9125 0.88125 13392
0.9125 0.88125 13392
0.9125 0.88125 13392
0.9125 0.88125 13392
0.9125 0.88125 13392
0.9125 0.88125 13392
0.9125 0.88125 13392
0.9125 0.88125 13392
0.9125 0.88125 13392
0.9125 0.88125 13392
0.9125 0.8875 13392
0.9125 0.8875 13392
0.9125 0.8875 13392
0.9125 0.8875 13392
0.9125 0.8875 13392
0.9125 0.8875 13392
0.9125 0.8875 13392
0.9125 0.8875 13392
0.9125 0.8875 13392
0.9125 0.8875 13392
0.9125 0.8875 13392
0.9125 0.8875 13392
0.9125 0.8875 13392
0.9125 0.8875 13392
0.9125 0.8875 13392
0.9125 0.8875 13392
0.9125 0.8875 13392
0.9125 0.8875 13392
0.9125 0.8875 13392
0.9125 0.8875 13392
0.9125 0.8875 13392
0.9125 0.8875 13392
0.9125 0.8875 13392
0.9125 0.8875 13392
0.9125 0.8875 13392
0.9125 0.8875 13392
0.9125 0.8875 13392
0.9125 0.8875 13392
0.9125 0.8875 13392
0.9125 0.8875 13392
0.9125 0.8875 13392
0.9125 0.8875 13392
0.9125 0.8875 13392
0.9125 0.8875 13392
0.9125 0.8875 13392
0.9125 0.8875 13392
0.9125 0.8875 13392
0.9125 0.8875 13392
0.9125 0.8875 13392
0.9125 0.8875 13392
0.9125 0.8875 13392
0.9125 0.8875 13392
0.9125 0.8875 13392
0.9125 0.8875 13392
0.9125 0.8875 13392
0.9125 0.8875 13392
0.9125 0.8875 13392
0.9125 0.8875 13392
0.9125 0.8875 13392
0.9125 0.8875 13392
0.9125 0.8875 13392
0.9125 0.8875 13392
0.9125 0.8875 13392
0.9125 0.8875 13392
0.9125 0.8875 13392
0.9125 0.8875 13392
0.9125 0.8875 13392
0.9125 0.8875 13392
0.9125 0.8875 13392
0.9125 0.8875 13392
0.9125 0.8875 13392
0.9125 0.8875 13392
0.9125 0.8875 13392
0.9125 0.8875 13392
0.9125 0.8875 13392
0.9125 0.8875 13392
0.9125 0.8875 13392
0.9125 0.8875 13392
0.9125 0.8875 13392
0.9125 0.8875 13392
0.9125 0.8875 13392
0.9125 0.8875 13392
0.9125 0.8875 13392
0.9125 0.8875 13392
0.9125 0.8875 13392
0.9125 0.8875 13392
0.9125 0.8875 13392
0.9125 0.8875 13392
0.9125 0.8875 13392
0.9125 0.8875 13392
0.9125 0.8875 13392
0.9125 0.8875 13392
0.9125 0.8875 13392
0.9125 0.8875 13392
0.9125 0.8875 13392
0.9125 0.8875 13392
0.9125 0.8875 13392
0.9125 0.8875 13392
0.9125 0.8875 13392
0.9125 0.8875 13392
0.9125 0.8875 13392
0.9125 0.8875 13392
0.9125 0.8875 13392
0.9125 0.8875 13392
0.9125 0.8875 13392
0.9125 0.8875 13392
0.9125 0.8875 13392
0.9125 0.8875 13392
0.9125 0.8875 13392
0.9125 0.8875 13392
0.9125 0.8875 13392
0.9125 0.8875 13392
0.9125 0.8875 13392
0.9125 0.8875 13392
0.9125 0.8875 13392
0.9125 0.8875 13392
0.9125 0.8875 13392
0.9125 0.8875 13392
0.9125 0.8875 13392
0.9125 0.8875 13392
0.9125 0.8875 13392
0.9125 0.8875 13392
0.9125 0.8875 13392
0.9125 0.8875 13392
0.9125 0.8875 13392
0.9125 0.8875 13392
0.9125 0.8875 13392
0.9125 0.8875 13392
0.9125 0.8875 13392
0.9125 0.8875 13392
0.9125 0.8875 13392
0.9125 0.8875 13392
0.9125 0.8875 13392
0.9125 0.8875 13392
0.9125 0.8875 13392
0.9125 0.8875 13392
0.9125 0.8875 13392
0.9125 0.8875 13392
0.9125 0.8875 13392
0.9125 0.8875 13392
0.9125 0.8875 13392
0.9125 0.8875 13392
0.9125 0.8875 13392
0.9125 0.8875 13392
0.9125 0.8875 13392
0.9125 0.8875 13392
0.9125 0.8875 13392
0.9125 0.8875 13392
0.9125 0.8875 13392
0.9125 0.8875 13392
0.9125 0.8875 13392
0.9125 0.8875 13392
0.9125 0.8875 13392
0.9125 0.8875 13392
0.9125 0.8875 13392
0.9125 0.8875 13392
0.9125 0.8875 13392
0.9125 0.8875 13392
0.9125 0.8875 13392
0.9125 0.8875 13392
0.9125 0.8875 13392
0.9125 0.8875 13392
0.9125 0.8875 13392
0.9125 0.8875 13392
0.9125 0.8875 13392
0.9125 0.8875 13392
0.9125 0.8875 13392
0.9125 0.8875 13392
0.9125 0.8875 13392
0.9125 0.8875 13392
0.9125 0.8875 13392
0.9125 0.8875 13392
0.9125 0.8875 13392
0.9125 0.8875 13392
0.9125 0.8875 13392
0.9125 0.8875 13392
0.9125 0.8875 13392
0.9125 0.8875 13392
0.9125 0.8875 13392
0.9125 0.8875 13392
0.9125 0.8875 13392
0.9125 0.8875 13392
0.9125 0.8875 13392
0.9125 0.8875 13392
0.9125 0.8875 13392
0.9125 0.8875 13392
0.9125 0.8875 13392
0.9125 0.8875 13392
0.9125 0.8875 13392
0.9125 0.8875 13392
0.9125 0.8875 13392
0.9125 0.8875 13392
0.9125 0.8875 13392
0.9125 0.8875 13392
0.9125 0.8875 13392
0.9125 0.8875 13392
0.9125 0.8875 13392
0.9125 0.8875 13392
0.9125 0.8875 13392
0.9125 0.8875 13392
0.9125 0.8875 13392
0.9125 0.8875 13392
0.9125 0.8875 13392
0.9125 0.8875 13392
0.9125 0.8875 13392
0.9125 0.8875 13392
0.9125 0.8875 13392
0.9125 0.8875 13392
0.9125 0.8875 13392
0.9125 0.8875 13392
0.9125 0.8875 13392
0.9125 0.8875 13392
0.9125 0.8875 13392
0.9125 0.8875 13392
0.9125 0.8875 13392
0.9125 0.8875 13392
0.9125 0.8875 13392
