0.81875 0.80625 596
0.771875 0.734375 1102
0.73125 0.703125 1564
0.76875 0.81875 1720
0.746875 0.775 1876
0.734375 0.76875 2008
0.740625 0.784375 2140
0.7375 0.76875 2272
0.746875 0.771875 2404
0.740625 0.8 2536
0.7375 0.796875 2668
0.7375 0.790625 2778
0.7375 0.796875 2888
0.721875 0.765625 2998
0.728125 0.75 3108
0.746875 0.76875 3198
0.75 0.771875 3288
0.765625 0.7875 3378
0.765625 0.784375 3450
0.765625 0.78125 3522
0.765625 0.7875 3594
0.7625 0.78125 3666
0.7625 0.775 3738
0.775 0.796875 3810
0.76875 0.796875 3882
0.759375 0.79375 3954
0.765625 0.7875 4026
0.765625 0.7875 4082
0.771875 0.80625 4138
0.784375 0.803125 4194
0.784375 0.8125 4250
0.78125 0.79375 4306
0.78125 0.8 4362
0.778125 0.796875 4418
0.775 0.8 4474
0.775 0.8 4530
0.771875 0.8 4586
0.771875 0.803125 4642
0.771875 0.8 4698
0.76875 0.796875 4754
0.765625 0.79375 4810
0.76875 0.8 4866
0.76875 0.8 4922
0.76875 0.8 4964
0.778125 0.803125 5006
0.80625 0.846875 5048
0.803125 0.846875 5090
0.803125 0.846875 5132
0.803125 0.846875 5174
0.803125 0.84375 5216
0.8 0.8375 5258
0.8 0.834375 5300
0.8 0.834375 5342
0.8 0.834375 5384
0.8 0.834375 5426
0.8 0.8375 5468
0.796875 0.840625 5510
0.79375 0.84375 5552
0.790625 0.84375 5594
0.790625 0.84375 5636
0.790625 0.840625 5678
0.7875 0.8375 5720
0.7875 0.8375 5762
0.803125 0.828125 5804
0.809375 0.834375 5846
0.8125 0.840625 5888
0.809375 0.84375 5930
0.80625 0.846875 5972
0.80625 0.84375 6002
0.80625 0.84375 6032
0.80625 0.84375 6062
0.80625 0.84375 6092
0.80625 0.84375 6122
0.80625 0.853125 6152
0.80625 0.85625 6182
0.809375 0.8625 6212
0.809375 0.865625 6242
0.809375 0.86875 6272
0.80625 0.86875 6302
0.80625 0.865625 6332
0.80625 0.8625 6362
0.803125 0.859375 6392
0.809375 0.865625 6422
0.815625 0.871875 6452
0.8125 0.871875 6482
0.809375 0.878125 6512
0.809375 0.875 6542
0.8125 0.86875 6572
0.8125 0.86875 6602
0.8125 0.86875 6632
0.8125 0.86875 6662
0.8125 0.86875 6692
0.8125 0.86875 6722
0.8125 0.86875 6752
0.80625 0.859375 6782
0.81875 0.875 6812
0.81875 0.878125 6842
0.81875 0.875 6872
0.81875 0.88125 6902
0.81875 0.88125 6932
0.821875 0.88125 6962
0.83125 0.88125 6992
0.828125 0.88125 7022
0.83125 0.88125 7052
0.834375 0.8875 7082
0.8375 0.8875 7112
0.840625 0.8875 7142
0.84375 0.8875 7172
0.84375 0.8875 7202
0.840625 0.8875 7232
0.84375 0.8875 7262
0.846875 0.8875 7292
0.846875 0.8875 7312
0.840625 0.88125 7332
0.84375 0.88125 7352
0.84375 0.88125 7372
0.84375 0.88125 7392
0.84375 0.88125 7412
0.84375 0.88125 7432
0.840625 0.88125 7452
0.840625 0.88125 7472
0.840625 0.88125 7492
0.840625 0.88125 7512
0.840625 0.88125 7532
0.84375 0.8875 7552
0.846875 0.884375 7572
0.846875 0.884375 7592
0.846875 0.884375 7612
0.846875 0.884375 7632
0.846875 0.878125 7652
0.846875 0.878125 7672
0.846875 0.878125 7692
0.846875 0.878125 7712
0.846875 0.878125 7732
0.84375 0.878125 7752
0.840625 0.878125 7772
0.840625 0.878125 7792
0.840625 0.878125 7812
0.840625 0.878125 7832
0.840625 0.878125 7852
0.840625 0.878125 7872
0.840625 0.878125 7892
0.840625 0.875 7912
0.840625 0.878125 7932
0.840625 0.878125 7952
0.84375 0.884375 7972
0.84375 0.890625 7992
0.84375 0.89375 8012
0.84375 0.8875 8032
0.84375 0.8875 8052
0.84375 0.8875 8072
0.84375 0.8875 8092
0.84375 0.8875 8112
0.846875 0.884375 8132
0.84375 0.884375 8152
0.85 0.88125 8172
0.85 0.88125 8192
0.853125 0.88125 8212
0.853125 0.88125 8232
0.853125 0.88125 8252
0.853125 0.88125 8272
0.853125 0.88125 8292
0.853125 0.88125 8312
0.853125 0.8875 8332
0.853125 0.8875 8352
0.853125 0.8875 8372
0.853125 0.8875 8392
0.853125 0.8875 8412
0.853125 0.8875 8432
0.853125 0.884375 8452
0.853125 0.88125 8472
0.853125 0.88125 8492
0.853125 0.875 8512
0.853125 0.86875 8532
0.853125 0.86875 8552
0.853125 0.878125 8572
0.85625 0.878125 8592
0.85625 0.878125 8612
0.85625 0.88125 8632
0.85625 0.88125 8652
0.859375 0.88125 8672
0.859375 0.88125 8692
0.859375 0.88125 8712
0.859375 0.884375 8732
0.859375 0.8875 8752
0.859375 0.8875 8772
0.859375 0.8875 8792
0.859375 0.8875 8812
0.859375 0.8875 8832
0.859375 0.8875 8852
0.859375 0.890625 8872
0.85625 0.8875 8892
0.85625 0.890625 8912
0.85625 0.89375 8932
0.85625 0.89375 8944
0.85625 0.89375 8956
0.85625 0.8875 8968
0.85625 0.8875 8980
0.85625 0.8875 8992
0.85625 0.8875 9004
0.85625 0.8875 9016
0.85625 0.89375 9028
0.85625 0.89375 9040
0.85625 0.89375 9052
0.85625 0.89375 9064
0.85625 0.8875 9076
0.85625 0.8875 9088
0.85625 0.89375 9100
0.85625 0.89375 9112
0.85625 0.89375 9124
0.85625 0.89375 9136
0.85625 0.89375 9148
0.85625 0.89375 9160
0.85625 0.89375 9172
0.85625 0.89375 9184
0.85625 0.896875 9196
0.85625 0.890625 9208
0.85625 0.890625 9220
0.85625 0.89375 9232
0.85625 0.89375 9244
0.85625 0.89375 9256
0.85625 0.89375 9268
0.85625 0.89375 9280
0.85625 0.89375 9292
0.85625 0.884375 9304
0.85625 0.878125 9316
0.85625 0.878125 9328
0.85625 0.884375 9340
0.85625 0.884375 9352
0.85625 0.884375 9364
0.85625 0.884375 9376
0.85625 0.884375 9388
0.85625 0.884375 9400
0.85625 0.884375 9412
0.85625 0.884375 9424
0.85625 0.884375 9436
0.85625 0.884375 9448
0.85625 0.890625 9460
0.85625 0.890625 9472
0.85625 0.89375 9484
0.85625 0.89375 9496
0.85625 0.89375 9508
0.85625 0.89375 9520
0.85625 0.89375 9532
0.85625 0.884375 9544
0.865625 0.89375 9556
0.865625 0.90625 9568
0.865625 0.90625 9580
0.865625 0.90625 9592
0.865625 0.90625 9604
0.865625 0.90625 9616
0.865625 0.90625 9628
0.865625 0.90625 9640
0.865625 0.90625 9652
0.865625 0.90625 9664
0.865625 0.90625 9676
0.865625 0.90625 9688
0.865625 0.90625 9700
0.865625 0.90625 9712
0.865625 0.90625 9724
0.865625 0.90625 9736
0.865625 0.90625 9748
0.865625 0.90625 9760
0.865625 0.90625 9772
0.865625 0.903125 9784
0.865625 0.903125 9796
0.86875 0.90625 9808
0.86875 0.9 9820
0.86875 0.9 9832
0.86875 0.9 9844
0.86875 0.9 9856
0.86875 0.9 9868
0.86875 0.896875 9880
0.86875 0.896875 9892
0.86875 0.890625 9904
0.86875 0.890625 9916
0.86875 0.890625 9928
0.86875 0.9 9940
0.86875 0.903125 9952
0.86875 0.90625 9964
0.86875 0.90625 9976
0.86875 0.90625 9988
0.86875 0.90625 10000
0.86875 0.9 10012
0.86875 0.9 10024
0.86875 0.9 10036
0.86875 0.896875 10048
0.86875 0.90625 10060
0.86875 0.90625 10072
0.86875 0.90625 10084
0.86875 0.9 10096
0.86875 0.9 10108
0.86875 0.9 10120
0.86875 0.903125 10132
0.86875 0.9 10144
0.86875 0.90625 10156
0.86875 0.90625 10168
0.86875 0.90625 10180
0.86875 0.90625 10192
0.86875 0.90625 10204
0.86875 0.909375 10216
0.86875 0.9125 10228
0.86875 0.9125 10240
0.86875 0.9125 10252
0.86875 0.9125 10264
0.86875 0.9125 10276
0.86875 0.9125 10288
0.86875 0.9125 10300
0.86875 0.9125 10312
0.86875 0.9125 10324
0.86875 0.9125 10336
0.86875 0.9125 10348
0.86875 0.9125 10360
0.86875 0.9125 10372
0.86875 0.9125 10384
0.86875 0.9125 10396
0.86875 0.9125 10408
0.86875 0.9125 10420
0.86875 0.9125 10432
0.86875 0.9125 10444
0.86875 0.9125 10456
0.86875 0.9125 10468
0.86875 0.9125 10480
0.86875 0.9125 10492
0.865625 0.90625 10504
0.8625 0.90625 10516
0.8625 0.9125 10528
0.8625 0.9125 10540
0.8625 0.9125 10552
0.8625 0.9125 10564
0.8625 0.9125 10576
0.8625 0.90625 10588
0.8625 0.90625 10600
0.8625 0.909375 10612
0.8625 0.9125 10624
0.8625 0.90625 10636
0.865625 0.90625 10648
0.86875 0.9125 10660
0.86875 0.9125 10672
0.86875 0.9125 10684
0.86875 0.9125 10696
0.86875 0.90625 10708
0.86875 0.9125 10720
0.86875 0.9125 10732
0.86875 0.9125 10744
0.86875 0.9125 10756
0.86875 0.9125 10762
0.86875 0.9125 10768
0.86875 0.9125 10774
0.86875 0.9125 10780
0.86875 0.9125 10786
0.86875 0.9125 10792
0.86875 0.9125 10798
0.86875 0.9125 10804
0.86875 0.9125 10810
0.86875 0.9125 10816
0.86875 0.9125 10822
0.86875 0.9125 10828
0.86875 0.9125 10834
0.86875 0.9125 10840
0.86875 0.9125 10846
0.86875 0.9125 10852
0.86875 0.9125 10858
0.86875 0.9125 10864
0.86875 0.9125 10870
0.86875 0.9125 10876
0.86875 0.9125 10882
0.86875 0.9125 10888
0.86875 0.9125 10894
0.865625 0.9125 10900
0.865625 0.9125 10906
0.865625 0.9125 10912
0.865625 0.9125 10918
0.865625 0.9125 10924
0.865625 0.9125 10930
0.865625 0.9125 10936
0.865625 0.9125 10942
0.865625 0.9125 10948
0.865625 0.9125 10954
0.865625 0.9125 10960
0.865625 0.9125 10966
0.865625 0.9125 10972
0.865625 0.9125 10978
0.865625 0.9125 10984
0.865625 0.9125 10990
0.865625 0.9125 10996
0.865625 0.9125 11002
0.865625 0.9125 11008
0.865625 0.9125 11014
0.865625 0.9125 11020
0.865625 0.9125 11026
0.865625 0.9125 11032
0.865625 0.9125 11038
0.865625 0.9125 11044
0.865625 0.9125 11050
0.865625 0.9125 11056
0.865625 0.9125 11062
0.865625 0.9125 11068
0.865625 0.90625 11074
0.865625 0.90625 11080
0.865625 0.90625 11086
0.865625 0.90625 11092
0.865625 0.90625 11098
0.865625 0.90625 11104
0.865625 0.90625 11110
0.865625 0.90625 11116
0.865625 0.90625 11122
0.865625 0.90625 11128
0.865625 0.9125 11134
0.865625 0.9125 11140
0.865625 0.9125 11146
0.865625 0.9125 11152
0.865625 0.9125 11158
0.865625 0.9125 11164
0.865625 0.9125 11170
0.865625 0.9125 11176
0.865625 0.9125 11182
0.865625 0.9125 11188
0.865625 0.90625 11194
0.865625 0.90625 11200
0.865625 0.90625 11206
0.865625 0.90625 11212
0.865625 0.90625 11218
0.865625 0.903125 11224
0.865625 0.903125 11230
0.865625 0.9 11236
0.865625 0.9 11242
0.865625 0.9 11248
0.865625 0.9 11254
0.865625 0.9 11260
0.865625 0.9 11266
0.865625 0.9 11272
0.865625 0.9 11278
0.865625 0.89375 11284
0.865625 0.89375 11290
0.865625 0.89375 11296
0.865625 0.89375 11302
0.865625 0.89375 11308
0.865625 0.89375 11314
0.865625 0.8875 11320
0.865625 0.8875 11326
0.865625 0.8875 11332
0.865625 0.8875 11338
0.865625 0.8875 11344
0.865625 0.8875 11350
0.865625 0.8875 11356
0.865625 0.8875 11362
0.865625 0.8875 11368
0.865625 0.8875 11374
0.865625 0.88125 11380
0.865625 0.88125 11386
0.865625 0.88125 11392
0.865625 0.88125 11398
0.865625 0.88125 11404
0.865625 0.88125 11410
0.865625 0.88125 11416
0.865625 0.88125 11422
0.865625 0.88125 11428
0.865625 0.88125 11434
0.865625 0.88125 11440
0.865625 0.88125 11446
0.865625 0.88125 11452
0.865625 0.88125 11458
0.865625 0.88125 11464
0.865625 0.88125 11470
0.865625 0.875 11476
0.865625 0.875 11482
0.865625 0.875 11488
0.865625 0.875 11494
0.865625 0.875 11500
0.865625 0.875 11506
0.865625 0.875 11512
0.865625 0.88125 11518
0.865625 0.88125 11524
0.865625 0.88125 11530
0.865625 0.88125 11536
0.865625 0.8875 11542
0.86875 0.8875 11548
0.86875 0.8875 11554
0.86875 0.8875 11560
0.86875 0.8875 11566
0.86875 0.8875 11572
0.86875 0.8875 11578
0.86875 0.8875 11584
0.86875 0.8875 11590
0.86875 0.8875 11596
0.86875 0.890625 11602
0.86875 0.89375 11608
0.86875 0.89375 11614
0.86875 0.89375 11620
0.86875 0.89375 11626
0.86875 0.89375 11632
0.86875 0.89375 11638
0.86875 0.89375 11644
0.86875 0.89375 11650
0.86875 0.89375 11656
0.86875 0.89375 11662
0.86875 0.89375 11668
0.86875 0.89375 11674
0.86875 0.89375 11680
0.86875 0.89375 11686
0.86875 0.89375 11692
0.86875 0.89375 11698
0.86875 0.89375 11704
0.86875 0.89375 11710
0.865625 0.896875 11716
0.865625 0.896875 11722
0.865625 0.9 11728
0.865625 0.9 11734
0.865625 0.9 11740
0.865625 0.9 11746
0.865625 0.89375 11752
0.865625 0.89375 11758
0.865625 0.89375 11764
0.865625 0.89375 11770
0.865625 0.89375 11776
0.865625 0.89375 11782
0.865625 0.89375 11788
0.865625 0.89375 11794
0.865625 0.89375 11800
0.865625 0.89375 11806
0.865625 0.89375 11812
0.865625 0.89375 11818
0.865625 0.89375 11824
0.865625 0.89375 11830
0.865625 0.89375 11836
0.865625 0.89375 11842
0.865625 0.89375 11848
0.865625 0.89375 11854
0.865625 0.89375 11860
0.865625 0.89375 11866
0.865625 0.89375 11872
0.865625 0.89375 11878
0.865625 0.89375 11884
0.865625 0.89375 11890
0.865625 0.89375 11896
0.865625 0.89375 11902
0.865625 0.89375 11908
0.865625 0.89375 11914
0.865625 0.89375 11920
0.865625 0.89375 11926
0.865625 0.89375 11932
0.865625 0.89375 11938
0.865625 0.89375 11944
0.865625 0.89375 11950
0.865625 0.89375 11956
0.865625 0.89375 11962
0.865625 0.89375 11968
0.865625 0.89375 11974
0.865625 0.89375 11980
0.865625 0.89375 11986
0.865625 0.89375 11992
0.865625 0.89375 11998
0.865625 0.89375 12004
0.865625 0.89375 12010
0.865625 0.89375 12016
0.865625 0.89375 12022
0.865625 0.89375 12028
0.865625 0.89375 12034
0.865625 0.89375 12040
0.865625 0.89375 12046
0.865625 0.89375 12052
0.865625 0.89375 12058
0.865625 0.89375 12064
0.865625 0.89375 12070
0.865625 0.89375 12076
0.865625 0.89375 12082
0.865625 0.89375 12088
0.865625 0.890625 12094
0.865625 0.8875 12100
0.865625 0.8875 12106
0.865625 0.8875 12112
0.865625 0.8875 12118
0.865625 0.8875 12124
0.865625 0.8875 12130
0.865625 0.88125 12136
0.865625 0.88125 12142
0.865625 0.88125 12148
0.865625 0.88125 12154
0.865625 0.88125 12160
0.865625 0.88125 12166
0.865625 0.88125 12172
0.865625 0.8875 12178
0.865625 0.8875 12184
0.865625 0.8875 12190
0.865625 0.8875 12196
0.865625 0.8875 12202
0.865625 0.89375 12208
0.865625 0.89375 12214
0.865625 0.89375 12220
0.865625 0.89375 12226
0.865625 0.89375 12232
0.865625 0.89375 12238
0.8625 0.9 12244
0.8625 0.9 12246
0.8625 0.9 12248
0.8625 0.896875 12250
0.8625 0.896875 12252
0.8625 0.896875 12254
0.8625 0.896875 12256
0.8625 0.89375 12258
0.8625 0.89375 12260
0.8625 0.89375 12262
0.8625 0.89375 12264
0.8625 0.89375 12266
0.8625 0.89375 12268
0.8625 0.89375 12270
0.8625 0.89375 12272
0.8625 0.89375 12274
0.8625 0.89375 12276
0.8625 0.8875 12278
0.8625 0.8875 12280
0.8625 0.8875 12282
0.8625 0.875 12284
0.8625 0.875 12286
0.8625 0.875 12288
0.8625 0.875 12290
0.8625 0.875 12292
0.8625 0.875 12294
0.8625 0.875 12296
0.8625 0.875 12298
0.8625 0.875 12300
0.8625 0.875 12302
0.8625 0.875 12304
0.8625 0.88125 12306
0.8625 0.88125 12308
0.8625 0.88125 12310
0.8625 0.88125 12312
0.8625 0.88125 12314
0.8625 0.88125 12316
0.859375 0.88125 12318
0.859375 0.88125 12320
0.859375 0.88125 12322
0.859375 0.88125 12324
0.859375 0.88125 12326
0.859375 0.88125 12328
0.859375 0.88125 12330
0.859375 0.88125 12332
0.859375 0.88125 12334
0.859375 0.8875 12336
0.859375 0.8875 12338
0.859375 0.8875 12340
0.859375 0.8875 12342
0.859375 0.8875 12344
0.859375 0.8875 12346
0.859375 0.8875 12348
0.859375 0.8875 12350
0.859375 0.8875 12352
0.859375 0.8875 12354
0.859375 0.8875 12356
0.859375 0.8875 12358
0.859375 0.8875 12360
0.859375 0.89375 12362
0.859375 0.89375 12364
0.859375 0.89375 12366
0.859375 0.89375 12368
0.859375 0.89375 12370
0.859375 0.89375 12372
0.859375 0.89375 12374
0.859375 0.89375 12376
0.859375 0.89375 12378
0.859375 0.89375 12380
0.859375 0.89375 12382
0.859375 0.9 12384
0.859375 0.9 12386
0.859375 0.903125 12388
0.859375 0.90625 12390
0.859375 0.90625 12392
0.859375 0.90625 12394
0.859375 0.9 12396
0.859375 0.9 12398
0.859375 0.9 12400
0.859375 0.9 12402
0.859375 0.896875 12404
0.859375 0.89375 12406
0.859375 0.89375 12408
0.859375 0.90625 12410
0.859375 0.90625 12412
0.859375 0.90625 12414
0.859375 0.90625 12416
0.8625 0.90625 12418
0.86875 0.90625 12420
0.86875 0.90625 12422
0.871875 0.90625 12424
0.871875 0.90625 12426
0.871875 0.903125 12428
0.875 0.9125 12430
0.875 0.90625 12432
0.875 0.903125 12434
0.875 0.9 12436
0.875 0.90625 12438
0.875 0.90625 12440
0.875 0.90625 12442
0.875 0.90625 12444
0.875 0.90625 12446
0.875 0.9 12448
0.875 0.9 12450
0.875 0.9 12452
0.875 0.903125 12454
0.875 0.903125 12456
0.875 0.903125 12458
0.875 0.903125 12460
0.875 0.903125 12462
0.875 0.9 12464
0.875 0.9 12466
0.875 0.9 12468
0.875 0.9 12470
0.875 0.9 12472
0.875 0.9 12474
0.875 0.9 12476
0.875 0.9 12478
0.875 0.9 12480
0.875 0.9 12482
0.875 0.9 12484
0.875 0.9 12486
0.875 0.9 12488
0.875 0.9 12490
0.875 0.89375 12492
0.875 0.9 12494
0.875 0.903125 12496
0.875 0.90625 12498
0.875 0.90625 12500
0.875 0.90625 12502
0.875 0.90625 12504
0.875 0.90625 12506
0.875 0.90625 12508
0.875 0.90625 12510
0.875 0.90625 12512
0.875 0.90625 12514
0.875 0.90625 12516
0.875 0.90625 12518
0.875 0.90625 12520
0.875 0.90625 12522
0.875 0.90625 12524
0.875 0.90625 12526
0.875 0.90625 12528
0.875 0.90625 12530
0.875 0.90625 12532
0.875 0.90625 12534
0.875 0.90625 12536
0.875 0.90625 12538
0.875 0.90625 12540
0.875 0.9 12542
0.875 0.9 12544
0.875 0.9 12546
0.875 0.9 12548
0.875 0.9 12550
0.875 0.89375 12552
0.875 0.89375 12554
0.875 0.89375 12556
0.875 0.89375 12558
0.875 0.89375 12560
0.875 0.89375 12562
0.875 0.89375 12564
0.875 0.89375 12566
0.875 0.89375 12568
0.875 0.89375 12570
0.875 0.89375 12572
0.875 0.89375 12574
0.875 0.89375 12576
0.875 0.89375 12578
0.875 0.89375 12580
0.875 0.89375 12582
0.875 0.89375 12584
0.875 0.89375 12586
0.875 0.89375 12588
0.875 0.89375 12590
0.875 0.89375 12592
0.875 0.89375 12594
0.875 0.89375 12596
0.875 0.89375 12598
0.875 0.89375 12600
0.875 0.89375 12602
0.875 0.89375 12604
0.875 0.89375 12606
0.875 0.89375 12608
0.875 0.89375 12610
0.875 0.89375 12612
0.875 0.8875 12614
0.875 0.8875 12616
0.875 0.8875 12618
0.875 0.8875 12620
0.875 0.8875 12622
0.875 0.8875 12624
0.875 0.8875 12626
0.875 0.8875 12628
0.875 0.8875 12630
0.875 0.8875 12632
0.875 0.8875 12634
0.875 0.8875 12636
0.875 0.8875 12638
0.875 0.8875 12640
0.875 0.8875 12642
0.875 0.8875 12644
0.875 0.8875 12646
0.875 0.8875 12648
0.875 0.8875 12650
0.875 0.8875 12652
0.875 0.8875 12654
0.875 0.8875 12656
0.875 0.8875 12658
0.875 0.8875 12660
0.875 0.8875 12662
0.875 0.8875 12664
0.875 0.8875 12666
0.875 0.8875 12668
0.875 0.8875 12670
0.875 0.8875 12672
0.875 0.8875 12674
0.875 0.8875 12676
0.875 0.8875 12678
0.875 0.8875 12680
0.875 0.8875 12682
0.875 0.88125 12684
0.875 0.88125 12686
0.875 0.88125 12688
0.875 0.88125 12690
0.875 0.88125 12692
0.875 0.88125 12694
0.875 0.88125 12696
0.875 0.88125 12698
0.875 0.88125 12700
0.875 0.88125 12702
0.875 0.88125 12704
0.875 0.88125 12706
0.875 0.88125 12708
0.875 0.88125 12710
0.875 0.88125 12712
0.875 0.88125 12714
0.875 0.88125 12716
0.875 0.88125 12718
0.875 0.88125 12720
0.875 0.88125 12722
0.875 0.88125 12724
0.875 0.88125 12726
0.875 0.88125 12728
0.875 0.88125 12730
0.875 0.88125 12732
0.875 0.88125 12734
0.875 0.8875 12736
0.875 0.8875 12738
0.875 0.8875 12740
0.875 0.8875 12742
0.875 0.8875 12744
0.875 0.8875 12746
0.875 0.8875 12748
0.875 0.8875 12750
0.875 0.8875 12752
0.875 0.8875 12754
0.875 0.8875 12756
0.875 0.8875 12758
0.875 0.8875 12760
0.875 0.8875 12762
0.875 0.8875 12764
0.875 0.8875 12766
0.875 0.8875 12768
0.875 0.8875 12770
0.875 0.8875 12772
0.875 0.8875 12774
0.875 0.8875 12776
0.875 0.8875 12778
0.875 0.8875 12780
0.875 0.8875 12782
0.875 0.8875 12784
0.875 0.8875 12786
0.875 0.8875 12788
0.875 0.8875 12790
0.875 0.8875 12792
0.875 0.8875 12794
0.875 0.8875 12796
0.875 0.8875 12798
0.875 0.8875 12800
0.875 0.8875 12802
0.875 0.8875 12804
0.875 0.8875 12806
0.875 0.8875 12808
0.875 0.8875 12810
0.875 0.8875 12812
0.875 0.8875 12814
0.875 0.89375 12816
0.875 0.89375 12818
0.875 0.89375 12820
0.875 0.89375 12822
0.875 0.89375 12824
0.875 0.89375 12826
0.875 0.89375 12828
0.875 0.89375 12830
0.875 0.89375 12832
0.875 0.89375 12834
0.875 0.89375 12836
0.871875 0.8875 12838
0.871875 0.8875 12840
0.871875 0.8875 12842
0.871875 0.8875 12844
0.871875 0.8875 12846
0.871875 0.8875 12848
0.871875 0.8875 12850
0.871875 0.8875 12852
0.871875 0.8875 12854
0.871875 0.8875 12856
0.871875 0.8875 12858
0.871875 0.8875 12860
0.871875 0.8875 12862
0.871875 0.8875 12864
0.871875 0.8875 12866
0.871875 0.8875 12868
0.871875 0.8875 12870
0.871875 0.8875 12872
0.871875 0.8875 12874
0.871875 0.8875 12876
0.871875 0.8875 12878
0.871875 0.8875 12880
0.871875 0.8875 12882
0.871875 0.8875 12884
0.871875 0.8875 12886
0.871875 0.8875 12888
0.871875 0.8875 12890
0.871875 0.8875 12892
0.871875 0.8875 12894
0.871875 0.8875 12896
0.871875 0.8875 12898
0.871875 0.8875 12900
0.871875 0.8875 12902
0.871875 0.8875 12904
0.871875 0.8875 12906
0.871875 0.88125 12908
0.871875 0.88125 12910
0.871875 0.88125 12912
0.871875 0.88125 12914
0.871875 0.88125 12916
0.871875 0.88125 12918
0.871875 0.88125 12920
0.871875 0.88125 12922
0.871875 0.88125 12924
0.871875 0.88125 12926
0.871875 0.88125 12928
0.871875 0.88125 12930
0.871875 0.88125 12932
0.871875 0.88125 12934
0.871875 0.88125 12936
0.871875 0.88125 12938
0.871875 0.88125 12940
0.871875 0.88125 12942
0.871875 0.88125 12944
0.871875 0.88125 12946
0.871875 0.8875 12948
0.871875 0.8875 12950
0.871875 0.8875 12952
0.871875 0.8875 12954
0.871875 0.8875 12956
0.871875 0.8875 12958
0.871875 0.8875 12960
0.871875 0.8875 12962
0.86875 0.8875 12964
0.86875 0.8875 12966
0.86875 0.8875 12968
0.86875 0.8875 12970
0.86875 0.8875 12972
0.86875 0.8875 12974
0.86875 0.8875 12976
0.86875 0.8875 12978
0.86875 0.8875 12980
0.86875 0.8875 12982
0.86875 0.8875 12984
0.86875 0.8875 12986
0.86875 0.8875 12988
0.86875 0.8875 12990
0.86875 0.8875 12992
0.86875 0.8875 12994
0.86875 0.8875 12996
0.86875 0.8875 12998
0.86875 0.8875 13000
0.86875 0.8875 13002
0.86875 0.8875 13004
0.86875 0.8875 13006
0.86875 0.8875 13008
0.86875 0.8875 13010
0.86875 0.8875 13012
0.86875 0.8875 13014
0.86875 0.8875 13016
0.86875 0.8875 13018
0.86875 0.8875 13020
0.86875 0.8875 13022
0.86875 0.8875 13024
0.86875 0.8875 13026
0.86875 0.8875 13028
0.86875 0.8875 13030
0.86875 0.8875 13032
0.86875 0.8875 13034
0.86875 0.8875 13036
0.86875 0.8875 13038
0.86875 0.8875 13040
0.86875 0.8875 13042
0.86875 0.8875 13044
0.86875 0.8875 13046
0.86875 0.8875 13048
0.86875 0.8875 13050
0.86875 0.8875 13052
0.86875 0.88125 13054
0.86875 0.88125 13056
0.86875 0.88125 13058
0.86875 0.88125 13060
0.86875 0.88125 13062
0.86875 0.88125 13064
0.86875 0.88125 13066
0.86875 0.88125 13068
0.86875 0.88125 13070
0.86875 0.88125 13072
0.86875 0.88125 13074
0.86875 0.88125 13076
0.86875 0.88125 13078
0.86875 0.88125 13080
0.86875 0.88125 13082
0.86875 0.88125 13084
0.86875 0.88125 13086
0.86875 0.88125 13088
0.86875 0.875 13090
0.86875 0.875 13092
0.86875 0.875 13094
0.86875 0.875 13096
0.86875 0.875 13098
0.86875 0.875 13100
0.86875 0.875 13102
0.86875 0.875 13104
0.86875 0.875 13106
0.86875 0.875 13108
0.86875 0.875 13110
0.86875 0.875 13112
0.86875 0.875 13114
0.86875 0.875 13116
0.86875 0.875 13118
0.86875 0.875 13120
0.86875 0.875 13122
0.86875 0.875 13124
0.86875 0.875 13126
0.86875 0.875 13128
0.86875 0.875 13130
0.86875 0.875 13132
0.86875 0.875 13134
0.86875 0.875 13136
0.86875 0.875 13138
0.86875 0.875 13140
0.86875 0.875 13142
0.86875 0.875 13144
0.86875 0.875 13146
0.86875 0.86875 13148
0.86875 0.86875 13150
0.86875 0.86875 13152
0.86875 0.86875 13154
0.86875 0.86875 13156
0.86875 0.86875 13158
0.86875 0.86875 13160
0.86875 0.86875 13162
0.86875 0.86875 13164
0.86875 0.86875 13166
0.86875 0.86875 13168
0.86875 0.86875 13170
0.86875 0.86875 13172
0.86875 0.86875 13174
0.86875 0.86875 13176
0.86875 0.86875 13178
0.86875 0.86875 13180
0.86875 0.86875 13182
0.86875 0.86875 13184
0.86875 0.86875 13186
0.86875 0.86875 13188
0.86875 0.86875 13190
0.86875 0.86875 13192
0.86875 0.86875 13194
0.86875 0.86875 13196
0.86875 0.86875 13198
0.86875 0.86875 13200
0.865625 0.86875 13202
0.865625 0.86875 13204
0.865625 0.86875 13206
0.865625 0.86875 13208
0.865625 0.86875 13210
0.865625 0.86875 13212
0.865625 0.86875 13214
0.865625 0.86875 13216
0.865625 0.86875 13218
0.865625 0.86875 13220
0.865625 0.875 13222
0.865625 0.875 13224
0.865625 0.875 13226
0.865625 0.875 13228
0.865625 0.875 13230
0.865625 0.875 13232
0.865625 0.875 13234
0.865625 0.875 13236
0.865625 0.875 13238
0.865625 0.875 13240
0.865625 0.875 13242
0.865625 0.875 13244
0.865625 0.875 13246
0.865625 0.875 13248
0.865625 0.875 13250
0.865625 0.875 13252
0.865625 0.875 13254
0.865625 0.875 13256
0.865625 0.875 13258
0.865625 0.875 13260
0.865625 0.875 13262
0.865625 0.875 13264
0.865625 0.875 13266
0.865625 0.875 13268
0.865625 0.875 13270
0.865625 0.875 13272
0.865625 0.875 13274
0.865625 0.875 13276
0.865625 0.875 13278
0.865625 0.88125 13280
0.865625 0.88125 13282
0.865625 0.88125 13284
0.865625 0.88125 13286
0.865625 0.88125 13288
0.865625 0.88125 13290
0.865625 0.88125 13292
0.865625 0.89375 13294
0.865625 0.9 13296
0.865625 0.9 13298
0.865625 0.9 13300
0.865625 0.9 13302
0.865625 0.9 13304
0.865625 0.9 13306
0.865625 0.9 13308
0.865625 0.9 13310
0.865625 0.9 13312
0.865625 0.9 13314
0.865625 0.9 13316
0.865625 0.9 13318
0.865625 0.9 13320
0.865625 0.9 13322
0.865625 0.9 13324
0.865625 0.9 13326
0.865625 0.9 13328
0.865625 0.9 13330
0.865625 0.9 13332
0.865625 0.9 13334
0.865625 0.9 13336
0.865625 0.9 13338
0.865625 0.9 13340
0.865625 0.9 13342
0.865625 0.9 13344
0.865625 0.9 13346
0.865625 0.9 13348
0.865625 0.9 13350
0.865625 0.9 13352
0.865625 0.9 13354
0.865625 0.9 13356
0.865625 0.9 13358
0.865625 0.9 13360
0.865625 0.9 13362
0.865625 0.9 13364
0.865625 0.9 13366
0.865625 0.9 13368
0.865625 0.9 13370
0.865625 0.9 13372
0.865625 0.9 13374
0.865625 0.9 13376
0.865625 0.9 13378
0.865625 0.9 13380
0.865625 0.9 13382
0.865625 0.9 13384
0.865625 0.9 13386
0.865625 0.9 13388
0.865625 0.9 13390
0.865625 0.9 13392
0.865625 0.9 13392
0.865625 0.9 13392
0.865625 0.9 13392
0.865625 0.9 13392
0.865625 0.9 13392
0.865625 0.9 13392
0.865625 0.9 13392
0.865625 0.9 13392
0.865625 0.9 13392
0.865625 0.9 13392
0.865625 0.9 13392
0.865625 0.9 13392
0.865625 0.89375 13392
0.865625 0.89375 13392
0.865625 0.89375 13392
0.865625 0.89375 13392
0.865625 0.89375 13392
0.865625 0.89375 13392
0.865625 0.89375 13392
0.865625 0.89375 13392
0.865625 0.89375 13392
0.865625 0.89375 13392
0.865625 0.89375 13392
0.865625 0.89375 13392
0.865625 0.89375 13392
0.865625 0.89375 13392
0.865625 0.89375 13392
0.865625 0.89375 13392
0.865625 0.89375 13392
0.865625 0.89375 13392
0.865625 0.89375 13392
0.865625 0.89375 13392
0.865625 0.89375 13392
0.865625 0.89375 13392
0.865625 0.89375 13392
0.865625 0.89375 13392
0.865625 0.89375 13392
0.865625 0.89375 13392
0.865625 0.89375 13392
0.865625 0.89375 13392
0.865625 0.89375 13392
0.865625 0.89375 13392
0.865625 0.89375 13392
0.865625 0.89375 13392
0.865625 0.89375 13392
0.865625 0.89375 13392
0.865625 0.89375 13392
0.865625 0.89375 13392
0.865625 0.89375 13392
0.865625 0.89375 13392
0.865625 0.89375 13392
0.865625 0.89375 13392
0.865625 0.89375 13392
0.865625 0.89375 13392
0.865625 0.89375 13392
0.865625 0.89375 13392
0.865625 0.89375 13392
0.865625 0.89375 13392
0.865625 0.89375 13392
0.865625 0.9 13392
0.865625 0.9 13392
0.865625 0.9 13392
0.865625 0.9 13392
0.865625 0.9 13392
0.865625 0.9 13392
0.865625 0.9 13392
0.865625 0.9 13392
0.865625 0.9 13392
0.865625 0.9 13392
0.865625 0.9 13392
0.865625 0.9 13392
0.865625 0.9 13392
0.865625 0.9 13392
0.865625 0.9 13392
0.865625 0.9 13392
0.865625 0.9 13392
0.865625 0.9 13392
0.865625 0.9 13392
0.865625 0.9 13392
0.865625 0.9 13392
0.865625 0.9 13392
0.865625 0.9 13392
0.865625 0.9 13392
0.865625 0.9 13392
0.865625 0.9 13392
0.865625 0.9 13392
0.865625 0.9 13392
0.865625 0.9 13392
0.865625 0.9 13392
0.865625 0.9 13392
0.865625 0.9 13392
0.865625 0.9 13392
0.865625 0.9 13392
0.865625 0.9 13392
0.865625 0.9 13392
0.865625 0.9 13392
0.865625 0.9 13392
0.865625 0.9 13392
0.865625 0.9 13392
0.865625 0.9 13392
0.865625 0.9 13392
0.865625 0.9 13392
0.865625 0.9 13392
0.865625 0.9 13392
0.865625 0.9 13392
0.865625 0.9 13392
0.865625 0.9 13392
0.865625 0.9 13392
0.865625 0.9 13392
0.865625 0.9 13392
0.865625 0.9 13392
0.865625 0.9 13392
0.865625 0.9 13392
0.865625 0.9 13392
0.865625 0.9 13392
0.865625 0.9 13392
0.865625 0.9 13392
0.865625 0.9 13392
0.865625 0.9 13392
0.865625 0.9 13392
0.865625 0.9 13392
0.865625 0.9 13392
0.865625 0.9 13392
0.865625 0.9 13392
0.865625 0.9 13392
0.865625 0.9 13392
0.865625 0.9 13392
0.865625 0.9 13392
0.865625 0.9 13392
0.865625 0.9 13392
0.865625 0.9 13392
0.865625 0.9 13392
0.865625 0.9 13392
0.865625 0.9 13392
0.865625 0.9 13392
0.865625 0.9 13392
0.865625 0.9 13392
0.865625 0.9 13392
0.865625 0.89375 13392
0.865625 0.89375 13392
0.865625 0.89375 13392
0.865625 0.89375 13392
0.865625 0.89375 13392
0.865625 0.89375 13392
0.865625 0.89375 13392
0.865625 0.89375 13392
0.865625 0.89375 13392
0.865625 0.89375 13392
0.865625 0.89375 13392
0.865625 0.89375 13392
0.865625 0.89375 13392
0.865625 0.89375 13392
0.865625 0.89375 13392
0.865625 0.89375 13392
0.865625 0.89375 13392
0.865625 0.89375 13392
0.865625 0.8875 13392
0.865625 0.8875 13392
0.865625 0.8875 13392
0.865625 0.8875 13392
0.865625 0.8875 13392
0.865625 0.8875 13392
0.865625 0.8875 13392
0.865625 0.8875 13392
0.865625 0.8875 13392
0.865625 0.8875 13392
0.865625 0.88125 13392
0.865625 0.88125 13392
0.865625 0.88125 13392
0.865625 0.88125 13392
0.865625 0.88125 13392
0.865625 0.88125 13392
0.865625 0.88125 13392
0.865625 0.88125 13392
0.865625 0.88125 13392
0.865625 0.88125 13392
0.865625 0.88125 13392
0.865625 0.88125 13392
0.865625 0.88125 13392
0.865625 0.88125 13392
0.865625 0.88125 13392
0.865625 0.88125 13392
0.865625 0.88125 13392
0.865625 0.8875 13392
0.865625 0.8875 13392
0.865625 0.8875 13392
0.865625 0.8875 13392
0.865625 0.8875 13392
0.865625 0.8875 13392
0.865625 0.8875 13392
0.865625 0.884375 13392
0.865625 0.88125 13392
0.865625 0.88125 13392
0.865625 0.88125 13392
0.865625 0.88125 13392
0.865625 0.88125 13392
0.865625 0.88125 13392
0.865625 0.88125 13392
0.865625 0.88125 13392
0.865625 0.88125 13392
0.865625 0.88125 13392
0.865625 0.88125 13392
0.865625 0.88125 13392
0.865625 0.88125 13392
0.865625 0.88125 13392
0.865625 0.88125 13392
0.865625 0.88125 13392
0.865625 0.88125 13392
0.865625 0.88125 13392
0.865625 0.88125 13392
0.865625 0.88125 13392
0.865625 0.88125 13392
0.865625 0.88125 13392
0.865625 0.88125 13392
0.865625 0.88125 13392
0.865625 0.88125 13392
0.865625 0.88125 13392
0.865625 0.88125 13392
0.865625 0.88125 13392
0.865625 0.88125 13392
0.865625 0.88125 13392
0.865625 0.88125 13392
0.865625 0.88125 13392
0.865625 0.88125 13392
0.865625 0.88125 13392
0.865625 0.88125 13392
0.865625 0.88125 13392
0.865625 0.88125 13392
0.865625 0.88125 13392
0.865625 0.88125 13392
0.865625 0.88125 13392
0.865625 0.88125 13392
0.865625 0.88125 13392
0.865625 0.88125 13392
0.865625 0.88125 13392
0.865625 0.88125 13392
0.865625 0.88125 13392
0.865625 0.88125 13392
0.865625 0.88125 13392
0.865625 0.88125 13392
0.865625 0.88125 13392
0.865625 0.88125 13392
0.865625 0.88125 13392
0.865625 0.88125 13392
0.865625 0.88125 13392
0.865625 0.88125 13392
0.865625 0.88125 13392
0.865625 0.88125 13392
0.865625 0.88125 13392
0.865625 0.88125 13392
0.865625 0.88125 13392
0.865625 0.88125 13392
0.865625 0.88125 13392
0.865625 0.88125 13392
0.865625 0.88125 13392
0.865625 0.88125 13392
0.865625 0.88125 13392
0.865625 0.88125 13392
0.865625 0.88125 13392
0.865625 0.88125 13392
0.865625 0.88125 13392
0.865625 0.88125 13392
0.865625 0.88125 13392
0.865625 0.88125 13392
0.865625 0.88125 13392
0.865625 0.88125 13392
0.865625 0.88125 13392
0.865625 0.88125 13392
0.865625 0.88125 13392
0.865625 0.88125 13392
0.865625 0.88125 13392
0.865625 0.88125 13392
0.865625 0.88125 13392
0.865625 0.878125 13392
0.865625 0.875 13392
0.865625 0.875 13392
0.865625 0.875 13392
0.865625 0.875 13392
0.865625 0.875 13392
0.865625 0.875 13392
0.865625 0.875 13392
0.865625 0.875 13392
0.865625 0.875 13392
0.865625 0.875 13392
0.865625 0.875 13392
0.865625 0.875 13392
0.865625 0.875 13392
0.865625 0.875 13392
0.865625 0.875 13392
0.865625 0.875 13392
0.865625 0.875 13392
0.865625 0.875 13392
0.865625 0.875 13392
0.865625 0.875 13392
0.865625 0.875 13392
0.865625 0.875 13392
0.865625 0.875 13392
0.865625 0.875 13392
0.865625 0.875 13392
0.865625 0.875 13392
0.865625 0.875 13392
0.865625 0.875 13392
0.865625 0.875 13392
0.865625 0.875 13392
0.865625 0.875 13392
0.865625 0.875 13392
0.865625 0.875 13392
0.865625 0.875 13392
0.865625 0.875 13392
0.865625 0.875 13392
0.865625 0.875 13392
0.865625 0.875 13392
0.865625 0.875 13392
0.865625 0.875 13392
0.865625 0.875 13392
0.865625 0.875 13392
0.865625 0.875 13392
0.865625 0.875 13392
0.865625 0.875 13392
0.865625 0.875 13392
0.865625 0.875 13392
0.865625 0.875 13392
0.865625 0.875 13392
0.865625 0.875 13392
0.865625 0.875 13392
0.865625 0.875 13392
0.865625 0.875 13392
0.865625 0.875 13392
0.865625 0.875 13392
0.865625 0.875 13392
0.865625 0.875 13392
0.865625 0.875 13392
0.865625 0.875 13392
0.865625 0.875 13392
0.865625 0.875 13392
0.865625 0.875 13392
0.865625 0.875 13392
0.865625 0.875 13392
0.865625 0.871875 13392
0.865625 0.86875 13392
0.865625 0.86875 13392
0.865625 0.86875 13392
0.865625 0.86875 13392
0.865625 0.86875 13392
0.865625 0.86875 13392
0.865625 0.86875 13392
0.865625 0.86875 13392
0.865625 0.86875 13392
0.865625 0.86875 13392
0.865625 0.86875 13392
0.865625 0.86875 13392
0.865625 0.86875 13392
0.865625 0.86875 13392
0.865625 0.86875 13392
0.865625 0.86875 13392
0.865625 0.86875 13392
0.865625 0.86875 13392
0.865625 0.86875 13392
0.865625 0.86875 13392
0.865625 0.86875 13392
0.865625 0.86875 13392
0.865625 0.86875 13392
0.865625 0.86875 13392
0.865625 0.86875 13392
0.865625 0.86875 13392
0.865625 0.8625 13392
0.865625 0.8625 13392
0.865625 0.8625 13392
0.865625 0.8625 13392
0.865625 0.8625 13392
0.865625 0.8625 13392
0.865625 0.8625 13392
0.865625 0.8625 13392
0.865625 0.8625 13392
0.865625 0.8625 13392
0.865625 0.8625 13392
0.865625 0.8625 13392
0.865625 0.8625 13392
0.865625 0.8625 13392
0.865625 0.8625 13392
0.865625 0.8625 13392
0.865625 0.8625 13392
0.865625 0.8625 13392
0.865625 0.8625 13392
0.865625 0.8625 13392
0.865625 0.8625 13392
0.865625 0.8625 13392
0.865625 0.8625 13392
0.865625 0.8625 13392
0.865625 0.8625 13392
0.865625 0.8625 13392
0.865625 0.8625 13392
0.865625 0.8625 13392
0.865625 0.8625 13392
0.865625 0.8625 13392
0.865625 0.8625 13392
0.865625 0.8625 13392
0.865625 0.8625 13392
0.865625 0.8625 13392
0.865625 0.8625 13392
0.865625 0.8625 13392
0.865625 0.8625 13392
0.865625 0.8625 13392
0.865625 0.8625 13392
0.865625 0.8625 13392
0.865625 0.8625 13392
0.865625 0.8625 13392
0.865625 0.8625 13392
0.865625 0.8625 13392
0.865625 0.8625 13392
0.865625 0.8625 13392
0.865625 0.8625 13392
0.865625 0.8625 13392
0.865625 0.8625 13392
0.865625 0.8625 13392
0.865625 0.8625 13392
0.865625 0.8625 13392
0.865625 0.8625 13392
0.865625 0.8625 13392
0.865625 0.8625 13392
0.865625 0.8625 13392
0.865625 0.8625 13392
0.865625 0.8625 13392
0.865625 0.8625 13392
0.865625 0.8625 13392
0.865625 0.8625 13392
0.865625 0.8625 13392
0.865625 0.8625 13392
0.865625 0.8625 13392
0.865625 0.8625 13392
0.865625 0.8625 13392
0.865625 0.8625 13392
0.865625 0.8625 13392
0.865625 0.8625 13392
0.865625 0.8625 13392
0.865625 0.8625 13392
0.865625 0.8625 13392
0.865625 0.8625 13392
0.865625 0.8625 13392
0.865625 0.8625 13392
0.865625 0.8625 13392
0.865625 0.8625 13392
0.865625 0.8625 13392
0.865625 0.8625 13392
0.865625 0.8625 13392
0.865625 0.8625 13392
0.865625 0.8625 13392
0.865625 0.8625 13392
0.865625 0.8625 13392
0.865625 0.8625 13392
0.865625 0.8625 13392
0.865625 0.8625 13392
0.865625 0.8625 13392
0.865625 0.8625 13392
0.865625 0.8625 13392
0.865625 0.8625 13392
0.865625 0.8625 13392
0.865625 0.8625 13392
0.865625 0.8625 13392
0.865625 0.8625 13392
0.865625 0.8625 13392
0.865625 0.8625 13392
0.865625 0.8625 13392
0.865625 0.8625 13392
0.865625 0.8625 13392
0.865625 0.8625 13392
0.865625 0.8625 13392
0.865625 0.8625 13392
0.865625 0.8625 13392
0.865625 0.8625 13392
0.865625 0.8625 13392
0.865625 0.8625 13392
0.865625 0.8625 13392
0.865625 0.86875 13392
0.865625 0.86875 13392
0.865625 0.86875 13392
0.865625 0.86875 13392
0.865625 0.86875 13392
0.865625 0.86875 13392
0.865625 0.86875 13392
0.865625 0.86875 13392
0.865625 0.86875 13392
0.865625 0.86875 13392
0.865625 0.86875 13392
0.865625 0.86875 13392
0.865625 0.86875 13392
0.865625 0.86875 13392
0.865625 0.8625 13392
0.865625 0.8625 13392
0.865625 0.8625 13392
0.865625 0.8625 13392
0.865625 0.8625 13392
0.865625 0.8625 13392
0.865625 0.8625 13392
0.865625 0.8625 13392
0.865625 0.8625 13392
0.865625 0.8625 13392
0.865625 0.8625 13392
0.865625 0.8625 13392
0.865625 0.8625 13392
0.865625 0.8625 13392
0.865625 0.8625 13392
0.865625 0.8625 13392
0.865625 0.8625 13392
0.865625 0.8625 13392
0.865625 0.8625 13392
0.865625 0.8625 13392
0.865625 0.8625 13392
0.865625 0.8625 13392
0.865625 0.8625 13392
0.865625 0.8625 13392
0.865625 0.8625 13392
0.865625 0.8625 13392
0.865625 0.8625 13392
0.865625 0.8625 13392
0.865625 0.8625 13392
0.865625 0.8625 13392
0.865625 0.8625 13392
0.865625 0.8625 13392
0.865625 0.8625 13392
0.865625 0.8625 13392
0.865625 0.8625 13392
0.865625 0.8625 13392
0.865625 0.8625 13392
0.865625 0.8625 13392
0.865625 0.8625 13392
0.865625 0.8625 13392
0.865625 0.8625 13392
0.865625 0.8625 13392
0.865625 0.8625 13392
0.865625 0.8625 13392
0.865625 0.8625 13392
0.865625 0.8625 13392
0.865625 0.8625 13392
0.865625 0.8625 13392
0.865625 0.8625 13392
0.865625 0.8625 13392
0.865625 0.8625 13392
0.865625 0.8625 13392
0.865625 0.8625 13392
0.865625 0.8625 13392
0.865625 0.8625 13392
0.865625 0.8625 13392
0.865625 0.8625 13392
0.865625 0.8625 13392
0.865625 0.8625 13392
0.865625 0.8625 13392
0.865625 0.8625 13392
0.865625 0.8625 13392
0.865625 0.8625 13392
0.865625 0.8625 13392
0.865625 0.8625 13392
0.865625 0.8625 13392
0.865625 0.8625 13392
0.865625 0.8625 13392
0.865625 0.8625 13392
0.865625 0.8625 13392
0.865625 0.8625 13392
0.865625 0.8625 13392
0.865625 0.8625 13392
0.865625 0.8625 13392
0.865625 0.8625 13392
0.865625 0.8625 13392
0.865625 0.8625 13392
0.865625 0.8625 13392
0.865625 0.8625 13392
0.865625 0.8625 13392
0.865625 0.8625 13392
0.865625 0.8625 13392
0.865625 0.8625 13392
0.865625 0.8625 13392
0.865625 0.8625 13392
0.865625 0.8625 13392
0.865625 0.8625 13392
0.865625 0.8625 13392
0.865625 0.8625 13392
0.865625 0.8625 13392
0.865625 0.8625 13392
0.865625 0.8625 13392
0.865625 0.8625 13392
0.865625 0.8625 13392
0.865625 0.8625 13392
0.865625 0.8625 13392
0.865625 0.8625 13392
0.865625 0.8625 13392
0.865625 0.8625 13392
0.865625 0.8625 13392
0.865625 0.8625 13392
0.865625 0.8625 13392
0.865625 0.8625 13392
0.865625 0.8625 13392
0.865625 0.8625 13392
0.865625 0.8625 13392
0.865625 0.8625 13392
0.865625 0.8625 13392
0.865625 0.8625 13392
0.865625 0.8625 13392
0.865625 0.8625 13392
0.865625 0.8625 13392
0.865625 0.8625 13392
0.865625 0.8625 13392
0.865625 0.8625 13392
0.865625 0.8625 13392
0.865625 0.8625 13392
0.865625 0.8625 13392
0.865625 0.8625 13392
0.865625 0.8625 13392
0.865625 0.8625 13392
0.865625 0.8625 13392
0.865625 0.8625 13392
0.865625 0.8625 13392
0.865625 0.8625 13392
0.865625 0.8625 13392
0.865625 0.8625 13392
0.865625 0.8625 13392
0.865625 0.8625 13392
0.865625 0.8625 13392
0.865625 0.8625 13392
0.865625 0.8625 13392
0.865625 0.8625 13392
0.865625 0.8625 13392
0.865625 0.8625 13392
0.865625 0.8625 13392
0.865625 0.8625 13392
0.865625 0.86875 13392
0.865625 0.86875 13392
0.865625 0.86875 13392
0.865625 0.86875 13392
0.865625 0.86875 13392
0.865625 0.86875 13392
0.865625 0.86875 13392
0.865625 0.86875 13392
0.865625 0.86875 13392
0.865625 0.86875 13392
0.865625 0.86875 13392
0.865625 0.86875 13392
0.865625 0.86875 13392
0.865625 0.86875 13392
0.865625 0.86875 13392
0.865625 0.86875 13392
0.865625 0.86875 13392
0.865625 0.86875 13392
0.865625 0.86875 13392
0.865625 0.86875 13392
0.865625 0.86875 13392
0.865625 0.86875 13392
0.865625 0.86875 13392
0.865625 0.86875 13392
0.865625 0.86875 13392
0.865625 0.86875 13392
0.865625 0.86875 13392
0.865625 0.86875 13392
0.865625 0.86875 13392
0.865625 0.86875 13392
0.865625 0.86875 13392
0.865625 0.86875 13392
0.865625 0.86875 13392
0.865625 0.86875 13392
0.865625 0.86875 13392
0.865625 0.86875 13392
0.865625 0.86875 13392
0.865625 0.86875 13392
0.865625 0.86875 13392
0.865625 0.86875 13392
0.865625 0.86875 13392
0.865625 0.86875 13392
0.865625 0.86875 13392
0.865625 0.86875 13392
0.865625 0.86875 13392
0.865625 0.86875 13392
0.865625 0.86875 13392
0.865625 0.86875 13392
0.865625 0.86875 13392
0.865625 0.86875 13392
0.865625 0.86875 13392
0.865625 0.86875 13392
0.865625 0.86875 13392
0.865625 0.86875 13392
0.865625 0.86875 13392
0.865625 0.86875 13392
0.865625 0.86875 13392
0.865625 0.86875 13392
0.865625 0.86875 13392
0.865625 0.86875 13392
0.865625 0.86875 13392
0.865625 0.86875 13392
0.865625 0.86875 13392
0.865625 0.86875 13392
0.865625 0.86875 13392
0.865625 0.86875 13392
0.865625 0.86875 13392
0.865625 0.86875 13392
0.865625 0.86875 13392
0.865625 0.86875 13392
0.865625 0.86875 13392
0.865625 0.86875 13392
0.865625 0.8625 13392
0.865625 0.8625 13392
0.865625 0.8625 13392
0.865625 0.8625 13392
0.865625 0.8625 13392
0.865625 0.8625 13392
0.865625 0.8625 13392
0.865625 0.8625 13392
0.865625 0.8625 13392
0.865625 0.8625 13392
0.865625 0.85625 13392
0.865625 0.85625 13392
0.865625 0.85625 13392
0.865625 0.85625 13392
0.865625 0.85625 13392
0.865625 0.85625 13392
0.865625 0.85 13392
0.865625 0.85 13392
0.865625 0.85 13392
0.865625 0.853125 13392
0.865625 0.85 13392
0.865625 0.85 13392
0.865625 0.85 13392
0.865625 0.85 13392
0.865625 0.85 13392
0.865625 0.85 13392
0.865625 0.85 13392
0.865625 0.85 13392
0.865625 0.85 13392
0.865625 0.85 13392
0.865625 0.85 13392
0.865625 0.85 13392
0.865625 0.85 13392
0.865625 0.85 13392
0.865625 0.85 13392
0.865625 0.85 13392
0.865625 0.85 13392
0.865625 0.85 13392
0.865625 0.85 13392
0.865625 0.85 13392
0.865625 0.85 13392
0.865625 0.85 13392
0.865625 0.85 13392
0.865625 0.85 13392
0.865625 0.85 13392
0.865625 0.85 13392
0.865625 0.85 13392
0.865625 0.85 13392
0.865625 0.85 13392
0.865625 0.85 13392
0.865625 0.85 13392
0.865625 0.85 13392
0.865625 0.85 13392
0.865625 0.85 13392
0.865625 0.85 13392
0.865625 0.85 13392
0.865625 0.85 13392
0.865625 0.85 13392
0.865625 0.85 13392
0.865625 0.85 13392
0.865625 0.85 13392
0.865625 0.85 13392
0.865625 0.85 13392
0.865625 0.85 13392
0.865625 0.85 13392
0.865625 0.85 13392
0.865625 0.85 13392
0.865625 0.85 13392
0.865625 0.85 13392
0.865625 0.85 13392
0.865625 0.85 13392
0.865625 0.85 13392
0.865625 0.85 13392
0.865625 0.85 13392
0.865625 0.85 13392
0.865625 0.85 13392
0.865625 0.85 13392
0.865625 0.85 13392
0.865625 0.85 13392
0.865625 0.85 13392
0.865625 0.84375 13392
0.865625 0.84375 13392
0.865625 0.84375 13392
0.865625 0.84375 13392
0.865625 0.84375 13392
0.865625 0.84375 13392
0.865625 0.84375 13392
0.865625 0.84375 13392
0.865625 0.84375 13392
0.865625 0.84375 13392
0.865625 0.84375 13392
0.865625 0.84375 13392
0.865625 0.84375 13392
0.865625 0.84375 13392
0.865625 0.84375 13392
0.865625 0.8375 13392
0.865625 0.8375 13392
0.865625 0.8375 13392
0.865625 0.8375 13392
0.865625 0.8375 13392
0.865625 0.8375 13392
0.865625 0.8375 13392
0.865625 0.8375 13392
0.865625 0.8375 13392
0.865625 0.8375 13392
0.865625 0.8375 13392
0.865625 0.8375 13392
0.865625 0.8375 13392
0.865625 0.8375 13392
0.865625 0.8375 13392
0.865625 0.8375 13392
0.865625 0.8375 13392
0.865625 0.8375 13392
0.865625 0.8375 13392
0.865625 0.8375 13392
0.865625 0.8375 13392
0.865625 0.8375 13392
0.865625 0.8375 13392
0.865625 0.8375 13392
0.865625 0.8375 13392
0.865625 0.8375 13392
0.865625 0.8375 13392
0.865625 0.8375 13392
0.865625 0.8375 13392
0.865625 0.8375 13392
0.865625 0.8375 13392
0.865625 0.8375 13392
0.865625 0.8375 13392
0.865625 0.8375 13392
0.865625 0.8375 13392
0.865625 0.8375 13392
0.865625 0.8375 13392
0.865625 0.8375 13392
0.865625 0.8375 13392
0.865625 0.8375 13392
0.865625 0.8375 13392
0.865625 0.8375 13392
0.865625 0.8375 13392
0.865625 0.834375 13392
0.865625 0.83125 13392
0.865625 0.83125 13392
0.865625 0.83125 13392
0.865625 0.83125 13392
0.865625 0.83125 13392
0.865625 0.83125 13392
0.865625 0.83125 13392
0.865625 0.83125 13392
0.865625 0.83125 13392
0.865625 0.83125 13392
0.865625 0.83125 13392
0.865625 0.83125 13392
0.865625 0.83125 13392
0.865625 0.83125 13392
0.865625 0.83125 13392
0.865625 0.83125 13392
0.865625 0.83125 13392
0.865625 0.83125 13392
0.865625 0.83125 13392
0.865625 0.83125 13392
0.865625 0.83125 13392
0.865625 0.83125 13392
0.865625 0.83125 13392
0.865625 0.83125 13392
0.865625 0.83125 13392
0.865625 0.83125 13392
0.865625 0.83125 13392
0.865625 0.83125 13392
0.865625 0.83125 13392
0.865625 0.83125 13392
0.865625 0.83125 13392
0.865625 0.83125 13392
0.865625 0.83125 13392
0.865625 0.83125 13392
0.865625 0.83125 13392
0.865625 0.83125 13392
0.865625 0.83125 13392
0.865625 0.83125 13392
0.865625 0.83125 13392
0.865625 0.83125 13392
0.865625 0.83125 13392
0.865625 0.83125 13392
0.865625 0.83125 13392
0.865625 0.83125 13392
0.865625 0.83125 13392
0.865625 0.83125 13392
0.865625 0.83125 13392
0.865625 0.83125 13392
0.865625 0.83125 13392
0.865625 0.83125 13392
0.865625 0.83125 13392
0.865625 0.83125 13392
0.865625 0.83125 13392
0.865625 0.83125 13392
0.865625 0.83125 13392
0.865625 0.83125 13392
0.865625 0.83125 13392
0.865625 0.83125 13392
0.865625 0.83125 13392
0.865625 0.83125 13392
0.865625 0.83125 13392
0.865625 0.83125 13392
0.865625 0.83125 13392
0.865625 0.83125 13392
0.865625 0.83125 13392
0.865625 0.83125 13392
0.865625 0.83125 13392
0.865625 0.83125 13392
0.865625 0.83125 13392
0.865625 0.83125 13392
0.865625 0.83125 13392
0.865625 0.83125 13392
0.865625 0.83125 13392
0.865625 0.83125 13392
0.865625 0.83125 13392
0.865625 0.83125 13392
0.865625 0.83125 13392
0.865625 0.83125 13392
0.865625 0.83125 13392
0.865625 0.825 13392
0.865625 0.825 13392
0.865625 0.825 13392
0.865625 0.825 13392
0.865625 0.825 13392
0.865625 0.825 13392
0.865625 0.825 13392
0.865625 0.825 13392
0.865625 0.825 13392
0.865625 0.825 13392
0.865625 0.825 13392
0.865625 0.825 13392
0.865625 0.825 13392
0.865625 0.825 13392
0.865625 0.825 13392
0.865625 0.825 13392
0.865625 0.825 13392
0.865625 0.825 13392
0.865625 0.825 13392
0.865625 0.825 13392
0.865625 0.825 13392
0.865625 0.825 13392
0.865625 0.825 13392
0.865625 0.825 13392
0.865625 0.825 13392
0.865625 0.825 13392
0.865625 0.825 13392
0.865625 0.825 13392
0.865625 0.825 13392
0.865625 0.825 13392
0.865625 0.825 13392
0.865625 0.825 13392
0.865625 0.825 13392
0.865625 0.825 13392
0.865625 0.825 13392
0.865625 0.825 13392
0.865625 0.825 13392
0.865625 0.825 13392
0.865625 0.825 13392
0.865625 0.825 13392
0.865625 0.825 13392
0.865625 0.825 13392
0.865625 0.825 13392
0.865625 0.825 13392
0.865625 0.825 13392
0.865625 0.825 13392
0.865625 0.825 13392
0.865625 0.825 13392
0.865625 0.825 13392
0.865625 0.825 13392
0.865625 0.825 13392
0.865625 0.825 13392
0.865625 0.825 13392
0.865625 0.825 13392
0.865625 0.825 13392
0.865625 0.825 13392
0.865625 0.825 13392
0.865625 0.825 13392
0.865625 0.825 13392
0.865625 0.821875 13392
0.865625 0.81875 13392
0.865625 0.81875 13392
0.865625 0.81875 13392
0.865625 0.81875 13392
0.865625 0.81875 13392
0.865625 0.81875 13392
0.865625 0.81875 13392
0.865625 0.81875 13392
0.865625 0.81875 13392
0.865625 0.81875 13392
0.865625 0.81875 13392
0.865625 0.81875 13392
0.865625 0.81875 13392
0.865625 0.81875 13392
0.865625 0.81875 13392
0.865625 0.81875 13392
0.865625 0.81875 13392
0.865625 0.81875 13392
0.865625 0.81875 13392
0.865625 0.81875 13392
0.865625 0.81875 13392
0.865625 0.81875 13392
0.865625 0.81875 13392
0.865625 0.81875 13392
0.865625 0.81875 13392
0.865625 0.81875 13392
0.865625 0.81875 13392
0.865625 0.81875 13392
0.865625 0.81875 13392
0.865625 0.81875 13392
0.865625 0.81875 13392
0.865625 0.81875 13392
0.865625 0.81875 13392
0.865625 0.81875 13392
0.865625 0.81875 13392
0.865625 0.81875 13392
0.865625 0.81875 13392
0.865625 0.81875 13392
0.865625 0.81875 13392
0.865625 0.81875 13392
0.865625 0.81875 13392
0.865625 0.81875 13392
0.865625 0.81875 13392
0.865625 0.81875 13392
0.865625 0.81875 13392
0.865625 0.81875 13392
0.865625 0.81875 13392
0.865625 0.81875 13392
0.865625 0.81875 13392
0.865625 0.81875 13392
0.865625 0.81875 13392
0.865625 0.81875 13392
0.865625 0.81875 13392
0.865625 0.81875 13392
0.865625 0.81875 13392
0.865625 0.81875 13392
0.865625 0.81875 13392
0.865625 0.81875 13392
0.865625 0.81875 13392
0.865625 0.81875 13392
0.865625 0.81875 13392
0.865625 0.81875 13392
0.865625 0.81875 13392
0.865625 0.81875 13392
0.865625 0.81875 13392
0.865625 0.81875 13392
0.865625 0.81875 13392
0.865625 0.81875 13392
0.865625 0.81875 13392
0.865625 0.81875 13392
0.865625 0.81875 13392
0.865625 0.81875 13392
0.865625 0.81875 13392
0.865625 0.8125 13392
0.865625 0.8125 13392
0.865625 0.8125 13392
0.865625 0.8125 13392
0.865625 0.8125 13392
0.865625 0.8125 13392
0.865625 0.8125 13392
0.865625 0.8125 13392
0.865625 0.8125 13392
0.865625 0.8125 13392
0.865625 0.8125 13392
0.865625 0.8125 13392
0.865625 0.8125 13392
0.865625 0.8125 13392
0.865625 0.8125 13392
0.865625 0.8125 13392
0.865625 0.8125 13392
0.865625 0.8125 13392
0.865625 0.8125 13392
0.865625 0.8125 13392
0.865625 0.8125 13392
0.865625 0.8125 13392
0.865625 0.8125 13392
0.865625 0.8125 13392
0.865625 0.8125 13392
0.865625 0.8125 13392
0.865625 0.8125 13392
0.865625 0.8125 13392
0.865625 0.8125 13392
0.865625 0.8125 13392
0.865625 0.8125 13392
0.865625 0.8125 13392
0.865625 0.8125 13392
0.865625 0.8125 13392
0.865625 0.8125 13392
0.865625 0.8125 13392
0.865625 0.8125 13392
0.865625 0.8125 13392
0.865625 0.8125 13392
0.865625 0.8125 13392
0.865625 0.8125 13392
0.865625 0.8125 13392
0.865625 0.8125 13392
0.865625 0.8125 13392
0.865625 0.8125 13392
0.865625 0.8125 13392
0.865625 0.8125 13392
0.865625 0.8125 13392
0.865625 0.8125 13392
0.865625 0.8125 13392
0.865625 0.8125 13392
0.865625 0.8125 13392
0.865625 0.8125 13392
0.865625 0.8125 13392
0.865625 0.8125 13392
0.865625 0.8125 13392
0.865625 0.8125 13392
0.865625 0.8125 13392
0.865625 0.8125 13392
0.865625 0.8125 13392
0.865625 0.8125 13392
0.865625 0.80625 13392
0.865625 0.80625 13392
0.865625 0.80625 13392
0.865625 0.80625 13392
0.865625 0.80625 13392
0.865625 0.80625 13392
0.865625 0.80625 13392
0.865625 0.80625 13392
0.865625 0.80625 13392
0.865625 0.80625 13392
0.865625 0.80625 13392
0.865625 0.80625 13392
0.865625 0.80625 13392
0.865625 0.80625 13392
0.865625 0.80625 13392
0.865625 0.80625 13392
0.865625 0.80625 13392
0.865625 0.80625 13392
0.865625 0.80625 13392
0.865625 0.80625 13392
0.865625 0.80625 13392
0.865625 0.80625 13392
0.865625 0.80625 13392
0.865625 0.80625 13392
0.865625 0.80625 13392
0.865625 0.80625 13392
0.865625 0.80625 13392
0.865625 0.803125 13392
0.865625 0.8 13392
0.865625 0.8 13392
0.865625 0.8 13392
0.865625 0.8 13392
0.865625 0.8 13392
0.865625 0.8 13392
0.865625 0.8 13392
0.865625 0.8 13392
0.865625 0.8 13392
0.865625 0.8 13392
0.865625 0.8 13392
0.865625 0.8 13392
0.865625 0.8 13392
0.865625 0.8 13392
0.865625 0.8 13392
0.865625 0.8 13392
0.865625 0.8 13392
0.865625 0.8 13392
0.865625 0.8 13392
0.865625 0.8 13392
0.865625 0.8 13392
0.865625 0.8 13392
0.865625 0.8 13392
0.865625 0.8 13392
0.865625 0.8 13392
0.865625 0.8 13392
0.865625 0.8 13392
0.865625 0.8 13392
0.865625 0.8 13392
0.865625 0.8 13392
0.865625 0.8 13392
0.865625 0.8 13392
0.865625 0.8 13392
0.865625 0.8 13392
0.865625 0.8 13392
0.865625 0.8 13392
0.865625 0.8 13392
0.865625 0.8 13392
0.865625 0.8 13392
0.865625 0.8 13392
0.865625 0.8 13392
0.865625 0.8 13392
0.865625 0.8 13392
0.865625 0.8 13392
0.865625 0.8 13392
0.865625 0.8 13392
0.865625 0.8 13392
0.865625 0.8 13392
0.865625 0.8 13392
0.865625 0.8 13392
0.865625 0.8 13392
0.865625 0.8 13392
0.865625 0.8 13392
0.865625 0.8 13392
0.865625 0.8 13392
0.865625 0.8 13392
0.865625 0.8 13392
0.865625 0.8 13392
0.865625 0.8 13392
0.865625 0.8 13392
0.865625 0.8 13392
0.865625 0.8 13392
0.865625 0.8 13392
0.865625 0.8 13392
0.865625 0.8 13392
0.865625 0.8 13392
0.865625 0.8 13392
0.865625 0.8 13392
0.865625 0.8 13392
0.865625 0.8 13392
0.865625 0.8 13392
0.865625 0.8 13392
0.865625 0.8 13392
0.865625 0.8 13392
0.865625 0.8 13392
0.865625 0.8 13392
0.865625 0.8 13392
0.865625 0.8 13392
0.865625 0.8 13392
0.865625 0.8 13392
0.865625 0.8 13392
0.865625 0.8 13392
0.865625 0.8 13392
0.865625 0.8 13392
0.865625 0.8 13392
0.865625 0.8 13392
0.865625 0.8 13392
0.865625 0.8 13392
0.865625 0.8 13392
0.865625 0.8 13392
0.865625 0.8 13392
0.865625 0.8 13392
0.865625 0.8 13392
0.865625 0.8 13392
0.865625 0.8 13392
0.865625 0.8 13392
0.865625 0.8 13392
0.865625 0.8 13392
0.865625 0.8 13392
0.865625 0.8 13392
0.865625 0.8 13392
0.865625 0.8 13392
0.865625 0.8 13392
0.865625 0.8 13392
0.865625 0.8 13392
0.865625 0.8 13392
0.865625 0.8 13392
0.865625 0.8 13392
0.865625 0.8 13392
0.865625 0.8 13392
0.865625 0.8 13392
0.865625 0.8 13392
0.865625 0.8 13392
0.865625 0.8 13392
0.865625 0.8 13392
0.865625 0.8 13392
0.865625 0.8 13392
0.865625 0.8 13392
0.865625 0.8 13392
0.865625 0.8 13392
0.865625 0.8 13392
0.865625 0.8 13392
0.865625 0.8 13392
0.865625 0.8 13392
0.865625 0.8 13392
0.865625 0.8 13392
0.865625 0.8 13392
0.865625 0.8 13392
0.865625 0.8 13392
0.865625 0.8 13392
0.865625 0.8 13392
0.865625 0.8 13392
0.865625 0.8 13392
0.865625 0.8 13392
0.865625 0.8 13392
0.865625 0.8 13392
0.865625 0.8 13392
0.865625 0.8 13392
0.865625 0.8 13392
0.865625 0.8 13392
0.865625 0.8 13392
0.865625 0.8 13392
0.865625 0.8 13392
0.865625 0.8 13392
0.865625 0.8 13392
0.865625 0.8 13392
0.865625 0.8 13392
0.865625 0.8 13392
0.865625 0.8 13392
0.865625 0.796875 13392
0.865625 0.79375 13392
0.865625 0.79375 13392
0.865625 0.79375 13392
0.865625 0.79375 13392
0.865625 0.79375 13392
0.865625 0.79375 13392
0.865625 0.79375 13392
0.865625 0.79375 13392
0.865625 0.79375 13392
0.865625 0.79375 13392
0.865625 0.79375 13392
0.865625 0.79375 13392
0.865625 0.79375 13392
0.865625 0.79375 13392
0.865625 0.79375 13392
0.865625 0.79375 13392
0.865625 0.79375 13392
0.865625 0.79375 13392
0.865625 0.79375 13392
0.865625 0.79375 13392
0.865625 0.79375 13392
0.865625 0.79375 13392
0.865625 0.79375 13392
0.865625 0.79375 13392
0.865625 0.79375 13392
0.865625 0.79375 13392
0.865625 0.79375 13392
0.865625 0.79375 13392
0.865625 0.79375 13392
0.865625 0.79375 13392
0.865625 0.79375 13392
0.865625 0.79375 13392
0.865625 0.79375 13392
0.865625 0.79375 13392
0.865625 0.79375 13392
0.865625 0.79375 13392
0.865625 0.79375 13392
0.865625 0.79375 13392
0.865625 0.79375 13392
0.865625 0.79375 13392
0.865625 0.79375 13392
0.865625 0.79375 13392
0.865625 0.79375 13392
0.865625 0.79375 13392
0.865625 0.79375 13392
0.865625 0.79375 13392
0.865625 0.79375 13392
0.865625 0.79375 13392
0.865625 0.79375 13392
0.865625 0.79375 13392
0.865625 0.79375 13392
0.865625 0.79375 13392
0.865625 0.79375 13392
0.865625 0.79375 13392
0.865625 0.79375 13392
0.865625 0.79375 13392
0.865625 0.79375 13392
0.865625 0.79375 13392
0.865625 0.79375 13392
0.865625 0.79375 13392
0.865625 0.79375 13392
0.865625 0.79375 13392
0.865625 0.79375 13392
0.865625 0.79375 13392
0.865625 0.79375 13392
0.865625 0.8 13392
0.865625 0.8 13392
0.865625 0.8 13392
0.865625 0.8 13392
0.865625 0.8 13392
0.865625 0.8 13392
0.865625 0.8 13392
0.865625 0.8 13392
0.865625 0.8 13392
0.865625 0.8 13392
0.865625 0.8 13392
0.865625 0.8 13392
0.865625 0.8 13392
0.865625 0.8 13392
0.865625 0.8 13392
0.865625 0.8 13392
0.865625 0.8 13392
0.865625 0.8 13392
0.865625 0.8 13392
0.865625 0.8 13392
0.865625 0.8 13392
0.865625 0.8 13392
0.865625 0.8 13392
0.865625 0.8 13392
0.865625 0.8 13392
0.865625 0.8 13392
0.865625 0.8 13392
0.865625 0.8 13392
0.865625 0.8 13392
0.865625 0.8 13392
0.865625 0.8 13392
0.865625 0.8 13392
0.865625 0.8 13392
0.865625 0.8 13392
0.865625 0.8 13392
0.865625 0.8 13392
0.865625 0.8 13392
0.865625 0.8 13392
0.865625 0.8 13392
0.865625 0.8 13392
0.865625 0.8 13392
0.865625 0.8 13392
0.865625 0.8 13392
0.865625 0.8 13392
0.865625 0.8 13392
0.865625 0.8 13392
0.865625 0.8 13392
0.865625 0.8 13392
0.865625 0.8 13392
0.865625 0.8 13392
0.865625 0.8 13392
0.865625 0.8 13392
0.865625 0.8 13392
0.865625 0.8 13392
0.865625 0.8 13392
0.865625 0.8 13392
0.865625 0.8 13392
0.865625 0.8 13392
0.865625 0.8 13392
0.865625 0.8 13392
0.865625 0.8 13392
0.865625 0.8 13392
0.865625 0.8 13392
0.865625 0.8 13392
0.865625 0.8 13392
0.865625 0.8 13392
0.865625 0.8 13392
0.865625 0.8 13392
0.865625 0.8 13392
0.865625 0.8 13392
0.865625 0.8 13392
0.865625 0.8 13392
0.865625 0.8 13392
0.865625 0.8 13392
0.865625 0.8 13392
0.865625 0.8 13392
0.865625 0.8 13392
0.865625 0.8 13392
0.865625 0.8 13392
0.865625 0.8 13392
0.865625 0.8 13392
0.865625 0.8 13392
0.865625 0.8 13392
0.865625 0.8 13392
0.865625 0.8 13392
0.865625 0.8 13392
0.865625 0.8 13392
0.865625 0.8 13392
0.865625 0.8 13392
0.865625 0.8 13392
0.865625 0.8 13392
0.865625 0.8 13392
0.865625 0.8 13392
0.865625 0.8 13392
0.865625 0.8 13392
0.865625 0.8 13392
0.865625 0.8 13392
0.865625 0.8 13392
0.865625 0.8 13392
0.865625 0.8 13392
0.865625 0.8 13392
0.865625 0.8 13392
0.865625 0.8 13392
0.865625 0.8 13392
0.865625 0.8 13392
0.865625 0.8 13392
0.865625 0.8 13392
0.865625 0.8 13392
0.865625 0.8 13392
0.865625 0.8 13392
0.865625 0.8 13392
0.865625 0.8 13392
0.865625 0.8 13392
0.865625 0.8 13392
0.865625 0.8 13392
0.865625 0.8 13392
0.865625 0.8 13392
0.865625 0.8 13392
0.865625 0.8 13392
0.865625 0.8 13392
0.865625 0.8 13392
0.865625 0.8 13392
0.865625 0.8 13392
0.865625 0.8 13392
0.865625 0.8 13392
0.865625 0.8 13392
0.865625 0.8 13392
0.865625 0.8 13392
0.865625 0.8 13392
0.865625 0.8 13392
0.865625 0.8 13392
0.865625 0.8 13392
0.865625 0.8 13392
0.865625 0.8 13392
0.865625 0.8 13392
0.865625 0.8 13392
0.865625 0.8 13392
0.865625 0.8 13392
0.865625 0.8 13392
0.865625 0.8 13392
0.865625 0.8 13392
0.865625 0.80625 13392
0.865625 0.80625 13392
0.865625 0.80625 13392
0.865625 0.80625 13392
0.865625 0.80625 13392
0.865625 0.80625 13392
0.865625 0.80625 13392
0.865625 0.80625 13392
0.865625 0.80625 13392
0.865625 0.80625 13392
0.865625 0.80625 13392
0.865625 0.80625 13392
0.865625 0.80625 13392
0.865625 0.80625 13392
0.865625 0.80625 13392
0.865625 0.80625 13392
0.865625 0.80625 13392
0.865625 0.80625 13392
0.865625 0.80625 13392
0.865625 0.80625 13392
0.865625 0.80625 13392
0.865625 0.80625 13392
0.865625 0.80625 13392
0.865625 0.80625 13392
0.865625 0.80625 13392
0.865625 0.80625 13392
0.865625 0.80625 13392
0.865625 0.80625 13392
0.865625 0.80625 13392
0.865625 0.80625 13392
0.865625 0.80625 13392
0.865625 0.80625 13392
0.865625 0.80625 13392
0.865625 0.80625 13392
0.865625 0.80625 13392
0.865625 0.80625 13392
0.865625 0.80625 13392
0.865625 0.80625 13392
0.865625 0.80625 13392
0.865625 0.80625 13392
0.865625 0.80625 13392
0.865625 0.80625 13392
0.865625 0.80625 13392
0.865625 0.80625 13392
0.865625 0.80625 13392
0.865625 0.80625 13392
0.865625 0.80625 13392
0.865625 0.8 13392
0.865625 0.8 13392
0.865625 0.8 13392
0.865625 0.8 13392
0.865625 0.8 13392
0.865625 0.8 13392
0.865625 0.8 13392
0.865625 0.8 13392
0.865625 0.8 13392
0.865625 0.8 13392
0.865625 0.8 13392
0.865625 0.8 13392
0.865625 0.8 13392
0.865625 0.8 13392
0.865625 0.8 13392
0.865625 0.8 13392
0.865625 0.8 13392
0.865625 0.8 13392
0.865625 0.8 13392
0.865625 0.8 13392
0.865625 0.8 13392
0.865625 0.8 13392
0.865625 0.8 13392
0.865625 0.8 13392
0.865625 0.8 13392
0.865625 0.8 13392
0.865625 0.8 13392
0.865625 0.8 13392
0.865625 0.8 13392
0.865625 0.8 13392
0.865625 0.8 13392
0.865625 0.8 13392
0.865625 0.8 13392
0.865625 0.8 13392
0.865625 0.8 13392
0.865625 0.8 13392
0.865625 0.8 13392
0.865625 0.8 13392
0.865625 0.8 13392
0.865625 0.8 13392
0.865625 0.8 13392
0.865625 0.8 13392
0.865625 0.8 13392
0.865625 0.8 13392
0.865625 0.8 13392
0.865625 0.8 13392
0.865625 0.8 13392
0.865625 0.8 13392
0.865625 0.8 13392
0.865625 0.8 13392
0.865625 0.8 13392
0.865625 0.8 13392
0.865625 0.8 13392
0.865625 0.8 13392
0.865625 0.8 13392
0.865625 0.8 13392
0.865625 0.8 13392
0.865625 0.8 13392
0.865625 0.80625 13392
0.865625 0.80625 13392
0.865625 0.80625 13392
0.865625 0.80625 13392
0.865625 0.80625 13392
0.865625 0.80625 13392
0.865625 0.80625 13392
0.865625 0.80625 13392
0.865625 0.80625 13392
0.865625 0.80625 13392
0.865625 0.80625 13392
0.865625 0.80625 13392
0.865625 0.80625 13392
0.865625 0.80625 13392
0.865625 0.80625 13392
0.865625 0.80625 13392
0.865625 0.80625 13392
0.865625 0.80625 13392
0.865625 0.80625 13392
0.865625 0.80625 13392
0.865625 0.80625 13392
0.865625 0.80625 13392
0.865625 0.80625 13392
0.865625 0.80625 13392
0.865625 0.80625 13392
0.865625 0.80625 13392
0.865625 0.80625 13392
0.865625 0.80625 13392
0.865625 0.80625 13392
0.865625 0.80625 13392
0.865625 0.80625 13392
0.865625 0.80625 13392
0.865625 0.80625 13392
0.865625 0.80625 13392
0.865625 0.80625 13392
0.865625 0.80625 13392
0.865625 0.80625 13392
0.865625 0.80625 13392
0.865625 0.80625 13392
0.865625 0.80625 13392
0.865625 0.80625 13392
0.865625 0.80625 13392
0.865625 0.80625 13392
0.865625 0.80625 13392
0.865625 0.80625 13392
0.865625 0.80625 13392
0.865625 0.80625 13392
0.865625 0.80625 13392
0.865625 0.80625 13392
0.865625 0.80625 13392
0.865625 0.80625 13392
0.865625 0.80625 13392
0.865625 0.80625 13392
0.865625 0.80625 13392
0.865625 0.80625 13392
0.865625 0.80625 13392
0.865625 0.80625 13392
0.865625 0.80625 13392
0.865625 0.80625 13392
0.865625 0.80625 13392
0.865625 0.80625 13392
0.865625 0.80625 13392
0.865625 0.80625 13392
0.865625 0.80625 13392
0.865625 0.80625 13392
0.865625 0.80625 13392
0.865625 0.80625 13392
0.865625 0.80625 13392
0.865625 0.80625 13392
0.865625 0.80625 13392
0.865625 0.80625 13392
0.865625 0.80625 13392
0.865625 0.80625 13392
0.865625 0.80625 13392
0.865625 0.80625 13392
0.865625 0.80625 13392
0.865625 0.80625 13392
0.865625 0.80625 13392
0.865625 0.80625 13392
0.865625 0.80625 13392
0.865625 0.80625 13392
0.865625 0.80625 13392
0.865625 0.80625 13392
0.865625 0.80625 13392
0.865625 0.80625 13392
0.865625 0.80625 13392
0.865625 0.80625 13392
0.865625 0.80625 13392
0.865625 0.80625 13392
0.865625 0.80625 13392
0.865625 0.80625 13392
0.865625 0.80625 13392
0.865625 0.80625 13392
0.865625 0.80625 13392
0.865625 0.80625 13392
0.865625 0.80625 13392
0.865625 0.80625 13392
0.865625 0.80625 13392
0.865625 0.80625 13392
0.865625 0.80625 13392
0.865625 0.80625 13392
0.865625 0.80625 13392
0.865625 0.80625 13392
0.865625 0.80625 13392
0.865625 0.80625 13392
0.865625 0.80625 13392
0.865625 0.80625 13392
0.865625 0.80625 13392
0.865625 0.80625 13392
0.865625 0.80625 13392
0.865625 0.80625 13392
0.865625 0.80625 13392
0.865625 0.80625 13392
0.865625 0.80625 13392
0.865625 0.80625 13392
0.865625 0.80625 13392
0.865625 0.80625 13392
0.865625 0.80625 13392
0.865625 0.80625 13392
0.865625 0.80625 13392
0.865625 0.80625 13392
0.865625 0.80625 13392
0.865625 0.80625 13392
0.865625 0.80625 13392
0.865625 0.80625 13392
0.865625 0.80625 13392
0.865625 0.80625 13392
0.865625 0.80625 13392
0.865625 0.80625 13392
0.865625 0.80625 13392
0.865625 0.80625 13392
0.865625 0.80625 13392
0.865625 0.80625 13392
0.865625 0.80625 13392
0.865625 0.80625 13392
0.865625 0.80625 13392
0.865625 0.80625 13392
0.865625 0.80625 13392
0.865625 0.80625 13392
0.865625 0.80625 13392
0.865625 0.80625 13392
0.865625 0.80625 13392
0.865625 0.80625 13392
0.865625 0.80625 13392
0.865625 0.80625 13392
0.865625 0.80625 13392
0.865625 0.80625 13392
0.865625 0.80625 13392
0.865625 0.80625 13392
0.865625 0.80625 13392
0.865625 0.80625 13392
0.865625 0.80625 13392
0.865625 0.80625 13392
0.865625 0.80625 13392
0.865625 0.80625 13392
0.865625 0.80625 13392
0.865625 0.80625 13392
0.865625 0.80625 13392
0.865625 0.80625 13392
0.865625 0.80625 13392
0.865625 0.80625 13392
0.865625 0.80625 13392
0.865625 0.80625 13392
0.865625 0.80625 13392
0.865625 0.80625 13392
0.865625 0.80625 13392
0.865625 0.80625 13392
0.865625 0.80625 13392
0.865625 0.80625 13392
0.865625 0.80625 13392
0.865625 0.80625 13392
0.865625 0.80625 13392
0.865625 0.80625 13392
0.865625 0.80625 13392
0.865625 0.80625 13392
0.865625 0.80625 13392
0.865625 0.80625 13392
0.865625 0.80625 13392
0.865625 0.80625 13392
0.865625 0.80625 13392
0.865625 0.80625 13392
0.865625 0.80625 13392
0.865625 0.80625 13392
0.865625 0.80625 13392
0.865625 0.80625 13392
0.865625 0.80625 13392
0.865625 0.80625 13392
0.865625 0.80625 13392
0.865625 0.80625 13392
0.865625 0.80625 13392
0.865625 0.80625 13392
0.865625 0.8125 13392
0.865625 0.8125 13392
0.865625 0.8125 13392
0.865625 0.8125 13392
0.865625 0.8125 13392
0.865625 0.8125 13392
0.865625 0.8125 13392
0.865625 0.8125 13392
0.865625 0.8125 13392
0.865625 0.8125 13392
0.865625 0.8125 13392
0.865625 0.8125 13392
0.865625 0.8125 13392
0.865625 0.8125 13392
0.865625 0.8125 13392
0.865625 0.8125 13392
0.865625 0.8125 13392
0.865625 0.8125 13392
0.865625 0.8125 13392
0.865625 0.8125 13392
0.865625 0.8125 13392
0.865625 0.8125 13392
0.865625 0.8125 13392
0.865625 0.8125 13392
0.865625 0.8125 13392
0.865625 0.8125 13392
0.865625 0.8125 13392
0.865625 0.8125 13392
0.865625 0.8125 13392
0.865625 0.8125 13392
0.865625 0.8125 13392
0.865625 0.8125 13392
0.865625 0.8125 13392
0.865625 0.8125 13392
0.865625 0.8125 13392
0.865625 0.8125 13392
0.865625 0.8125 13392
0.865625 0.8125 13392
0.865625 0.8125 13392
0.865625 0.8125 13392
0.865625 0.8125 13392
0.865625 0.8125 13392
0.865625 0.8125 13392
0.865625 0.8125 13392
0.865625 0.8125 13392
0.865625 0.8125 13392
0.865625 0.8125 13392
0.865625 0.8125 13392
0.865625 0.8125 13392
0.865625 0.8125 13392
0.865625 0.8125 13392
0.865625 0.8125 13392
0.865625 0.8125 13392
0.865625 0.8125 13392
0.865625 0.8125 13392
0.865625 0.8125 13392
0.865625 0.8125 13392
0.865625 0.8125 13392
0.865625 0.8125 13392
0.865625 0.8125 13392
0.865625 0.8125 13392
0.865625 0.8125 13392
0.865625 0.8125 13392
0.865625 0.8125 13392
0.865625 0.8125 13392
0.865625 0.8125 13392
0.865625 0.8125 13392
0.865625 0.8125 13392
0.865625 0.81875 13392
0.865625 0.81875 13392
0.865625 0.81875 13392
0.865625 0.81875 13392
0.865625 0.81875 13392
0.865625 0.81875 13392
0.865625 0.81875 13392
0.865625 0.81875 13392
0.865625 0.81875 13392
0.865625 0.81875 13392
0.865625 0.81875 13392
0.865625 0.81875 13392
0.865625 0.81875 13392
0.865625 0.81875 13392
0.865625 0.81875 13392
0.865625 0.81875 13392
0.865625 0.81875 13392
0.865625 0.81875 13392
0.865625 0.81875 13392
0.865625 0.81875 13392
0.865625 0.81875 13392
0.865625 0.81875 13392
0.865625 0.81875 13392
0.865625 0.81875 13392
0.865625 0.81875 13392
0.865625 0.81875 13392
0.865625 0.81875 13392
0.865625 0.81875 13392
0.865625 0.81875 13392
0.865625 0.81875 13392
0.865625 0.81875 13392
0.865625 0.81875 13392
0.865625 0.81875 13392
0.865625 0.81875 13392
0.865625 0.81875 13392
0.865625 0.81875 13392
0.865625 0.81875 13392
0.865625 0.81875 13392
0.865625 0.81875 13392
0.865625 0.81875 13392
0.865625 0.81875 13392
0.865625 0.81875 13392
0.865625 0.815625 13392
0.865625 0.815625 13392
0.865625 0.815625 13392
0.865625 0.8125 13392
0.865625 0.8125 13392
0.865625 0.8125 13392
0.865625 0.8125 13392
0.865625 0.8125 13392
0.865625 0.8125 13392
0.865625 0.8125 13392
0.865625 0.8125 13392
0.865625 0.8125 13392
0.865625 0.8125 13392
0.865625 0.8125 13392
0.865625 0.8125 13392
0.865625 0.8125 13392
0.865625 0.8125 13392
0.865625 0.8125 13392
0.865625 0.8125 13392
0.865625 0.8125 13392
0.865625 0.8125 13392
0.865625 0.8125 13392
0.865625 0.8125 13392
0.865625 0.8125 13392
0.865625 0.8125 13392
0.865625 0.8125 13392
0.865625 0.8125 13392
0.865625 0.8125 13392
0.865625 0.8125 13392
0.865625 0.8125 13392
0.865625 0.8125 13392
0.865625 0.8125 13392
0.865625 0.8125 13392
0.865625 0.8125 13392
0.865625 0.8125 13392
0.865625 0.8125 13392
0.865625 0.8125 13392
0.865625 0.80625 13392
0.865625 0.80625 13392
0.865625 0.80625 13392
0.865625 0.80625 13392
0.865625 0.80625 13392
0.865625 0.80625 13392
0.865625 0.80625 13392
0.865625 0.80625 13392
0.865625 0.80625 13392
0.865625 0.80625 13392
0.865625 0.80625 13392
0.865625 0.80625 13392
0.865625 0.80625 13392
0.865625 0.80625 13392
0.865625 0.8125 13392
0.865625 0.8125 13392
0.865625 0.8125 13392
0.865625 0.8125 13392
0.865625 0.8125 13392
0.865625 0.8125 13392
0.865625 0.8125 13392
0.865625 0.8125 13392
0.865625 0.8125 13392
0.865625 0.8125 13392
0.865625 0.8125 13392
0.865625 0.8125 13392
0.865625 0.8125 13392
0.865625 0.8125 13392
0.865625 0.8125 13392
0.865625 0.8125 13392
0.865625 0.8125 13392
0.865625 0.8125 13392
0.865625 0.8125 13392
0.865625 0.8125 13392
0.865625 0.8125 13392
0.865625 0.8125 13392
0.865625 0.8125 13392
0.865625 0.8125 13392
0.865625 0.8125 13392
0.865625 0.8125 13392
0.865625 0.8125 13392
0.865625 0.8125 13392
0.865625 0.8125 13392
0.865625 0.8125 13392
0.865625 0.8125 13392
0.865625 0.8125 13392
0.865625 0.8125 13392
0.865625 0.8125 13392
0.865625 0.8125 13392
0.865625 0.8125 13392
0.865625 0.8125 13392
0.865625 0.8125 13392
0.865625 0.8125 13392
0.865625 0.8125 13392
0.865625 0.8125 13392
0.865625 0.8125 13392
0.865625 0.8125 13392
0.865625 0.8125 13392
0.865625 0.8125 13392
0.865625 0.8125 13392
0.865625 0.8125 13392
0.865625 0.8125 13392
0.865625 0.8125 13392
0.865625 0.8125 13392
0.865625 0.8125 13392
0.865625 0.8125 13392
0.865625 0.8125 13392
0.865625 0.8125 13392
0.865625 0.8125 13392
0.865625 0.8125 13392
0.865625 0.8125 13392
0.865625 0.8125 13392
0.865625 0.8125 13392
0.865625 0.8125 13392
0.865625 0.8125 13392
0.865625 0.8125 13392
0.865625 0.8125 13392
0.865625 0.8125 13392
0.865625 0.8125 13392
0.865625 0.8125 13392
0.865625 0.8125 13392
0.865625 0.8125 13392
0.865625 0.8125 13392
0.865625 0.8125 13392
0.865625 0.8125 13392
0.865625 0.8125 13392
0.865625 0.8125 13392
0.865625 0.8125 13392
0.865625 0.8125 13392
0.865625 0.8125 13392
0.865625 0.8125 13392
0.865625 0.8125 13392
0.865625 0.8125 13392
0.865625 0.8125 13392
0.865625 0.8125 13392
0.865625 0.8125 13392
0.865625 0.8125 13392
0.865625 0.8125 13392
0.865625 0.8125 13392
0.865625 0.8125 13392
0.865625 0.8125 13392
0.865625 0.8125 13392
0.865625 0.81875 13392
0.865625 0.81875 13392
0.865625 0.81875 13392
0.865625 0.81875 13392
0.865625 0.81875 13392
0.865625 0.81875 13392
0.865625 0.81875 13392
0.865625 0.81875 13392
0.865625 0.81875 13392
0.865625 0.81875 13392
0.865625 0.81875 13392
0.865625 0.81875 13392
0.865625 0.81875 13392
0.865625 0.81875 13392
0.865625 0.81875 13392
0.865625 0.81875 13392
0.865625 0.81875 13392
0.865625 0.81875 13392
0.865625 0.81875 13392
0.865625 0.81875 13392
0.865625 0.81875 13392
0.865625 0.81875 13392
0.865625 0.81875 13392
0.865625 0.81875 13392
0.865625 0.81875 13392
0.865625 0.81875 13392
0.865625 0.81875 13392
0.865625 0.81875 13392
0.865625 0.81875 13392
0.865625 0.81875 13392
0.865625 0.81875 13392
0.865625 0.81875 13392
0.865625 0.81875 13392
0.865625 0.81875 13392
0.865625 0.81875 13392
0.865625 0.81875 13392
0.865625 0.81875 13392
0.865625 0.81875 13392
0.865625 0.81875 13392
0.865625 0.81875 13392
0.865625 0.81875 13392
0.865625 0.81875 13392
0.865625 0.81875 13392
0.865625 0.81875 13392
0.865625 0.81875 13392
0.865625 0.81875 13392
0.865625 0.81875 13392
0.865625 0.81875 13392
0.865625 0.81875 13392
0.865625 0.81875 13392
0.865625 0.81875 13392
0.865625 0.81875 13392
0.865625 0.81875 13392
0.865625 0.81875 13392
0.865625 0.81875 13392
0.865625 0.81875 13392
0.865625 0.81875 13392
0.865625 0.81875 13392
0.865625 0.81875 13392
0.865625 0.81875 13392
0.865625 0.81875 13392
0.865625 0.81875 13392
0.865625 0.81875 13392
0.865625 0.81875 13392
0.865625 0.81875 13392
0.865625 0.81875 13392
0.865625 0.81875 13392
0.865625 0.81875 13392
0.865625 0.81875 13392
0.865625 0.81875 13392
0.865625 0.81875 13392
0.865625 0.81875 13392
0.865625 0.81875 13392
0.865625 0.81875 13392
0.865625 0.81875 13392
0.865625 0.81875 13392
0.865625 0.81875 13392
0.865625 0.81875 13392
0.865625 0.81875 13392
0.865625 0.81875 13392
0.865625 0.81875 13392
0.865625 0.81875 13392
0.865625 0.81875 13392
0.865625 0.81875 13392
0.865625 0.81875 13392
0.865625 0.81875 13392
0.865625 0.81875 13392
0.865625 0.81875 13392
0.865625 0.81875 13392
0.865625 0.81875 13392
0.865625 0.81875 13392
0.865625 0.81875 13392
0.865625 0.81875 13392
0.865625 0.81875 13392
0.865625 0.81875 13392
0.865625 0.81875 13392
0.865625 0.81875 13392
0.865625 0.81875 13392
0.865625 0.81875 13392
0.865625 0.81875 13392
0.865625 0.81875 13392
0.865625 0.81875 13392
0.865625 0.81875 13392
0.865625 0.81875 13392
0.865625 0.81875 13392
0.865625 0.81875 13392
0.865625 0.81875 13392
0.865625 0.81875 13392
0.865625 0.81875 13392
0.865625 0.81875 13392
0.865625 0.81875 13392
0.865625 0.81875 13392
0.865625 0.81875 13392
0.865625 0.81875 13392
0.865625 0.81875 13392
0.865625 0.81875 13392
0.865625 0.81875 13392
0.865625 0.81875 13392
0.865625 0.81875 13392
0.865625 0.81875 13392
0.865625 0.81875 13392
0.865625 0.81875 13392
0.865625 0.81875 13392
0.865625 0.81875 13392
0.865625 0.81875 13392
0.865625 0.81875 13392
0.865625 0.81875 13392
0.865625 0.81875 13392
0.865625 0.81875 13392
0.865625 0.81875 13392
0.865625 0.81875 13392
0.865625 0.81875 13392
0.865625 0.81875 13392
0.865625 0.81875 13392
0.865625 0.81875 13392
0.865625 0.81875 13392
0.865625 0.81875 13392
0.865625 0.81875 13392
0.865625 0.81875 13392
0.865625 0.81875 13392
0.865625 0.81875 13392
0.865625 0.81875 13392
0.865625 0.81875 13392
0.865625 0.81875 13392
0.865625 0.81875 13392
0.865625 0.81875 13392
0.865625 0.81875 13392
0.865625 0.81875 13392
0.865625 0.81875 13392
0.865625 0.81875 13392
0.865625 0.81875 13392
0.865625 0.81875 13392
0.865625 0.81875 13392
0.865625 0.81875 13392
0.865625 0.81875 13392
0.865625 0.81875 13392
0.865625 0.81875 13392
0.865625 0.81875 13392
0.865625 0.81875 13392
0.865625 0.81875 13392
0.865625 0.81875 13392
0.865625 0.81875 13392
0.865625 0.81875 13392
0.865625 0.81875 13392
0.865625 0.81875 13392
0.865625 0.81875 13392
0.865625 0.81875 13392
0.865625 0.81875 13392
0.865625 0.81875 13392
0.865625 0.81875 13392
0.865625 0.81875 13392
0.865625 0.81875 13392
0.865625 0.81875 13392
0.865625 0.81875 13392
0.865625 0.81875 13392
0.865625 0.81875 13392
0.865625 0.81875 13392
0.865625 0.81875 13392
0.865625 0.81875 13392
0.865625 0.81875 13392
0.865625 0.81875 13392
0.865625 0.81875 13392
0.865625 0.81875 13392
0.865625 0.81875 13392
0.865625 0.81875 13392
0.865625 0.81875 13392
0.865625 0.81875 13392
0.865625 0.81875 13392
0.865625 0.81875 13392
0.865625 0.81875 13392
0.865625 0.81875 13392
0.865625 0.81875 13392
0.865625 0.81875 13392
0.865625 0.81875 13392
0.865625 0.81875 13392
0.865625 0.81875 13392
0.865625 0.81875 13392
0.865625 0.81875 13392
0.865625 0.81875 13392
0.865625 0.81875 13392
0.865625 0.81875 13392
0.865625 0.81875 13392
0.865625 0.81875 13392
0.865625 0.81875 13392
0.865625 0.81875 13392
0.865625 0.81875 13392
0.865625 0.81875 13392
0.865625 0.81875 13392
0.865625 0.81875 13392
0.865625 0.81875 13392
0.865625 0.81875 13392
0.865625 0.81875 13392
0.865625 0.81875 13392
0.865625 0.81875 13392
0.865625 0.81875 13392
0.865625 0.81875 13392
0.865625 0.81875 13392
0.865625 0.81875 13392
0.865625 0.81875 13392
0.865625 0.81875 13392
0.865625 0.81875 13392
0.865625 0.81875 13392
0.865625 0.81875 13392
0.865625 0.81875 13392
0.865625 0.81875 13392
0.865625 0.81875 13392
0.865625 0.81875 13392
0.865625 0.81875 13392
0.865625 0.81875 13392
0.865625 0.81875 13392
0.865625 0.81875 13392
0.865625 0.81875 13392
0.865625 0.81875 13392
0.865625 0.81875 13392
0.865625 0.825 13392
0.865625 0.825 13392
0.865625 0.825 13392
0.865625 0.825 13392
0.865625 0.825 13392
0.865625 0.825 13392
0.865625 0.825 13392
0.865625 0.825 13392
0.865625 0.825 13392
0.865625 0.825 13392
0.865625 0.825 13392
0.865625 0.825 13392
0.865625 0.825 13392
0.865625 0.825 13392
0.865625 0.825 13392
0.865625 0.825 13392
0.865625 0.825 13392
0.865625 0.825 13392
0.865625 0.825 13392
0.865625 0.825 13392
0.865625 0.825 13392
0.865625 0.825 13392
0.865625 0.825 13392
0.865625 0.825 13392
0.865625 0.825 13392
0.865625 0.825 13392
0.865625 0.825 13392
0.865625 0.825 13392
0.865625 0.825 13392
0.865625 0.825 13392
0.865625 0.825 13392
0.865625 0.825 13392
0.865625 0.825 13392
0.865625 0.825 13392
0.865625 0.825 13392
0.865625 0.825 13392
0.865625 0.825 13392
0.865625 0.825 13392
0.865625 0.825 13392
0.865625 0.825 13392
0.865625 0.825 13392
0.865625 0.825 13392
0.865625 0.825 13392
0.865625 0.825 13392
0.865625 0.825 13392
0.865625 0.825 13392
0.865625 0.825 13392
0.865625 0.825 13392
0.865625 0.825 13392
0.865625 0.825 13392
0.865625 0.825 13392
0.865625 0.825 13392
0.865625 0.825 13392
0.865625 0.825 13392
0.865625 0.825 13392
0.865625 0.825 13392
0.865625 0.825 13392
0.865625 0.825 13392
0.865625 0.825 13392
0.865625 0.825 13392
0.865625 0.825 13392
0.865625 0.825 13392
0.865625 0.825 13392
0.865625 0.825 13392
0.865625 0.825 13392
0.865625 0.825 13392
0.865625 0.825 13392
0.865625 0.825 13392
0.865625 0.825 13392
0.865625 0.825 13392
0.865625 0.825 13392
0.865625 0.825 13392
0.865625 0.825 13392
0.865625 0.825 13392
0.865625 0.825 13392
0.865625 0.825 13392
0.865625 0.825 13392
0.865625 0.825 13392
0.865625 0.825 13392
0.865625 0.825 13392
0.865625 0.825 13392
0.865625 0.825 13392
0.865625 0.825 13392
0.865625 0.825 13392
0.865625 0.825 13392
0.865625 0.825 13392
0.865625 0.825 13392
0.865625 0.825 13392
0.865625 0.825 13392
0.865625 0.825 13392
0.865625 0.825 13392
0.865625 0.825 13392
0.865625 0.825 13392
0.865625 0.825 13392
0.865625 0.825 13392
0.865625 0.825 13392
0.865625 0.825 13392
0.865625 0.825 13392
0.865625 0.825 13392
0.865625 0.825 13392
0.865625 0.825 13392
0.865625 0.825 13392
0.865625 0.825 13392
0.865625 0.825 13392
0.865625 0.825 13392
0.865625 0.825 13392
0.865625 0.825 13392
0.865625 0.825 13392
0.865625 0.825 13392
0.865625 0.825 13392
0.865625 0.825 13392
0.865625 0.825 13392
0.865625 0.825 13392
0.865625 0.825 13392
0.865625 0.825 13392
0.865625 0.825 13392
0.865625 0.825 13392
0.865625 0.825 13392
0.865625 0.825 13392
0.865625 0.825 13392
0.865625 0.825 13392
0.865625 0.825 13392
0.865625 0.825 13392
0.865625 0.825 13392
0.865625 0.825 13392
0.865625 0.825 13392
0.865625 0.825 13392
0.865625 0.825 13392
0.865625 0.825 13392
0.865625 0.825 13392
0.865625 0.825 13392
0.865625 0.825 13392
0.865625 0.825 13392
0.865625 0.825 13392
0.865625 0.825 13392
0.865625 0.825 13392
0.865625 0.825 13392
0.865625 0.825 13392
0.865625 0.825 13392
0.865625 0.825 13392
0.865625 0.825 13392
0.865625 0.825 13392
0.865625 0.825 13392
0.865625 0.825 13392
0.865625 0.825 13392
0.865625 0.825 13392
0.865625 0.825 13392
0.865625 0.825 13392
0.865625 0.825 13392
0.865625 0.825 13392
0.865625 0.825 13392
0.865625 0.825 13392
0.865625 0.825 13392
0.865625 0.825 13392
0.865625 0.825 13392
0.865625 0.825 13392
0.865625 0.825 13392
0.865625 0.825 13392
0.865625 0.825 13392
0.865625 0.825 13392
0.865625 0.825 13392
0.865625 0.825 13392
0.865625 0.825 13392
0.865625 0.825 13392
0.865625 0.825 13392
0.865625 0.825 13392
0.865625 0.825 13392
0.865625 0.825 13392
0.865625 0.825 13392
0.865625 0.825 13392
0.865625 0.825 13392
0.865625 0.825 13392
0.865625 0.825 13392
0.865625 0.825 13392
0.865625 0.825 13392
0.865625 0.825 13392
0.865625 0.825 13392
0.865625 0.825 13392
0.865625 0.825 13392
0.865625 0.825 13392
0.865625 0.825 13392
0.865625 0.825 13392
0.865625 0.825 13392
0.865625 0.825 13392
0.865625 0.825 13392
0.865625 0.825 13392
0.865625 0.825 13392
0.865625 0.825 13392
0.865625 0.825 13392
0.865625 0.825 13392
0.865625 0.825 13392
0.865625 0.825 13392
0.865625 0.825 13392
0.865625 0.825 13392
0.865625 0.825 13392
0.865625 0.825 13392
0.865625 0.825 13392
0.865625 0.825 13392
0.865625 0.825 13392
0.865625 0.825 13392
0.865625 0.825 13392
0.865625 0.825 13392
0.865625 0.825 13392
0.865625 0.825 13392
0.865625 0.825 13392
0.865625 0.825 13392
0.865625 0.825 13392
0.865625 0.825 13392
0.865625 0.825 13392
0.865625 0.825 13392
0.865625 0.825 13392
0.865625 0.825 13392
0.865625 0.825 13392
0.865625 0.825 13392
0.865625 0.825 13392
0.865625 0.825 13392
0.865625 0.825 13392
0.865625 0.825 13392
0.865625 0.825 13392
0.865625 0.825 13392
0.865625 0.825 13392
0.865625 0.825 13392
0.865625 0.825 13392
0.865625 0.825 13392
0.865625 0.825 13392
0.865625 0.825 13392
0.865625 0.825 13392
0.865625 0.825 13392
0.865625 0.825 13392
0.865625 0.825 13392
0.865625 0.825 13392
0.865625 0.825 13392
0.865625 0.825 13392
0.865625 0.825 13392
0.865625 0.825 13392
0.865625 0.825 13392
0.865625 0.825 13392
0.865625 0.825 13392
0.865625 0.825 13392
0.865625 0.825 13392
0.865625 0.825 13392
0.865625 0.825 13392
0.865625 0.825 13392
0.865625 0.825 13392
0.865625 0.825 13392
0.865625 0.825 13392
0.865625 0.825 13392
0.865625 0.825 13392
0.865625 0.825 13392
0.865625 0.825 13392
0.865625 0.825 13392
0.865625 0.825 13392
0.865625 0.825 13392
0.865625 0.825 13392
0.865625 0.825 13392
0.865625 0.825 13392
0.865625 0.825 13392
0.865625 0.825 13392
0.865625 0.825 13392
0.865625 0.825 13392
0.865625 0.825 13392
0.865625 0.825 13392
0.865625 0.825 13392
0.865625 0.825 13392
0.865625 0.825 13392
0.865625 0.825 13392
0.865625 0.825 13392
0.865625 0.825 13392
0.865625 0.825 13392
0.865625 0.825 13392
0.865625 0.825 13392
0.865625 0.825 13392
0.865625 0.825 13392
0.865625 0.825 13392
0.865625 0.825 13392
0.865625 0.825 13392
0.865625 0.825 13392
0.865625 0.825 13392
0.865625 0.825 13392
0.865625 0.825 13392
0.865625 0.825 13392
0.865625 0.825 13392
0.865625 0.825 13392
0.865625 0.825 13392
0.865625 0.825 13392
0.865625 0.825 13392
0.865625 0.825 13392
0.865625 0.825 13392
0.865625 0.825 13392
0.865625 0.825 13392
0.865625 0.825 13392
0.865625 0.825 13392
0.865625 0.825 13392
0.865625 0.825 13392
0.865625 0.825 13392
0.865625 0.825 13392
0.865625 0.825 13392
0.865625 0.825 13392
0.865625 0.825 13392
0.865625 0.83125 13392
0.865625 0.83125 13392
0.865625 0.83125 13392
0.865625 0.83125 13392
0.865625 0.83125 13392
0.865625 0.83125 13392
0.865625 0.83125 13392
0.865625 0.83125 13392
0.865625 0.8375 13392
0.865625 0.8375 13392
0.865625 0.8375 13392
0.865625 0.8375 13392
0.865625 0.8375 13392
0.865625 0.8375 13392
0.865625 0.8375 13392
0.865625 0.8375 13392
0.865625 0.8375 13392
0.865625 0.8375 13392
0.865625 0.8375 13392
0.865625 0.8375 13392
0.865625 0.8375 13392
0.865625 0.8375 13392
0.865625 0.8375 13392
0.865625 0.8375 13392
0.865625 0.8375 13392
0.865625 0.8375 13392
0.865625 0.8375 13392
0.865625 0.8375 13392
0.865625 0.8375 13392
0.865625 0.8375 13392
0.865625 0.8375 13392
0.865625 0.8375 13392
0.865625 0.8375 13392
0.865625 0.8375 13392
0.865625 0.8375 13392
0.865625 0.8375 13392
0.865625 0.8375 13392
0.865625 0.8375 13392
0.865625 0.8375 13392
0.865625 0.8375 13392
0.865625 0.8375 13392
0.865625 0.8375 13392
0.865625 0.8375 13392
0.865625 0.8375 13392
0.865625 0.8375 13392
0.865625 0.8375 13392
0.865625 0.8375 13392
0.865625 0.8375 13392
0.865625 0.8375 13392
0.865625 0.8375 13392
0.865625 0.8375 13392
0.865625 0.8375 13392
0.865625 0.8375 13392
0.865625 0.8375 13392
0.865625 0.8375 13392
0.865625 0.8375 13392
0.865625 0.8375 13392
0.865625 0.8375 13392
0.865625 0.8375 13392
0.865625 0.8375 13392
0.865625 0.8375 13392
0.865625 0.8375 13392
0.865625 0.8375 13392
0.865625 0.8375 13392
0.865625 0.8375 13392
0.865625 0.8375 13392
0.865625 0.8375 13392
0.865625 0.8375 13392
0.865625 0.8375 13392
0.865625 0.8375 13392
0.865625 0.8375 13392
0.865625 0.8375 13392
0.865625 0.8375 13392
0.865625 0.8375 13392
0.865625 0.8375 13392
0.865625 0.8375 13392
0.865625 0.8375 13392
0.865625 0.8375 13392
0.865625 0.8375 13392
0.865625 0.8375 13392
0.865625 0.8375 13392
0.865625 0.8375 13392
0.865625 0.8375 13392
0.865625 0.8375 13392
0.865625 0.8375 13392
0.865625 0.8375 13392
0.865625 0.8375 13392
0.865625 0.8375 13392
0.865625 0.8375 13392
0.865625 0.8375 13392
0.865625 0.8375 13392
0.865625 0.8375 13392
0.865625 0.8375 13392
0.865625 0.84375 13392
0.865625 0.84375 13392
0.865625 0.84375 13392
0.865625 0.84375 13392
0.865625 0.84375 13392
0.865625 0.84375 13392
0.865625 0.84375 13392
0.865625 0.84375 13392
0.865625 0.84375 13392
0.865625 0.84375 13392
0.865625 0.84375 13392
0.865625 0.84375 13392
0.865625 0.84375 13392
0.865625 0.84375 13392
0.865625 0.84375 13392
0.865625 0.84375 13392
0.865625 0.84375 13392
0.865625 0.84375 13392
0.865625 0.84375 13392
0.865625 0.84375 13392
0.865625 0.84375 13392
0.865625 0.84375 13392
0.865625 0.84375 13392
0.865625 0.84375 13392
0.865625 0.84375 13392
0.865625 0.84375 13392
0.865625 0.84375 13392
0.865625 0.84375 13392
0.865625 0.84375 13392
0.865625 0.84375 13392
0.865625 0.84375 13392
0.865625 0.84375 13392
0.865625 0.84375 13392
0.865625 0.84375 13392
0.865625 0.84375 13392
0.865625 0.84375 13392
0.865625 0.84375 13392
0.865625 0.84375 13392
0.865625 0.84375 13392
0.865625 0.84375 13392
0.865625 0.84375 13392
0.865625 0.84375 13392
0.865625 0.84375 13392
0.865625 0.84375 13392
0.865625 0.84375 13392
0.865625 0.84375 13392
0.865625 0.84375 13392
0.865625 0.846875 13392
0.865625 0.85 13392
0.865625 0.85 13392
0.865625 0.85 13392
0.865625 0.85 13392
0.865625 0.85 13392
0.865625 0.85 13392
0.865625 0.85 13392
0.865625 0.85 13392
0.865625 0.85 13392
0.865625 0.85 13392
0.865625 0.85 13392
0.865625 0.85 13392
0.865625 0.85 13392
0.865625 0.85 13392
0.865625 0.85 13392
0.865625 0.85 13392
0.865625 0.85 13392
0.865625 0.85 13392
0.865625 0.85 13392
0.865625 0.85 13392
0.865625 0.85 13392
0.865625 0.85 13392
0.865625 0.85 13392
0.865625 0.85 13392
0.865625 0.85 13392
0.865625 0.85 13392
0.865625 0.85 13392
0.865625 0.85 13392
0.865625 0.85 13392
0.865625 0.85 13392
0.865625 0.85 13392
0.865625 0.85 13392
0.865625 0.85 13392
0.865625 0.85 13392
0.865625 0.85 13392
0.865625 0.85 13392
0.865625 0.85 13392
0.865625 0.85 13392
0.865625 0.85 13392
0.865625 0.85 13392
0.865625 0.85 13392
0.865625 0.85 13392
0.865625 0.85 13392
0.865625 0.85 13392
0.865625 0.85 13392
0.865625 0.85 13392
0.865625 0.85 13392
0.865625 0.85 13392
0.865625 0.85 13392
0.865625 0.85 13392
0.865625 0.85 13392
0.865625 0.85 13392
0.865625 0.85 13392
0.865625 0.85 13392
0.865625 0.85 13392
0.865625 0.85 13392
0.865625 0.85 13392
0.865625 0.85 13392
0.865625 0.85 13392
0.865625 0.85 13392
0.865625 0.85 13392
0.865625 0.85 13392
0.865625 0.85 13392
0.865625 0.85 13392
0.865625 0.85 13392
0.865625 0.85 13392
0.865625 0.85 13392
0.865625 0.85 13392
0.865625 0.85 13392
0.865625 0.85 13392
0.865625 0.85 13392
0.865625 0.85 13392
0.865625 0.85 13392
0.865625 0.85 13392
0.865625 0.85 13392
0.865625 0.85 13392
0.865625 0.85 13392
0.865625 0.85 13392
0.865625 0.85 13392
0.865625 0.85 13392
0.865625 0.85 13392
0.865625 0.85 13392
0.865625 0.85 13392
0.865625 0.85 13392
0.865625 0.85 13392
0.865625 0.85 13392
0.865625 0.85 13392
0.865625 0.85 13392
0.865625 0.85 13392
0.865625 0.85 13392
0.865625 0.85 13392
0.865625 0.85 13392
0.865625 0.85 13392
0.865625 0.85 13392
0.865625 0.85 13392
0.865625 0.85 13392
0.865625 0.85 13392
0.865625 0.85 13392
0.865625 0.85 13392
0.865625 0.85 13392
0.865625 0.85 13392
0.865625 0.85 13392
0.865625 0.85 13392
0.865625 0.85 13392
0.865625 0.85 13392
0.865625 0.85 13392
0.865625 0.85 13392
0.865625 0.85 13392
0.865625 0.85 13392
0.865625 0.85 13392
0.865625 0.85 13392
0.865625 0.85 13392
0.865625 0.85 13392
0.865625 0.85 13392
0.865625 0.85 13392
0.865625 0.85 13392
0.865625 0.85 13392
0.865625 0.85 13392
0.865625 0.85 13392
0.865625 0.85 13392
0.865625 0.85 13392
0.865625 0.84375 13392
0.865625 0.84375 13392
0.865625 0.84375 13392
0.865625 0.84375 13392
0.865625 0.84375 13392
0.865625 0.84375 13392
0.865625 0.84375 13392
0.865625 0.84375 13392
0.865625 0.84375 13392
0.865625 0.84375 13392
0.865625 0.84375 13392
0.865625 0.84375 13392
0.865625 0.84375 13392
0.865625 0.84375 13392
0.865625 0.84375 13392
0.865625 0.84375 13392
0.865625 0.84375 13392
0.865625 0.84375 13392
0.865625 0.84375 13392
0.865625 0.84375 13392
0.865625 0.84375 13392
0.865625 0.84375 13392
0.865625 0.84375 13392
0.865625 0.84375 13392
0.865625 0.84375 13392
0.865625 0.84375 13392
0.865625 0.84375 13392
0.865625 0.84375 13392
0.865625 0.84375 13392
0.865625 0.84375 13392
0.865625 0.84375 13392
0.865625 0.84375 13392
0.865625 0.84375 13392
0.865625 0.84375 13392
0.865625 0.84375 13392
0.865625 0.84375 13392
0.865625 0.84375 13392
0.865625 0.84375 13392
0.865625 0.84375 13392
0.865625 0.84375 13392
0.865625 0.84375 13392
0.865625 0.84375 13392
0.865625 0.84375 13392
0.865625 0.84375 13392
0.865625 0.84375 13392
0.865625 0.84375 13392
0.865625 0.84375 13392
0.865625 0.84375 13392
0.865625 0.84375 13392
0.865625 0.84375 13392
0.865625 0.84375 13392
0.865625 0.84375 13392
0.865625 0.84375 13392
0.865625 0.84375 13392
0.865625 0.84375 13392
0.865625 0.84375 13392
0.865625 0.84375 13392
0.865625 0.84375 13392
0.865625 0.84375 13392
0.865625 0.84375 13392
0.865625 0.84375 13392
0.865625 0.84375 13392
0.865625 0.84375 13392
0.865625 0.84375 13392
0.865625 0.84375 13392
0.865625 0.84375 13392
0.865625 0.84375 13392
0.865625 0.84375 13392
0.865625 0.84375 13392
0.865625 0.84375 13392
0.865625 0.84375 13392
0.865625 0.84375 13392
0.865625 0.84375 13392
0.865625 0.84375 13392
0.865625 0.84375 13392
0.865625 0.84375 13392
0.865625 0.84375 13392
0.865625 0.84375 13392
0.865625 0.84375 13392
0.865625 0.84375 13392
0.865625 0.84375 13392
0.865625 0.84375 13392
0.865625 0.84375 13392
0.865625 0.84375 13392
0.865625 0.84375 13392
0.865625 0.84375 13392
0.865625 0.84375 13392
0.865625 0.84375 13392
0.865625 0.84375 13392
0.865625 0.84375 13392
0.865625 0.84375 13392
0.865625 0.84375 13392
0.865625 0.84375 13392
0.865625 0.84375 13392
0.865625 0.84375 13392
0.865625 0.84375 13392
0.865625 0.84375 13392
0.865625 0.84375 13392
0.865625 0.84375 13392
0.865625 0.84375 13392
0.865625 0.84375 13392
0.865625 0.84375 13392
0.865625 0.84375 13392
0.865625 0.84375 13392
0.865625 0.84375 13392
0.865625 0.84375 13392
0.865625 0.84375 13392
0.865625 0.84375 13392
0.865625 0.84375 13392
0.865625 0.84375 13392
0.865625 0.84375 13392
0.865625 0.84375 13392
0.865625 0.84375 13392
0.865625 0.84375 13392
0.865625 0.84375 13392
0.865625 0.84375 13392
0.865625 0.84375 13392
0.865625 0.84375 13392
0.865625 0.84375 13392
0.865625 0.84375 13392
0.865625 0.84375 13392
0.865625 0.84375 13392
0.865625 0.84375 13392
0.865625 0.84375 13392
0.865625 0.84375 13392
0.865625 0.84375 13392
0.865625 0.84375 13392
0.865625 0.84375 13392
0.865625 0.84375 13392
0.865625 0.84375 13392
0.865625 0.84375 13392
0.865625 0.84375 13392
0.865625 0.84375 13392
0.865625 0.84375 13392
0.865625 0.84375 13392
0.865625 0.84375 13392
0.865625 0.84375 13392
0.865625 0.84375 13392
0.865625 0.84375 13392
0.865625 0.84375 13392
0.865625 0.84375 13392
0.865625 0.84375 13392
0.865625 0.84375 13392
0.865625 0.84375 13392
0.865625 0.84375 13392
0.865625 0.84375 13392
0.865625 0.84375 13392
0.865625 0.84375 13392
0.865625 0.84375 13392
0.865625 0.84375 13392
0.865625 0.84375 13392
0.865625 0.84375 13392
0.865625 0.84375 13392
0.865625 0.84375 13392
0.865625 0.84375 13392
0.865625 0.84375 13392
0.865625 0.84375 13392
0.865625 0.84375 13392
0.865625 0.84375 13392
0.865625 0.84375 13392
0.865625 0.84375 13392
0.865625 0.84375 13392
0.865625 0.84375 13392
0.865625 0.84375 13392
0.865625 0.84375 13392
0.865625 0.84375 13392
0.865625 0.84375 13392
0.865625 0.84375 13392
0.865625 0.84375 13392
0.865625 0.84375 13392
0.865625 0.84375 13392
0.865625 0.84375 13392
0.865625 0.84375 13392
0.865625 0.84375 13392
0.865625 0.84375 13392
0.865625 0.84375 13392
0.865625 0.84375 13392
0.865625 0.84375 13392
0.865625 0.84375 13392
0.865625 0.84375 13392
0.865625 0.84375 13392
0.865625 0.84375 13392
0.865625 0.84375 13392
0.865625 0.84375 13392
0.865625 0.84375 13392
0.865625 0.84375 13392
0.865625 0.84375 13392
0.865625 0.84375 13392
0.865625 0.84375 13392
0.865625 0.84375 13392
0.865625 0.84375 13392
0.865625 0.84375 13392
0.865625 0.84375 13392
0.865625 0.84375 13392
0.865625 0.84375 13392
0.865625 0.84375 13392
0.865625 0.84375 13392
0.865625 0.84375 13392
0.865625 0.84375 13392
0.865625 0.84375 13392
0.865625 0.84375 13392
0.865625 0.84375 13392
0.865625 0.84375 13392
0.865625 0.84375 13392
0.865625 0.84375 13392
0.865625 0.84375 13392
0.865625 0.84375 13392
0.865625 0.84375 13392
0.865625 0.84375 13392
0.865625 0.84375 13392
0.865625 0.84375 13392
0.865625 0.84375 13392
0.865625 0.84375 13392
0.865625 0.84375 13392
0.865625 0.84375 13392
0.865625 0.84375 13392
0.865625 0.84375 13392
0.865625 0.84375 13392
0.865625 0.84375 13392
0.865625 0.84375 13392
0.865625 0.84375 13392
0.865625 0.84375 13392
0.865625 0.84375 13392
0.865625 0.84375 13392
0.865625 0.84375 13392
0.865625 0.84375 13392
0.865625 0.84375 13392
0.865625 0.84375 13392
0.865625 0.84375 13392
0.865625 0.84375 13392
0.865625 0.84375 13392
0.865625 0.84375 13392
0.865625 0.84375 13392
0.865625 0.84375 13392
0.865625 0.84375 13392
0.865625 0.84375 13392
0.865625 0.84375 13392
0.865625 0.84375 13392
0.865625 0.84375 13392
0.865625 0.84375 13392
0.865625 0.84375 13392
0.865625 0.84375 13392
0.865625 0.84375 13392
0.865625 0.84375 13392
0.865625 0.84375 13392
0.865625 0.84375 13392
0.865625 0.84375 13392
0.865625 0.84375 13392
0.865625 0.84375 13392
0.865625 0.84375 13392
0.865625 0.84375 13392
0.865625 0.84375 13392
0.865625 0.84375 13392
0.865625 0.84375 13392
0.865625 0.84375 13392
0.865625 0.84375 13392
0.865625 0.84375 13392
0.865625 0.84375 13392
0.865625 0.84375 13392
0.865625 0.84375 13392
0.865625 0.84375 13392
0.865625 0.84375 13392
0.865625 0.84375 13392
0.865625 0.84375 13392
0.865625 0.84375 13392
0.865625 0.84375 13392
0.865625 0.84375 13392
0.865625 0.84375 13392
0.865625 0.84375 13392
0.865625 0.84375 13392
0.865625 0.84375 13392
0.865625 0.84375 13392
0.865625 0.84375 13392
0.865625 0.84375 13392
0.865625 0.84375 13392
0.865625 0.84375 13392
0.865625 0.84375 13392
0.865625 0.84375 13392
0.865625 0.84375 13392
0.865625 0.84375 13392
0.865625 0.84375 13392
0.865625 0.84375 13392
0.865625 0.84375 13392
0.865625 0.84375 13392
0.865625 0.84375 13392
0.865625 0.84375 13392
0.865625 0.84375 13392
0.865625 0.84375 13392
0.865625 0.84375 13392
0.865625 0.84375 13392
0.865625 0.84375 13392
0.865625 0.84375 13392
0.865625 0.84375 13392
0.865625 0.84375 13392
0.865625 0.84375 13392
0.865625 0.84375 13392
0.865625 0.84375 13392
0.865625 0.84375 13392
0.865625 0.84375 13392
0.865625 0.84375 13392
0.865625 0.84375 13392
0.865625 0.84375 13392
0.865625 0.84375 13392
0.865625 0.84375 13392
0.865625 0.84375 13392
0.865625 0.84375 13392
0.865625 0.84375 13392
0.865625 0.84375 13392
0.865625 0.84375 13392
0.865625 0.84375 13392
0.865625 0.84375 13392
0.865625 0.84375 13392
0.865625 0.84375 13392
0.865625 0.84375 13392
0.865625 0.84375 13392
0.865625 0.84375 13392
0.865625 0.84375 13392
0.865625 0.84375 13392
0.865625 0.84375 13392
0.865625 0.84375 13392
0.865625 0.84375 13392
0.865625 0.84375 13392
0.865625 0.84375 13392
0.865625 0.84375 13392
0.865625 0.84375 13392
0.865625 0.84375 13392
0.865625 0.84375 13392
0.865625 0.84375 13392
0.865625 0.84375 13392
0.865625 0.84375 13392
0.865625 0.84375 13392
0.865625 0.84375 13392
0.865625 0.84375 13392
0.865625 0.84375 13392
0.865625 0.84375 13392
0.865625 0.84375 13392
0.865625 0.84375 13392
0.865625 0.84375 13392
0.865625 0.84375 13392
0.865625 0.84375 13392
0.865625 0.84375 13392
0.865625 0.84375 13392
0.865625 0.84375 13392
0.865625 0.84375 13392
0.865625 0.84375 13392
0.865625 0.84375 13392
0.865625 0.84375 13392
0.865625 0.84375 13392
0.865625 0.84375 13392
0.865625 0.84375 13392
0.865625 0.84375 13392
0.865625 0.84375 13392
0.865625 0.84375 13392
0.865625 0.84375 13392
0.865625 0.84375 13392
0.865625 0.84375 13392
0.865625 0.84375 13392
0.865625 0.84375 13392
0.865625 0.84375 13392
0.865625 0.84375 13392
0.865625 0.85 13392
0.865625 0.85 13392
0.865625 0.85 13392
0.865625 0.85 13392
0.865625 0.85 13392
0.865625 0.85 13392
0.865625 0.85 13392
0.865625 0.85 13392
0.865625 0.85 13392
0.865625 0.85 13392
0.865625 0.85 13392
0.865625 0.85 13392
0.865625 0.85 13392
0.865625 0.85 13392
0.865625 0.85 13392
0.865625 0.85 13392
0.865625 0.85 13392
0.865625 0.85 13392
0.865625 0.85 13392
0.865625 0.85 13392
0.865625 0.85 13392
0.865625 0.85 13392
0.865625 0.85 13392
0.865625 0.85 13392
0.865625 0.85 13392
0.865625 0.85 13392
0.865625 0.85 13392
0.865625 0.85 13392
0.865625 0.85 13392
0.865625 0.85 13392
0.865625 0.85 13392
0.865625 0.85 13392
0.865625 0.85 13392
0.865625 0.85 13392
0.865625 0.85 13392
0.865625 0.85 13392
0.865625 0.85 13392
0.865625 0.85 13392
0.865625 0.85 13392
0.865625 0.85 13392
0.865625 0.85 13392
0.865625 0.85 13392
0.865625 0.85 13392
0.865625 0.85 13392
0.865625 0.85 13392
0.865625 0.85 13392
0.865625 0.85 13392
0.865625 0.85 13392
0.865625 0.85 13392
0.865625 0.85 13392
0.865625 0.85 13392
0.865625 0.85 13392
0.865625 0.85 13392
0.865625 0.85 13392
0.865625 0.85 13392
0.865625 0.85 13392
0.865625 0.85 13392
0.865625 0.85 13392
0.865625 0.85 13392
0.865625 0.85 13392
0.865625 0.85 13392
0.865625 0.85 13392
0.865625 0.85 13392
0.865625 0.85 13392
0.865625 0.85 13392
0.865625 0.85 13392
0.865625 0.85 13392
0.865625 0.85 13392
0.865625 0.85 13392
0.865625 0.85 13392
0.865625 0.85 13392
0.865625 0.85 13392
0.865625 0.85 13392
0.865625 0.85 13392
0.865625 0.85 13392
0.865625 0.85 13392
0.865625 0.85 13392
0.865625 0.85 13392
0.865625 0.85 13392
0.865625 0.85 13392
0.865625 0.85 13392
0.865625 0.85 13392
0.865625 0.85 13392
0.865625 0.85 13392
0.865625 0.85 13392
0.865625 0.85 13392
0.865625 0.85 13392
0.865625 0.85625 13392
0.865625 0.85625 13392
0.865625 0.85625 13392
0.865625 0.85625 13392
0.865625 0.85625 13392
0.865625 0.85625 13392
0.865625 0.85625 13392
0.865625 0.85625 13392
0.865625 0.85625 13392
