0.8375 0.825 596
0.80625 0.778125 1102
0.7625 0.75625 1564
0.775 0.790625 1720
0.740625 0.765625 1876
0.7125 0.725 2008
0.709375 0.728125 2140
0.734375 0.75 2272
0.753125 0.76875 2404
0.75625 0.765625 2536
0.75625 0.753125 2668
0.74375 0.76875 2778
0.734375 0.771875 2888
0.7375 0.7625 2998
0.74375 0.7875 3108
0.765625 0.79375 3198
0.771875 0.8 3288
0.784375 0.8125 3378
0.7875 0.81875 3450
0.79375 0.825 3522
0.7875 0.81875 3594
0.78125 0.8125 3666
0.771875 0.80625 3738
0.7875 0.8 3810
0.778125 0.8 3882
0.775 0.80625 3954
0.775 0.81875 4026
0.775 0.81875 4082
0.778125 0.825 4138
0.790625 0.821875 4194
0.796875 0.828125 4250
0.796875 0.828125 4306
0.790625 0.83125 4362
0.7875 0.83125 4418
0.7875 0.83125 4474
0.784375 0.83125 4530
0.784375 0.825 4586
0.784375 0.81875 4642
0.784375 0.81875 4698
0.78125 0.815625 4754
0.778125 0.815625 4810
0.778125 0.8125 4866
0.775 0.8125 4922
0.775 0.8125 4964
0.784375 0.825 5006
0.80625 0.8625 5048
0.80625 0.859375 5090
0.80625 0.853125 5132
0.80625 0.85 5174
0.80625 0.859375 5216
0.80625 0.8625 5258
0.80625 0.865625 5300
0.80625 0.865625 5342
0.80625 0.859375 5384
0.803125 0.859375 5426
0.803125 0.859375 5468
0.8 0.859375 5510
0.8 0.859375 5552
0.796875 0.853125 5594
0.796875 0.85 5636
0.796875 0.85 5678
0.79375 0.840625 5720
0.79375 0.840625 5762
0.8125 0.84375 5804
0.825 0.8625 5846
0.821875 0.85 5888
0.821875 0.85 5930
0.821875 0.84375 5972
0.81875 0.84375 6002
0.81875 0.84375 6032
0.81875 0.84375 6062
0.81875 0.85 6092
0.81875 0.85 6122
0.81875 0.85 6152
0.81875 0.85 6182
0.81875 0.85 6212
0.81875 0.859375 6242
0.81875 0.853125 6272
0.815625 0.85 6302
0.815625 0.85625 6332
0.815625 0.85625 6362
0.815625 0.85625 6392
0.81875 0.84375 6422
0.821875 0.84375 6452
0.81875 0.846875 6482
0.81875 0.846875 6512
0.81875 0.846875 6542
0.81875 0.840625 6572
0.81875 0.8375 6602
0.81875 0.8375 6632
0.81875 0.834375 6662
0.81875 0.834375 6692
0.815625 0.828125 6722
0.815625 0.825 6752
0.8125 0.825 6782
0.828125 0.8375 6812
0.825 0.8375 6842
0.825 0.8375 6872
0.828125 0.8375 6902
0.828125 0.84375 6932
0.83125 0.85 6962
0.83125 0.85 6992
0.83125 0.85 7022
0.83125 0.84375 7052
0.834375 0.84375 7082
0.8375 0.84375 7112
0.840625 0.84375 7142
0.84375 0.84375 7172
0.84375 0.84375 7202
0.84375 0.84375 7232
0.846875 0.85 7262
0.846875 0.85 7292
0.846875 0.85 7312
0.846875 0.85 7332
0.85 0.85 7352
0.85 0.85 7372
0.85 0.84375 7392
0.85 0.84375 7412
0.853125 0.84375 7432
0.853125 0.84375 7452
0.85 0.8375 7472
0.85 0.8375 7492
0.846875 0.8375 7512
0.846875 0.8375 7532
0.846875 0.8375 7552
0.846875 0.84375 7572
0.846875 0.84375 7592
0.84375 0.84375 7612
0.84375 0.84375 7632
0.840625 0.84375 7652
0.840625 0.84375 7672
0.840625 0.84375 7692
0.840625 0.84375 7712
0.840625 0.84375 7732
0.840625 0.84375 7752
0.840625 0.840625 7772
0.840625 0.8375 7792
0.840625 0.8375 7812
0.840625 0.8375 7832
0.840625 0.8375 7852
0.840625 0.8375 7872
0.840625 0.834375 7892
0.840625 0.8375 7912
0.840625 0.8375 7932
0.840625 0.8375 7952
0.840625 0.8375 7972
0.840625 0.84375 7992
0.840625 0.8375 8012
0.840625 0.8375 8032
0.840625 0.8375 8052
0.840625 0.8375 8072
0.840625 0.8375 8092
0.840625 0.8375 8112
0.840625 0.84375 8132
0.840625 0.84375 8152
0.83125 0.84375 8172
0.83125 0.84375 8192
0.828125 0.84375 8212
0.828125 0.84375 8232
0.828125 0.84375 8252
0.83125 0.85 8272
0.83125 0.85 8292
0.83125 0.85 8312
0.8375 0.85 8332
0.840625 0.8375 8352
0.840625 0.8375 8372
0.840625 0.8375 8392
0.840625 0.8375 8412
0.840625 0.8375 8432
0.840625 0.84375 8452
0.840625 0.84375 8472
0.840625 0.84375 8492
0.840625 0.84375 8512
0.840625 0.8375 8532
0.8375 0.8375 8552
0.8375 0.8375 8572
0.8375 0.8375 8592
0.834375 0.8375 8612
0.834375 0.83125 8632
0.834375 0.83125 8652
0.84375 0.83125 8672
0.84375 0.834375 8692
0.84375 0.834375 8712
0.846875 0.834375 8732
0.846875 0.834375 8752
0.846875 0.834375 8772
0.846875 0.834375 8792
0.846875 0.834375 8812
0.84375 0.8375 8832
0.84375 0.8375 8852
0.84375 0.8375 8872
0.840625 0.8375 8892
0.840625 0.840625 8912
0.840625 0.840625 8932
0.840625 0.840625 8944
0.84375 0.840625 8956
0.84375 0.840625 8968
0.84375 0.840625 8980
0.84375 0.840625 8992
0.84375 0.840625 9004
0.84375 0.840625 9016
0.84375 0.840625 9028
0.84375 0.840625 9040
0.840625 0.840625 9052
0.840625 0.840625 9064
0.840625 0.840625 9076
0.840625 0.840625 9088
0.840625 0.840625 9100
0.84375 0.840625 9112
0.84375 0.8375 9124
0.84375 0.8375 9136
0.84375 0.84375 9148
0.84375 0.83125 9160
0.84375 0.83125 9172
0.84375 0.83125 9184
0.84375 0.83125 9196
0.84375 0.83125 9208
0.84375 0.8375 9220
0.84375 0.8375 9232
0.84375 0.84375 9244
0.84375 0.84375 9256
0.84375 0.84375 9268
0.84375 0.83125 9280
0.84375 0.83125 9292
0.84375 0.83125 9304
0.84375 0.83125 9316
0.84375 0.83125 9328
0.84375 0.83125 9340
0.84375 0.83125 9352
0.84375 0.8375 9364
0.84375 0.8375 9376
0.84375 0.840625 9388
0.84375 0.84375 9400
0.84375 0.84375 9412
0.84375 0.84375 9424
0.84375 0.84375 9436
0.84375 0.84375 9448
0.84375 0.85 9460
0.84375 0.84375 9472
0.84375 0.84375 9484
0.84375 0.84375 9496
0.84375 0.84375 9508
0.84375 0.84375 9520
0.84375 0.84375 9532
0.84375 0.85 9544
0.853125 0.85 9556
0.85625 0.85625 9568
0.85625 0.85625 9580
0.85625 0.859375 9592
0.85625 0.8625 9604
0.8625 0.8625 9616
0.8625 0.8625 9628
0.8625 0.8625 9640
0.8625 0.86875 9652
0.8625 0.8625 9664
0.865625 0.8625 9676
0.865625 0.8625 9688
0.865625 0.85625 9700
0.865625 0.85625 9712
0.865625 0.85 9724
0.86875 0.85 9736
0.86875 0.85 9748
0.86875 0.85 9760
0.86875 0.84375 9772
0.86875 0.84375 9784
0.86875 0.84375 9796
0.871875 0.85625 9808
0.875 0.85625 9820
0.875 0.85625 9832
0.875 0.85625 9844
0.878125 0.85625 9856
0.88125 0.85625 9868
0.88125 0.85625 9880
0.88125 0.85625 9892
0.88125 0.85625 9904
0.88125 0.85625 9916
0.88125 0.85625 9928
0.88125 0.85 9940
0.88125 0.85 9952
0.88125 0.85625 9964
0.884375 0.85625 9976
0.884375 0.85625 9988
0.884375 0.85625 10000
0.8875 0.8625 10012
0.8875 0.85625 10024
0.8875 0.85625 10036
0.8875 0.85625 10048
0.884375 0.85625 10060
0.884375 0.85625 10072
0.884375 0.85625 10084
0.884375 0.85 10096
0.884375 0.85 10108
0.884375 0.85 10120
0.884375 0.85 10132
0.884375 0.85625 10144
0.884375 0.85625 10156
0.884375 0.85625 10168
0.884375 0.85625 10180
0.884375 0.85625 10192
0.884375 0.85625 10204
0.884375 0.85625 10216
0.884375 0.85625 10228
0.884375 0.85625 10240
0.884375 0.85625 10252
0.884375 0.85625 10264
0.884375 0.85625 10276
0.884375 0.85625 10288
0.884375 0.85625 10300
0.884375 0.85625 10312
0.884375 0.85625 10324
0.878125 0.85625 10336
0.878125 0.85625 10348
0.871875 0.85625 10360
0.86875 0.85625 10372
0.86875 0.85625 10384
0.86875 0.85 10396
0.86875 0.853125 10408
0.86875 0.85625 10420
0.86875 0.85625 10432
0.86875 0.85625 10444
0.86875 0.85625 10456
0.871875 0.85625 10468
0.871875 0.85625 10480
0.871875 0.85625 10492
0.871875 0.85625 10504
0.871875 0.85625 10516
0.871875 0.85625 10528
0.871875 0.8625 10540
0.871875 0.8625 10552
0.871875 0.85625 10564
0.871875 0.8625 10576
0.871875 0.8625 10588
0.871875 0.85625 10600
0.871875 0.85625 10612
0.871875 0.85625 10624
0.871875 0.85625 10636
0.875 0.8625 10648
0.878125 0.8625 10660
0.878125 0.8625 10672
0.878125 0.8625 10684
0.878125 0.8625 10696
0.878125 0.8625 10708
0.878125 0.8625 10720
0.878125 0.8625 10732
0.878125 0.8625 10744
0.878125 0.8625 10756
0.878125 0.8625 10762
0.878125 0.8625 10768
0.878125 0.8625 10774
0.878125 0.8625 10780
0.878125 0.8625 10786
0.878125 0.8625 10792
0.878125 0.8625 10798
0.878125 0.8625 10804
0.878125 0.8625 10810
0.878125 0.8625 10816
0.878125 0.8625 10822
0.878125 0.859375 10828
0.878125 0.859375 10834
0.878125 0.859375 10840
0.878125 0.8625 10846
0.878125 0.8625 10852
0.878125 0.8625 10858
0.878125 0.8625 10864
0.878125 0.8625 10870
0.878125 0.8625 10876
0.878125 0.8625 10882
0.878125 0.8625 10888
0.878125 0.8625 10894
0.878125 0.8625 10900
0.878125 0.8625 10906
0.878125 0.8625 10912
0.878125 0.865625 10918
0.878125 0.865625 10924
0.878125 0.865625 10930
0.878125 0.865625 10936
0.878125 0.86875 10942
0.878125 0.871875 10948
0.878125 0.871875 10954
0.878125 0.871875 10960
0.878125 0.871875 10966
0.878125 0.871875 10972
0.878125 0.871875 10978
0.878125 0.871875 10984
0.878125 0.871875 10990
0.878125 0.871875 10996
0.878125 0.875 11002
0.878125 0.875 11008
0.878125 0.86875 11014
0.878125 0.86875 11020
0.878125 0.86875 11026
0.878125 0.86875 11032
0.878125 0.86875 11038
0.878125 0.86875 11044
0.878125 0.86875 11050
0.878125 0.86875 11056
0.878125 0.86875 11062
0.878125 0.86875 11068
0.878125 0.86875 11074
0.878125 0.86875 11080
0.878125 0.86875 11086
0.878125 0.8625 11092
0.878125 0.8625 11098
0.878125 0.865625 11104
0.878125 0.86875 11110
0.878125 0.86875 11116
0.878125 0.86875 11122
0.878125 0.86875 11128
0.878125 0.86875 11134
0.878125 0.86875 11140
0.878125 0.86875 11146
0.878125 0.86875 11152
0.878125 0.86875 11158
0.878125 0.86875 11164
0.878125 0.86875 11170
0.878125 0.86875 11176
0.878125 0.86875 11182
0.878125 0.86875 11188
0.878125 0.86875 11194
0.878125 0.86875 11200
0.878125 0.86875 11206
0.878125 0.86875 11212
0.878125 0.8625 11218
0.878125 0.8625 11224
0.878125 0.8625 11230
0.878125 0.8625 11236
0.878125 0.8625 11242
0.878125 0.8625 11248
0.878125 0.8625 11254
0.878125 0.8625 11260
0.878125 0.8625 11266
0.878125 0.8625 11272
0.878125 0.8625 11278
0.878125 0.8625 11284
0.878125 0.8625 11290
0.878125 0.85625 11296
0.878125 0.85625 11302
0.878125 0.85625 11308
0.878125 0.85625 11314
0.878125 0.85625 11320
0.878125 0.85625 11326
0.878125 0.85625 11332
0.878125 0.85625 11338
0.878125 0.853125 11344
0.878125 0.85 11350
0.878125 0.85 11356
0.878125 0.85 11362
0.875 0.84375 11368
0.875 0.84375 11374
0.875 0.84375 11380
0.875 0.84375 11386
0.875 0.84375 11392
0.875 0.84375 11398
0.875 0.84375 11404
0.875 0.84375 11410
0.875 0.84375 11416
0.875 0.84375 11422
0.875 0.84375 11428
0.875 0.84375 11434
0.875 0.84375 11440
0.875 0.84375 11446
0.875 0.84375 11452
0.871875 0.84375 11458
0.875 0.84375 11464
0.875 0.84375 11470
0.875 0.84375 11476
0.875 0.84375 11482
0.875 0.84375 11488
0.875 0.84375 11494
0.875 0.84375 11500
0.875 0.84375 11506
0.875 0.840625 11512
0.875 0.84375 11518
0.875 0.84375 11524
0.875 0.84375 11530
0.875 0.84375 11536
0.884375 0.84375 11542
0.884375 0.84375 11548
0.884375 0.84375 11554
0.884375 0.84375 11560
0.884375 0.84375 11566
0.884375 0.84375 11572
0.884375 0.84375 11578
0.884375 0.84375 11584
0.884375 0.84375 11590
0.884375 0.84375 11596
0.884375 0.84375 11602
0.884375 0.84375 11608
0.884375 0.84375 11614
0.884375 0.84375 11620
0.884375 0.84375 11626
0.884375 0.84375 11632
0.884375 0.84375 11638
0.884375 0.84375 11644
0.884375 0.84375 11650
0.884375 0.84375 11656
0.884375 0.84375 11662
0.884375 0.84375 11668
0.884375 0.84375 11674
0.884375 0.84375 11680
0.884375 0.84375 11686
0.884375 0.84375 11692
0.884375 0.84375 11698
0.884375 0.84375 11704
0.884375 0.84375 11710
0.884375 0.84375 11716
0.884375 0.84375 11722
0.884375 0.84375 11728
0.884375 0.84375 11734
0.884375 0.84375 11740
0.884375 0.84375 11746
0.884375 0.84375 11752
0.884375 0.84375 11758
0.884375 0.84375 11764
0.884375 0.84375 11770
0.884375 0.84375 11776
0.884375 0.84375 11782
0.884375 0.84375 11788
0.884375 0.84375 11794
0.884375 0.84375 11800
0.878125 0.84375 11806
0.871875 0.84375 11812
0.871875 0.84375 11818
0.871875 0.84375 11824
0.871875 0.84375 11830
0.871875 0.84375 11836
0.86875 0.84375 11842
0.865625 0.84375 11848
0.865625 0.84375 11854
0.865625 0.84375 11860
0.865625 0.84375 11866
0.865625 0.84375 11872
0.865625 0.84375 11878
0.865625 0.84375 11884
0.865625 0.84375 11890
0.865625 0.84375 11896
0.865625 0.84375 11902
0.865625 0.84375 11908
0.865625 0.84375 11914
0.865625 0.84375 11920
0.865625 0.84375 11926
0.865625 0.84375 11932
0.865625 0.84375 11938
0.865625 0.84375 11944
0.865625 0.84375 11950
0.865625 0.84375 11956
0.865625 0.84375 11962
0.865625 0.84375 11968
0.865625 0.84375 11974
0.865625 0.84375 11980
0.865625 0.84375 11986
0.865625 0.84375 11992
0.8625 0.84375 11998
0.8625 0.84375 12004
0.8625 0.84375 12010
0.8625 0.84375 12016
0.8625 0.84375 12022
0.8625 0.84375 12028
0.8625 0.84375 12034
0.8625 0.84375 12040
0.8625 0.84375 12046
0.8625 0.84375 12052
0.8625 0.84375 12058
0.8625 0.84375 12064
0.8625 0.84375 12070
0.8625 0.84375 12076
0.8625 0.84375 12082
0.8625 0.84375 12088
0.8625 0.84375 12094
0.8625 0.84375 12100
0.8625 0.84375 12106
0.8625 0.84375 12112
0.8625 0.84375 12118
0.8625 0.84375 12124
0.8625 0.84375 12130
0.8625 0.84375 12136
0.8625 0.84375 12142
0.8625 0.84375 12148
0.8625 0.84375 12154
0.8625 0.84375 12160
0.8625 0.84375 12166
0.8625 0.84375 12172
0.8625 0.84375 12178
0.8625 0.84375 12184
0.8625 0.84375 12190
0.8625 0.84375 12196
0.8625 0.84375 12202
0.8625 0.84375 12208
0.8625 0.84375 12214
0.8625 0.84375 12220
0.8625 0.84375 12226
0.8625 0.846875 12232
0.8625 0.85 12238
0.8625 0.85 12244
0.8625 0.85 12246
0.8625 0.85 12248
0.8625 0.85 12250
0.8625 0.85625 12252
0.8625 0.85625 12254
0.8625 0.85625 12256
0.8625 0.85625 12258
0.8625 0.85625 12260
0.8625 0.85625 12262
0.8625 0.85625 12264
0.8625 0.84375 12266
0.859375 0.8375 12268
0.859375 0.84375 12270
0.859375 0.85 12272
0.859375 0.85 12274
0.859375 0.85 12276
0.859375 0.84375 12278
0.859375 0.84375 12280
0.859375 0.84375 12282
0.859375 0.84375 12284
0.859375 0.84375 12286
0.859375 0.84375 12288
0.859375 0.84375 12290
0.859375 0.84375 12292
0.859375 0.84375 12294
0.859375 0.84375 12296
0.859375 0.84375 12298
0.859375 0.84375 12300
0.859375 0.84375 12302
0.859375 0.84375 12304
0.859375 0.84375 12306
0.859375 0.84375 12308
0.859375 0.84375 12310
0.859375 0.84375 12312
0.859375 0.84375 12314
0.859375 0.84375 12316
0.859375 0.84375 12318
0.859375 0.84375 12320
0.859375 0.85 12322
0.859375 0.85 12324
0.859375 0.85 12326
0.859375 0.85 12328
0.859375 0.85 12330
0.859375 0.85 12332
0.859375 0.85 12334
0.859375 0.85 12336
0.859375 0.85 12338
0.859375 0.85 12340
0.859375 0.85 12342
0.859375 0.85 12344
0.859375 0.85 12346
0.859375 0.85 12348
0.859375 0.85 12350
0.859375 0.85 12352
0.859375 0.85 12354
0.859375 0.85 12356
0.859375 0.85 12358
0.859375 0.85 12360
0.859375 0.85 12362
0.859375 0.85 12364
0.859375 0.85 12366
0.859375 0.85 12368
0.859375 0.85 12370
0.859375 0.85 12372
0.859375 0.85 12374
0.859375 0.85 12376
0.859375 0.85 12378
0.859375 0.85 12380
0.859375 0.85 12382
0.8625 0.85 12384
0.8625 0.85 12386
0.8625 0.85 12388
0.8625 0.85 12390
0.8625 0.85 12392
0.8625 0.85 12394
0.8625 0.85 12396
0.8625 0.85 12398
0.8625 0.85 12400
0.8625 0.84375 12402
0.8625 0.84375 12404
0.8625 0.84375 12406
0.8625 0.84375 12408
0.8625 0.85 12410
0.8625 0.85 12412
0.8625 0.85 12414
0.8625 0.85 12416
0.865625 0.85 12418
0.86875 0.8625 12420
0.86875 0.8625 12422
0.86875 0.8625 12424
0.86875 0.8625 12426
0.86875 0.8625 12428
0.875 0.8625 12430
0.875 0.8625 12432
0.875 0.8625 12434
0.875 0.8625 12436
0.875 0.8625 12438
0.875 0.8625 12440
0.875 0.86875 12442
0.875 0.86875 12444
0.875 0.86875 12446
0.875 0.86875 12448
0.875 0.86875 12450
0.875 0.86875 12452
0.875 0.86875 12454
0.875 0.86875 12456
0.875 0.86875 12458
0.875 0.86875 12460
0.875 0.86875 12462
0.875 0.8625 12464
0.875 0.8625 12466
0.875 0.8625 12468
0.875 0.8625 12470
0.875 0.8625 12472
0.875 0.8625 12474
0.875 0.8625 12476
0.875 0.8625 12478
0.875 0.8625 12480
0.875 0.8625 12482
0.875 0.8625 12484
0.875 0.8625 12486
0.875 0.8625 12488
0.875 0.8625 12490
0.875 0.8625 12492
0.875 0.8625 12494
0.875 0.8625 12496
0.875 0.8625 12498
0.875 0.8625 12500
0.875 0.8625 12502
0.875 0.8625 12504
0.875 0.8625 12506
0.875 0.8625 12508
0.875 0.8625 12510
0.875 0.8625 12512
0.875 0.8625 12514
0.875 0.8625 12516
0.875 0.8625 12518
0.875 0.8625 12520
0.875 0.8625 12522
0.875 0.8625 12524
0.875 0.8625 12526
0.875 0.8625 12528
0.875 0.8625 12530
0.875 0.8625 12532
0.875 0.8625 12534
0.875 0.8625 12536
0.875 0.8625 12538
0.875 0.8625 12540
0.875 0.8625 12542
0.875 0.8625 12544
0.875 0.8625 12546
0.875 0.8625 12548
0.875 0.8625 12550
0.875 0.8625 12552
0.875 0.8625 12554
0.875 0.8625 12556
0.875 0.8625 12558
0.875 0.8625 12560
0.875 0.8625 12562
0.875 0.8625 12564
0.875 0.8625 12566
0.875 0.8625 12568
0.875 0.8625 12570
0.875 0.8625 12572
0.875 0.8625 12574
0.875 0.8625 12576
0.875 0.8625 12578
0.875 0.8625 12580
0.875 0.8625 12582
0.875 0.8625 12584
0.875 0.8625 12586
0.875 0.8625 12588
0.875 0.8625 12590
0.875 0.8625 12592
0.875 0.8625 12594
0.875 0.8625 12596
0.875 0.8625 12598
0.875 0.8625 12600
0.875 0.8625 12602
0.875 0.8625 12604
0.875 0.8625 12606
0.875 0.8625 12608
0.875 0.8625 12610
0.875 0.8625 12612
0.875 0.8625 12614
0.875 0.8625 12616
0.875 0.8625 12618
0.875 0.8625 12620
0.875 0.8625 12622
0.875 0.85625 12624
0.875 0.85625 12626
0.875 0.85625 12628
0.875 0.85625 12630
0.875 0.85625 12632
0.875 0.85625 12634
0.875 0.85625 12636
0.875 0.85625 12638
0.875 0.85625 12640
0.875 0.85625 12642
0.875 0.85625 12644
0.875 0.85625 12646
0.875 0.85625 12648
0.875 0.85625 12650
0.875 0.85625 12652
0.875 0.85625 12654
0.875 0.85625 12656
0.875 0.85625 12658
0.875 0.85625 12660
0.875 0.85625 12662
0.875 0.85625 12664
0.875 0.85625 12666
0.875 0.85625 12668
0.875 0.85625 12670
0.875 0.85625 12672
0.875 0.85625 12674
0.875 0.85625 12676
0.875 0.85625 12678
0.875 0.85625 12680
0.875 0.85625 12682
0.875 0.85625 12684
0.875 0.85625 12686
0.875 0.85625 12688
0.875 0.85625 12690
0.875 0.85625 12692
0.875 0.85625 12694
0.875 0.85625 12696
0.875 0.85625 12698
0.875 0.85625 12700
0.875 0.85625 12702
0.875 0.85625 12704
0.875 0.85625 12706
0.875 0.85625 12708
0.875 0.85625 12710
0.875 0.85625 12712
0.875 0.85625 12714
0.875 0.85625 12716
0.875 0.85625 12718
0.875 0.85625 12720
0.875 0.85625 12722
0.875 0.85625 12724
0.875 0.85625 12726
0.875 0.85625 12728
0.875 0.85625 12730
0.875 0.85625 12732
0.875 0.85625 12734
0.875 0.85625 12736
0.875 0.85625 12738
0.875 0.85625 12740
0.875 0.85625 12742
0.875 0.85625 12744
0.875 0.85625 12746
0.875 0.85625 12748
0.875 0.85625 12750
0.875 0.85625 12752
0.875 0.85625 12754
0.875 0.85625 12756
0.875 0.85625 12758
0.875 0.85625 12760
0.875 0.85625 12762
0.875 0.85625 12764
0.875 0.85625 12766
0.875 0.85625 12768
0.875 0.85625 12770
0.875 0.85625 12772
0.875 0.85625 12774
0.875 0.85625 12776
0.875 0.85625 12778
0.875 0.85625 12780
0.875 0.85625 12782
0.875 0.85625 12784
0.875 0.85625 12786
0.875 0.85625 12788
0.875 0.85625 12790
0.875 0.85625 12792
0.875 0.85625 12794
0.875 0.85625 12796
0.875 0.85625 12798
0.875 0.85625 12800
0.875 0.85625 12802
0.875 0.85625 12804
0.875 0.85625 12806
0.875 0.85625 12808
0.875 0.85625 12810
0.875 0.85625 12812
0.875 0.85625 12814
0.875 0.85625 12816
0.875 0.85625 12818
0.875 0.85625 12820
0.875 0.85625 12822
0.875 0.85625 12824
0.875 0.85625 12826
0.875 0.85625 12828
0.875 0.85625 12830
0.875 0.85625 12832
0.875 0.85625 12834
0.878125 0.85625 12836
0.878125 0.85625 12838
0.878125 0.85625 12840
0.878125 0.85625 12842
0.878125 0.85625 12844
0.878125 0.85625 12846
0.878125 0.85625 12848
0.878125 0.85625 12850
0.878125 0.85625 12852
0.878125 0.85625 12854
0.878125 0.85625 12856
0.878125 0.85625 12858
0.878125 0.85625 12860
0.878125 0.85625 12862
0.878125 0.85625 12864
0.878125 0.85625 12866
0.878125 0.85625 12868
0.878125 0.85625 12870
0.878125 0.85625 12872
0.878125 0.85625 12874
0.878125 0.85625 12876
0.878125 0.85625 12878
0.878125 0.85625 12880
0.878125 0.85625 12882
0.878125 0.85625 12884
0.878125 0.85625 12886
0.878125 0.85625 12888
0.878125 0.85625 12890
0.878125 0.85625 12892
0.878125 0.85625 12894
0.878125 0.85625 12896
0.878125 0.85625 12898
0.878125 0.85625 12900
0.878125 0.85625 12902
0.878125 0.85625 12904
0.878125 0.85625 12906
0.878125 0.85625 12908
0.878125 0.85625 12910
0.878125 0.85625 12912
0.878125 0.85625 12914
0.878125 0.85625 12916
0.878125 0.85625 12918
0.878125 0.85625 12920
0.878125 0.85625 12922
0.878125 0.85625 12924
0.878125 0.85625 12926
0.878125 0.85625 12928
0.878125 0.85625 12930
0.878125 0.85625 12932
0.878125 0.85625 12934
0.878125 0.85625 12936
0.878125 0.85625 12938
0.878125 0.85625 12940
0.878125 0.85625 12942
0.878125 0.85625 12944
0.878125 0.85625 12946
0.878125 0.85625 12948
0.878125 0.85625 12950
0.878125 0.85625 12952
0.878125 0.85625 12954
0.878125 0.85625 12956
0.878125 0.85625 12958
0.878125 0.85625 12960
0.878125 0.85625 12962
0.878125 0.85625 12964
0.878125 0.85625 12966
0.878125 0.85625 12968
0.878125 0.85625 12970
0.878125 0.85625 12972
0.878125 0.85625 12974
0.878125 0.85625 12976
0.878125 0.85625 12978
0.878125 0.85625 12980
0.878125 0.85625 12982
0.878125 0.85625 12984
0.878125 0.85625 12986
0.878125 0.85625 12988
0.878125 0.85625 12990
0.878125 0.85625 12992
0.878125 0.85625 12994
0.878125 0.85625 12996
0.878125 0.85625 12998
0.878125 0.85625 13000
0.878125 0.85625 13002
0.878125 0.85625 13004
0.878125 0.85625 13006
0.878125 0.85625 13008
0.878125 0.85625 13010
0.878125 0.85625 13012
0.878125 0.85625 13014
0.878125 0.85625 13016
0.878125 0.85625 13018
0.878125 0.85625 13020
0.878125 0.85625 13022
0.878125 0.85625 13024
0.878125 0.85625 13026
0.878125 0.85625 13028
0.878125 0.85625 13030
0.878125 0.85625 13032
0.878125 0.85625 13034
0.878125 0.85625 13036
0.878125 0.85625 13038
0.878125 0.85625 13040
0.878125 0.85625 13042
0.878125 0.85625 13044
0.878125 0.85625 13046
0.878125 0.85625 13048
0.878125 0.85625 13050
0.878125 0.85625 13052
0.878125 0.85625 13054
0.878125 0.85625 13056
0.878125 0.85625 13058
0.878125 0.853125 13060
0.878125 0.85 13062
0.878125 0.85 13064
0.878125 0.85 13066
0.878125 0.85 13068
0.878125 0.85 13070
0.878125 0.85 13072
0.878125 0.85 13074
0.878125 0.85 13076
0.878125 0.85 13078
0.878125 0.85 13080
0.878125 0.85 13082
0.878125 0.85 13084
0.878125 0.85 13086
0.878125 0.85 13088
0.878125 0.85 13090
0.878125 0.85 13092
0.878125 0.85 13094
0.878125 0.85 13096
0.878125 0.85 13098
0.878125 0.85 13100
0.878125 0.85 13102
0.878125 0.85 13104
0.878125 0.85 13106
0.878125 0.84375 13108
0.878125 0.84375 13110
0.878125 0.84375 13112
0.878125 0.84375 13114
0.878125 0.84375 13116
0.878125 0.84375 13118
0.878125 0.84375 13120
0.878125 0.84375 13122
0.878125 0.84375 13124
0.878125 0.84375 13126
0.878125 0.84375 13128
0.878125 0.84375 13130
0.878125 0.84375 13132
0.878125 0.84375 13134
0.878125 0.84375 13136
0.878125 0.83125 13138
0.878125 0.83125 13140
0.878125 0.83125 13142
0.878125 0.83125 13144
0.878125 0.83125 13146
0.878125 0.83125 13148
0.878125 0.83125 13150
0.878125 0.83125 13152
0.878125 0.828125 13154
0.878125 0.825 13156
0.878125 0.825 13158
0.878125 0.825 13160
0.878125 0.825 13162
0.878125 0.825 13164
0.878125 0.825 13166
0.878125 0.825 13168
0.878125 0.825 13170
0.875 0.825 13172
0.875 0.825 13174
0.875 0.825 13176
0.875 0.825 13178
0.875 0.825 13180
0.875 0.825 13182
0.875 0.825 13184
0.875 0.825 13186
0.875 0.825 13188
0.875 0.825 13190
0.875 0.825 13192
0.875 0.825 13194
0.875 0.825 13196
0.875 0.825 13198
0.875 0.825 13200
0.875 0.825 13202
0.875 0.825 13204
0.875 0.825 13206
0.875 0.825 13208
0.875 0.825 13210
0.875 0.825 13212
0.875 0.825 13214
0.875 0.825 13216
0.875 0.825 13218
0.875 0.825 13220
0.875 0.825 13222
0.875 0.825 13224
0.875 0.825 13226
0.875 0.825 13228
0.875 0.825 13230
0.875 0.825 13232
0.875 0.825 13234
0.875 0.83125 13236
0.875 0.83125 13238
0.875 0.83125 13240
0.875 0.83125 13242
0.875 0.83125 13244
0.875 0.83125 13246
0.875 0.83125 13248
0.875 0.83125 13250
0.875 0.83125 13252
0.875 0.83125 13254
0.875 0.83125 13256
0.875 0.83125 13258
0.875 0.83125 13260
0.875 0.83125 13262
0.875 0.83125 13264
0.875 0.83125 13266
0.875 0.83125 13268
0.875 0.83125 13270
0.875 0.83125 13272
0.875 0.83125 13274
0.875 0.83125 13276
0.875 0.83125 13278
0.875 0.83125 13280
0.875 0.83125 13282
0.875 0.83125 13284
0.875 0.83125 13286
0.875 0.83125 13288
0.875 0.83125 13290
0.875 0.83125 13292
0.875 0.83125 13294
0.875 0.83125 13296
0.875 0.83125 13298
0.875 0.83125 13300
0.875 0.83125 13302
0.875 0.83125 13304
0.875 0.83125 13306
0.875 0.83125 13308
0.875 0.83125 13310
0.875 0.83125 13312
0.875 0.83125 13314
0.875 0.83125 13316
0.875 0.84375 13318
0.875 0.84375 13320
0.875 0.84375 13322
0.875 0.84375 13324
0.875 0.84375 13326
0.875 0.84375 13328
0.875 0.84375 13330
0.875 0.84375 13332
0.875 0.84375 13334
0.875 0.84375 13336
0.875 0.84375 13338
0.875 0.84375 13340
0.875 0.84375 13342
0.875 0.84375 13344
0.875 0.84375 13346
0.875 0.84375 13348
0.875 0.84375 13350
0.875 0.84375 13352
0.875 0.84375 13354
0.875 0.84375 13356
0.875 0.84375 13358
0.875 0.84375 13360
0.875 0.84375 13362
0.875 0.84375 13364
0.875 0.84375 13366
0.875 0.84375 13368
0.875 0.84375 13370
0.875 0.84375 13372
0.875 0.84375 13374
0.875 0.84375 13376
0.875 0.84375 13378
0.875 0.84375 13380
0.875 0.84375 13382
0.875 0.84375 13384
0.875 0.84375 13386
0.875 0.84375 13388
0.875 0.84375 13390
0.875 0.84375 13392
0.875 0.84375 13392
0.875 0.84375 13392
0.875 0.84375 13392
0.875 0.84375 13392
0.875 0.84375 13392
0.875 0.84375 13392
0.875 0.84375 13392
0.875 0.84375 13392
0.875 0.84375 13392
0.875 0.84375 13392
0.875 0.84375 13392
0.875 0.84375 13392
0.875 0.84375 13392
0.875 0.84375 13392
0.875 0.84375 13392
0.875 0.84375 13392
0.875 0.84375 13392
0.875 0.84375 13392
0.875 0.85 13392
0.875 0.85 13392
0.875 0.85 13392
0.875 0.85 13392
0.875 0.85 13392
0.875 0.85 13392
0.875 0.85 13392
0.875 0.85 13392
0.875 0.85 13392
0.875 0.85 13392
0.875 0.85 13392
0.875 0.85 13392
0.875 0.85 13392
0.875 0.85 13392
0.875 0.85 13392
0.875 0.85 13392
0.875 0.85 13392
0.875 0.85 13392
0.875 0.85 13392
0.875 0.85 13392
0.875 0.85 13392
0.875 0.85 13392
0.875 0.85 13392
0.875 0.85 13392
0.875 0.85 13392
0.875 0.85 13392
0.875 0.85 13392
0.875 0.85 13392
0.875 0.85 13392
0.875 0.85 13392
0.875 0.85 13392
0.875 0.85 13392
0.875 0.85 13392
0.875 0.85 13392
0.875 0.85 13392
0.875 0.85 13392
0.875 0.85 13392
0.875 0.85 13392
0.875 0.85 13392
0.875 0.85 13392
0.875 0.85 13392
0.875 0.85 13392
0.875 0.85 13392
0.875 0.85 13392
0.875 0.85 13392
0.875 0.85 13392
0.875 0.85 13392
0.875 0.85 13392
0.875 0.85 13392
0.875 0.85 13392
0.875 0.85 13392
0.875 0.85 13392
0.875 0.85 13392
0.875 0.85 13392
0.875 0.85 13392
0.875 0.85625 13392
0.875 0.85625 13392
0.875 0.85625 13392
0.875 0.85625 13392
0.875 0.85625 13392
0.875 0.85625 13392
0.875 0.85625 13392
0.875 0.85625 13392
0.875 0.85625 13392
0.875 0.85625 13392
0.875 0.85625 13392
0.875 0.85625 13392
0.875 0.85625 13392
0.875 0.85625 13392
0.875 0.85625 13392
0.875 0.85625 13392
0.875 0.85625 13392
0.875 0.85625 13392
0.875 0.85625 13392
0.875 0.85625 13392
0.875 0.85625 13392
0.875 0.85625 13392
0.875 0.85625 13392
0.875 0.85625 13392
0.875 0.85625 13392
0.875 0.85625 13392
0.875 0.85625 13392
0.875 0.85625 13392
0.875 0.85625 13392
0.875 0.85625 13392
0.875 0.85625 13392
0.875 0.85625 13392
0.875 0.85625 13392
0.875 0.85625 13392
0.875 0.85625 13392
0.875 0.85625 13392
0.875 0.85625 13392
0.875 0.85625 13392
0.875 0.85625 13392
0.875 0.85625 13392
0.875 0.85625 13392
0.875 0.85625 13392
0.875 0.85625 13392
0.875 0.85625 13392
0.875 0.85625 13392
0.875 0.85625 13392
0.875 0.85625 13392
0.875 0.85625 13392
0.875 0.85625 13392
0.875 0.85625 13392
0.875 0.85625 13392
0.875 0.85625 13392
0.875 0.85625 13392
0.875 0.85625 13392
0.875 0.85625 13392
0.875 0.85625 13392
0.875 0.85625 13392
0.875 0.85625 13392
0.875 0.85625 13392
0.875 0.85625 13392
0.875 0.85625 13392
0.875 0.85625 13392
0.875 0.85625 13392
0.875 0.85625 13392
0.875 0.85625 13392
0.875 0.85625 13392
0.875 0.85625 13392
0.875 0.85625 13392
0.875 0.85625 13392
0.875 0.85625 13392
0.875 0.85625 13392
0.875 0.85625 13392
0.875 0.85 13392
0.875 0.85 13392
0.875 0.85 13392
0.875 0.85 13392
0.875 0.85 13392
0.875 0.85 13392
0.875 0.85 13392
0.875 0.85 13392
0.875 0.85 13392
0.875 0.85 13392
0.875 0.85 13392
0.875 0.85 13392
0.875 0.85 13392
0.875 0.85 13392
0.875 0.85 13392
0.875 0.85 13392
0.875 0.85 13392
0.875 0.85 13392
0.875 0.85 13392
0.875 0.85 13392
0.875 0.85 13392
0.875 0.85 13392
0.875 0.85 13392
0.875 0.85 13392
0.875 0.85 13392
0.875 0.85 13392
0.875 0.85 13392
0.875 0.85 13392
0.875 0.85 13392
0.875 0.85 13392
0.875 0.85 13392
0.875 0.85 13392
0.875 0.85 13392
0.875 0.85 13392
0.875 0.85 13392
0.875 0.85 13392
0.875 0.85 13392
0.875 0.85 13392
0.875 0.85 13392
0.875 0.85 13392
0.875 0.85 13392
0.875 0.85 13392
0.875 0.85 13392
0.875 0.85 13392
0.875 0.85 13392
0.875 0.85 13392
0.875 0.85 13392
0.875 0.85 13392
0.875 0.85 13392
0.875 0.85 13392
0.875 0.85 13392
0.875 0.85 13392
0.875 0.84375 13392
0.875 0.84375 13392
0.875 0.84375 13392
0.875 0.84375 13392
0.875 0.84375 13392
0.875 0.84375 13392
0.875 0.84375 13392
0.875 0.84375 13392
0.875 0.84375 13392
0.875 0.84375 13392
0.875 0.84375 13392
0.875 0.84375 13392
0.875 0.84375 13392
0.875 0.84375 13392
0.875 0.84375 13392
0.875 0.840625 13392
0.875 0.8375 13392
0.875 0.8375 13392
0.875 0.834375 13392
0.875 0.83125 13392
0.875 0.83125 13392
0.875 0.83125 13392
0.875 0.83125 13392
0.875 0.83125 13392
0.875 0.83125 13392
0.875 0.83125 13392
0.875 0.83125 13392
0.875 0.83125 13392
0.875 0.83125 13392
0.875 0.83125 13392
0.875 0.83125 13392
0.875 0.83125 13392
0.875 0.83125 13392
0.875 0.83125 13392
0.875 0.83125 13392
0.875 0.83125 13392
0.875 0.83125 13392
0.875 0.83125 13392
0.875 0.83125 13392
0.875 0.83125 13392
0.875 0.83125 13392
0.875 0.83125 13392
0.875 0.83125 13392
0.875 0.83125 13392
0.875 0.83125 13392
0.875 0.83125 13392
0.875 0.83125 13392
0.875 0.83125 13392
0.875 0.83125 13392
0.875 0.83125 13392
0.875 0.83125 13392
0.875 0.83125 13392
0.875 0.83125 13392
0.875 0.83125 13392
0.875 0.83125 13392
0.875 0.83125 13392
0.875 0.83125 13392
0.875 0.83125 13392
0.875 0.83125 13392
0.875 0.83125 13392
0.875 0.83125 13392
0.875 0.83125 13392
0.875 0.83125 13392
0.875 0.83125 13392
0.875 0.83125 13392
0.875 0.83125 13392
0.875 0.83125 13392
0.875 0.83125 13392
0.875 0.83125 13392
0.875 0.83125 13392
0.875 0.83125 13392
0.875 0.83125 13392
0.875 0.83125 13392
0.875 0.83125 13392
0.875 0.83125 13392
0.875 0.83125 13392
0.875 0.83125 13392
0.875 0.83125 13392
0.875 0.83125 13392
0.875 0.83125 13392
0.875 0.83125 13392
0.875 0.83125 13392
0.875 0.83125 13392
0.875 0.83125 13392
0.875 0.83125 13392
0.875 0.83125 13392
0.875 0.83125 13392
0.875 0.83125 13392
0.875 0.83125 13392
0.875 0.83125 13392
0.875 0.83125 13392
0.875 0.83125 13392
0.875 0.83125 13392
0.875 0.83125 13392
0.875 0.83125 13392
0.875 0.83125 13392
0.875 0.83125 13392
0.875 0.83125 13392
0.875 0.83125 13392
0.875 0.83125 13392
0.875 0.83125 13392
0.875 0.83125 13392
0.875 0.83125 13392
0.875 0.83125 13392
0.875 0.83125 13392
0.875 0.83125 13392
0.875 0.83125 13392
0.875 0.83125 13392
0.875 0.83125 13392
0.875 0.83125 13392
0.875 0.828125 13392
0.875 0.825 13392
0.875 0.825 13392
0.875 0.825 13392
0.875 0.825 13392
0.875 0.825 13392
0.875 0.825 13392
0.875 0.825 13392
0.875 0.825 13392
0.875 0.825 13392
0.875 0.825 13392
0.875 0.825 13392
0.875 0.825 13392
0.875 0.825 13392
0.875 0.825 13392
0.875 0.825 13392
0.875 0.825 13392
0.875 0.825 13392
0.875 0.825 13392
0.875 0.825 13392
0.875 0.825 13392
0.875 0.825 13392
0.875 0.825 13392
0.875 0.825 13392
0.875 0.825 13392
0.875 0.825 13392
0.875 0.825 13392
0.875 0.825 13392
0.875 0.825 13392
0.875 0.825 13392
0.875 0.825 13392
0.875 0.825 13392
0.875 0.825 13392
0.875 0.825 13392
0.875 0.825 13392
0.875 0.825 13392
0.875 0.825 13392
0.875 0.825 13392
0.875 0.825 13392
0.875 0.825 13392
0.875 0.825 13392
0.875 0.825 13392
0.875 0.825 13392
0.875 0.825 13392
0.875 0.825 13392
0.875 0.825 13392
0.875 0.825 13392
0.875 0.825 13392
0.875 0.825 13392
0.875 0.825 13392
0.875 0.825 13392
0.875 0.825 13392
0.875 0.825 13392
0.875 0.825 13392
0.875 0.825 13392
0.875 0.825 13392
0.875 0.825 13392
0.875 0.825 13392
0.875 0.825 13392
0.875 0.825 13392
0.875 0.825 13392
0.875 0.825 13392
0.875 0.825 13392
0.875 0.825 13392
0.875 0.825 13392
0.875 0.825 13392
0.875 0.825 13392
0.875 0.825 13392
0.875 0.825 13392
0.875 0.825 13392
0.875 0.825 13392
0.875 0.825 13392
0.875 0.825 13392
0.875 0.825 13392
0.875 0.825 13392
0.875 0.825 13392
0.875 0.825 13392
0.875 0.825 13392
0.875 0.825 13392
0.875 0.825 13392
0.875 0.825 13392
0.875 0.825 13392
0.875 0.825 13392
0.875 0.825 13392
0.875 0.825 13392
0.875 0.825 13392
0.875 0.825 13392
0.875 0.825 13392
0.875 0.825 13392
0.875 0.825 13392
0.875 0.825 13392
0.875 0.825 13392
0.875 0.825 13392
0.875 0.825 13392
0.875 0.825 13392
0.875 0.825 13392
0.875 0.825 13392
0.875 0.825 13392
0.875 0.825 13392
0.875 0.825 13392
0.875 0.825 13392
0.875 0.825 13392
0.875 0.825 13392
0.875 0.825 13392
0.875 0.825 13392
0.875 0.825 13392
0.875 0.825 13392
0.875 0.825 13392
0.875 0.825 13392
0.875 0.825 13392
0.875 0.825 13392
0.875 0.825 13392
0.875 0.825 13392
0.875 0.825 13392
0.875 0.825 13392
0.875 0.825 13392
0.875 0.825 13392
0.875 0.825 13392
0.875 0.825 13392
0.875 0.825 13392
0.875 0.825 13392
0.875 0.825 13392
0.875 0.825 13392
0.875 0.825 13392
0.875 0.825 13392
0.875 0.825 13392
0.875 0.825 13392
0.875 0.825 13392
0.875 0.825 13392
0.875 0.825 13392
0.875 0.825 13392
0.875 0.825 13392
0.875 0.825 13392
0.875 0.825 13392
0.875 0.825 13392
0.875 0.825 13392
0.875 0.825 13392
0.875 0.825 13392
0.875 0.825 13392
0.875 0.825 13392
0.875 0.825 13392
0.875 0.825 13392
0.875 0.825 13392
0.875 0.825 13392
0.875 0.825 13392
0.875 0.825 13392
0.875 0.825 13392
0.875 0.825 13392
0.875 0.825 13392
0.875 0.825 13392
0.875 0.825 13392
0.875 0.825 13392
0.875 0.825 13392
0.875 0.825 13392
0.875 0.825 13392
0.875 0.825 13392
0.875 0.825 13392
0.875 0.825 13392
0.875 0.83125 13392
0.875 0.81875 13392
0.875 0.81875 13392
0.875 0.81875 13392
0.875 0.81875 13392
0.875 0.81875 13392
0.875 0.81875 13392
0.875 0.81875 13392
0.875 0.81875 13392
0.875 0.81875 13392
0.875 0.81875 13392
0.875 0.81875 13392
0.875 0.81875 13392
0.875 0.81875 13392
0.875 0.81875 13392
0.875 0.81875 13392
0.875 0.81875 13392
0.875 0.81875 13392
0.875 0.81875 13392
0.875 0.81875 13392
0.875 0.81875 13392
0.875 0.81875 13392
0.875 0.81875 13392
0.875 0.81875 13392
0.875 0.81875 13392
0.875 0.81875 13392
0.875 0.81875 13392
0.875 0.81875 13392
0.875 0.81875 13392
0.875 0.81875 13392
0.875 0.81875 13392
0.875 0.81875 13392
0.875 0.81875 13392
0.875 0.81875 13392
0.875 0.81875 13392
0.875 0.81875 13392
0.875 0.81875 13392
0.875 0.81875 13392
0.875 0.81875 13392
0.875 0.81875 13392
0.875 0.81875 13392
0.875 0.81875 13392
0.875 0.81875 13392
0.875 0.81875 13392
0.875 0.81875 13392
0.875 0.81875 13392
0.875 0.81875 13392
0.875 0.81875 13392
0.875 0.81875 13392
0.875 0.81875 13392
0.875 0.81875 13392
0.875 0.81875 13392
0.875 0.81875 13392
0.875 0.81875 13392
0.875 0.81875 13392
0.875 0.81875 13392
0.875 0.81875 13392
0.875 0.81875 13392
0.875 0.81875 13392
0.875 0.81875 13392
0.875 0.81875 13392
0.875 0.81875 13392
0.875 0.81875 13392
0.875 0.81875 13392
0.875 0.81875 13392
0.875 0.81875 13392
0.875 0.81875 13392
0.875 0.81875 13392
0.875 0.81875 13392
0.875 0.81875 13392
0.875 0.81875 13392
0.875 0.81875 13392
0.875 0.81875 13392
0.875 0.81875 13392
0.875 0.81875 13392
0.875 0.81875 13392
0.875 0.81875 13392
0.875 0.81875 13392
0.875 0.81875 13392
0.875 0.81875 13392
0.875 0.81875 13392
0.875 0.81875 13392
0.875 0.81875 13392
0.875 0.81875 13392
0.875 0.81875 13392
0.875 0.81875 13392
0.875 0.81875 13392
0.875 0.81875 13392
0.875 0.81875 13392
0.875 0.81875 13392
0.875 0.81875 13392
0.875 0.81875 13392
0.875 0.81875 13392
0.875 0.81875 13392
0.875 0.81875 13392
0.875 0.81875 13392
0.875 0.81875 13392
0.875 0.81875 13392
0.875 0.81875 13392
0.875 0.81875 13392
0.875 0.81875 13392
0.875 0.81875 13392
0.875 0.81875 13392
0.875 0.81875 13392
0.875 0.81875 13392
0.875 0.81875 13392
0.875 0.81875 13392
0.875 0.81875 13392
0.875 0.81875 13392
0.875 0.81875 13392
0.875 0.81875 13392
0.875 0.81875 13392
0.875 0.81875 13392
0.875 0.81875 13392
0.875 0.81875 13392
0.875 0.81875 13392
0.875 0.81875 13392
0.875 0.81875 13392
0.875 0.81875 13392
0.875 0.81875 13392
0.875 0.81875 13392
0.875 0.81875 13392
0.875 0.81875 13392
0.875 0.81875 13392
0.875 0.81875 13392
0.875 0.81875 13392
0.875 0.81875 13392
0.875 0.81875 13392
0.875 0.81875 13392
0.875 0.81875 13392
0.875 0.81875 13392
0.875 0.81875 13392
0.875 0.81875 13392
0.875 0.81875 13392
0.875 0.81875 13392
0.875 0.81875 13392
0.875 0.81875 13392
0.875 0.81875 13392
0.875 0.81875 13392
0.875 0.81875 13392
0.875 0.81875 13392
0.875 0.81875 13392
0.875 0.81875 13392
0.875 0.81875 13392
0.875 0.81875 13392
0.875 0.81875 13392
0.875 0.81875 13392
0.875 0.81875 13392
0.875 0.81875 13392
0.875 0.81875 13392
0.875 0.81875 13392
0.875 0.81875 13392
0.875 0.81875 13392
0.875 0.81875 13392
0.875 0.81875 13392
0.875 0.81875 13392
0.875 0.81875 13392
0.875 0.81875 13392
0.875 0.81875 13392
0.875 0.81875 13392
0.875 0.81875 13392
0.875 0.81875 13392
0.875 0.81875 13392
0.875 0.81875 13392
0.875 0.81875 13392
0.875 0.81875 13392
0.875 0.81875 13392
0.875 0.81875 13392
0.875 0.81875 13392
0.875 0.81875 13392
0.875 0.81875 13392
0.875 0.81875 13392
0.875 0.81875 13392
0.875 0.81875 13392
0.875 0.81875 13392
0.875 0.81875 13392
0.875 0.81875 13392
0.875 0.81875 13392
0.875 0.81875 13392
0.875 0.81875 13392
0.875 0.81875 13392
0.875 0.81875 13392
0.875 0.81875 13392
0.875 0.81875 13392
0.875 0.81875 13392
0.875 0.81875 13392
0.875 0.81875 13392
0.875 0.81875 13392
0.875 0.81875 13392
0.875 0.81875 13392
0.875 0.81875 13392
0.875 0.81875 13392
0.875 0.81875 13392
0.875 0.81875 13392
0.875 0.81875 13392
0.875 0.81875 13392
0.875 0.81875 13392
0.875 0.81875 13392
0.875 0.81875 13392
0.875 0.81875 13392
0.875 0.81875 13392
0.875 0.81875 13392
0.875 0.81875 13392
0.875 0.81875 13392
0.875 0.81875 13392
0.875 0.81875 13392
0.875 0.81875 13392
0.875 0.81875 13392
0.875 0.81875 13392
0.875 0.81875 13392
0.875 0.81875 13392
0.875 0.81875 13392
0.875 0.81875 13392
0.875 0.81875 13392
0.875 0.81875 13392
0.875 0.81875 13392
0.875 0.81875 13392
0.875 0.81875 13392
0.875 0.81875 13392
0.875 0.81875 13392
0.875 0.81875 13392
0.875 0.81875 13392
0.875 0.81875 13392
0.875 0.81875 13392
0.875 0.81875 13392
0.875 0.81875 13392
0.875 0.81875 13392
0.875 0.81875 13392
0.875 0.81875 13392
0.875 0.81875 13392
0.875 0.81875 13392
0.875 0.81875 13392
0.875 0.81875 13392
0.875 0.81875 13392
0.875 0.81875 13392
0.875 0.81875 13392
0.875 0.81875 13392
0.875 0.81875 13392
0.875 0.81875 13392
0.875 0.81875 13392
0.875 0.81875 13392
0.875 0.81875 13392
0.875 0.81875 13392
0.875 0.81875 13392
0.875 0.81875 13392
0.875 0.81875 13392
0.875 0.81875 13392
0.875 0.81875 13392
0.875 0.81875 13392
0.875 0.81875 13392
0.875 0.81875 13392
0.875 0.81875 13392
0.875 0.81875 13392
0.875 0.81875 13392
0.875 0.81875 13392
0.875 0.81875 13392
0.875 0.81875 13392
0.875 0.81875 13392
0.875 0.81875 13392
0.875 0.81875 13392
0.875 0.81875 13392
0.875 0.81875 13392
0.875 0.81875 13392
0.875 0.81875 13392
0.875 0.8125 13392
0.875 0.8125 13392
0.875 0.8125 13392
0.875 0.8125 13392
0.875 0.8125 13392
0.875 0.8125 13392
0.875 0.8125 13392
0.875 0.8125 13392
0.875 0.8125 13392
0.875 0.8125 13392
0.875 0.8125 13392
0.875 0.8125 13392
0.875 0.8125 13392
0.875 0.8125 13392
0.875 0.8125 13392
0.875 0.80625 13392
0.875 0.80625 13392
0.875 0.80625 13392
0.875 0.80625 13392
0.875 0.80625 13392
0.875 0.80625 13392
0.875 0.80625 13392
0.875 0.8 13392
0.875 0.8 13392
0.875 0.8 13392
0.875 0.8 13392
0.875 0.8 13392
0.875 0.8 13392
0.875 0.8 13392
0.875 0.8 13392
0.875 0.8 13392
0.875 0.8 13392
0.875 0.8 13392
0.875 0.8 13392
0.875 0.8 13392
0.875 0.8 13392
0.875 0.8 13392
0.875 0.8 13392
0.875 0.8 13392
0.875 0.8 13392
0.875 0.8 13392
0.875 0.8 13392
0.875 0.8 13392
0.875 0.8 13392
0.875 0.8 13392
0.875 0.8 13392
0.875 0.8 13392
0.875 0.8 13392
0.875 0.8 13392
0.875 0.8 13392
0.875 0.8 13392
0.875 0.8 13392
0.875 0.8 13392
0.875 0.8 13392
0.875 0.8 13392
0.875 0.8 13392
0.875 0.8 13392
0.875 0.8 13392
0.875 0.8 13392
0.875 0.8 13392
0.875 0.8 13392
0.875 0.8 13392
0.875 0.8 13392
0.875 0.8 13392
0.875 0.79375 13392
0.875 0.79375 13392
0.875 0.7875 13392
0.875 0.7875 13392
0.875 0.7875 13392
0.875 0.7875 13392
0.875 0.7875 13392
0.875 0.7875 13392
0.875 0.7875 13392
0.875 0.7875 13392
0.875 0.7875 13392
0.875 0.7875 13392
0.875 0.78125 13392
0.875 0.78125 13392
0.875 0.78125 13392
0.875 0.78125 13392
0.875 0.78125 13392
0.875 0.78125 13392
0.875 0.78125 13392
0.875 0.78125 13392
0.875 0.78125 13392
0.875 0.78125 13392
0.875 0.78125 13392
0.875 0.78125 13392
0.875 0.78125 13392
0.875 0.78125 13392
0.875 0.775 13392
0.875 0.775 13392
0.875 0.775 13392
0.875 0.775 13392
0.875 0.775 13392
0.875 0.775 13392
0.875 0.775 13392
0.875 0.775 13392
0.875 0.775 13392
0.875 0.775 13392
0.875 0.775 13392
0.875 0.775 13392
0.875 0.775 13392
0.875 0.775 13392
0.875 0.775 13392
0.875 0.775 13392
0.875 0.775 13392
0.875 0.775 13392
0.875 0.775 13392
0.875 0.775 13392
0.875 0.775 13392
0.875 0.775 13392
0.875 0.775 13392
0.875 0.775 13392
0.875 0.775 13392
0.875 0.775 13392
0.875 0.775 13392
0.875 0.775 13392
0.875 0.775 13392
0.875 0.775 13392
0.875 0.775 13392
0.875 0.775 13392
0.875 0.775 13392
0.875 0.775 13392
0.875 0.775 13392
0.875 0.775 13392
0.875 0.775 13392
0.875 0.775 13392
0.875 0.775 13392
0.875 0.775 13392
0.875 0.775 13392
0.875 0.775 13392
0.875 0.775 13392
0.875 0.775 13392
0.875 0.775 13392
0.875 0.775 13392
0.875 0.775 13392
0.875 0.775 13392
0.875 0.775 13392
0.875 0.771875 13392
0.875 0.76875 13392
0.875 0.76875 13392
0.875 0.76875 13392
0.875 0.76875 13392
0.875 0.76875 13392
0.875 0.76875 13392
0.875 0.76875 13392
0.875 0.76875 13392
0.875 0.76875 13392
0.875 0.76875 13392
0.875 0.76875 13392
0.875 0.76875 13392
0.875 0.76875 13392
0.875 0.76875 13392
0.875 0.76875 13392
0.875 0.76875 13392
0.875 0.76875 13392
0.875 0.76875 13392
0.875 0.76875 13392
0.875 0.76875 13392
0.875 0.76875 13392
0.875 0.76875 13392
0.875 0.76875 13392
0.875 0.76875 13392
0.875 0.76875 13392
0.875 0.76875 13392
0.875 0.76875 13392
0.875 0.76875 13392
0.875 0.76875 13392
0.875 0.76875 13392
0.875 0.76875 13392
0.875 0.76875 13392
0.875 0.765625 13392
0.875 0.7625 13392
0.875 0.7625 13392
0.875 0.7625 13392
0.875 0.7625 13392
0.875 0.7625 13392
0.875 0.7625 13392
0.875 0.7625 13392
0.875 0.7625 13392
0.875 0.7625 13392
0.875 0.7625 13392
0.875 0.7625 13392
0.875 0.7625 13392
0.875 0.7625 13392
0.875 0.7625 13392
0.875 0.7625 13392
0.875 0.7625 13392
0.875 0.7625 13392
0.875 0.7625 13392
0.875 0.7625 13392
0.875 0.7625 13392
0.875 0.7625 13392
0.875 0.7625 13392
0.875 0.7625 13392
0.875 0.7625 13392
0.875 0.7625 13392
0.875 0.75625 13392
0.875 0.75625 13392
0.875 0.75625 13392
0.875 0.75625 13392
0.875 0.75625 13392
0.875 0.75625 13392
0.875 0.75625 13392
0.875 0.75625 13392
0.875 0.75625 13392
0.875 0.75625 13392
0.875 0.75625 13392
0.875 0.75625 13392
0.875 0.75625 13392
0.875 0.75625 13392
0.875 0.75625 13392
0.875 0.75625 13392
0.875 0.75625 13392
0.875 0.75625 13392
0.875 0.75625 13392
0.875 0.75625 13392
0.875 0.75625 13392
0.875 0.75625 13392
0.875 0.75625 13392
0.875 0.75625 13392
0.875 0.75625 13392
0.875 0.75625 13392
0.875 0.75625 13392
0.875 0.75625 13392
0.875 0.75625 13392
0.875 0.75625 13392
0.875 0.75625 13392
0.875 0.75625 13392
0.875 0.75625 13392
0.875 0.75625 13392
0.875 0.75625 13392
0.875 0.75625 13392
0.875 0.75625 13392
0.875 0.75625 13392
0.875 0.75625 13392
0.875 0.75625 13392
0.875 0.75625 13392
0.875 0.75625 13392
0.875 0.75625 13392
0.875 0.75625 13392
0.875 0.75625 13392
0.875 0.75625 13392
0.875 0.75625 13392
0.875 0.75625 13392
0.875 0.75625 13392
0.875 0.75625 13392
0.875 0.75625 13392
0.875 0.75625 13392
0.875 0.75625 13392
0.875 0.75625 13392
0.875 0.75625 13392
0.875 0.75625 13392
0.875 0.75625 13392
0.875 0.75625 13392
0.875 0.75625 13392
0.875 0.75625 13392
0.875 0.75625 13392
0.875 0.75625 13392
0.875 0.75625 13392
0.875 0.75625 13392
0.875 0.75625 13392
0.875 0.75625 13392
0.875 0.75625 13392
0.875 0.75625 13392
0.875 0.75625 13392
0.875 0.75625 13392
0.875 0.75625 13392
0.875 0.75625 13392
0.875 0.75625 13392
0.875 0.75625 13392
0.875 0.75625 13392
0.875 0.75625 13392
0.875 0.75625 13392
0.875 0.75625 13392
0.875 0.75625 13392
0.875 0.75625 13392
0.875 0.75625 13392
0.875 0.75625 13392
0.875 0.75625 13392
0.875 0.75625 13392
0.875 0.75625 13392
0.875 0.75625 13392
0.875 0.75625 13392
0.875 0.75625 13392
0.875 0.75625 13392
0.875 0.75625 13392
0.875 0.75625 13392
0.875 0.75625 13392
0.875 0.75625 13392
0.875 0.75625 13392
0.875 0.75625 13392
0.875 0.75625 13392
0.875 0.75625 13392
0.875 0.75625 13392
0.875 0.75625 13392
0.875 0.75625 13392
0.875 0.75625 13392
0.875 0.75625 13392
0.875 0.75625 13392
0.875 0.75625 13392
0.875 0.75625 13392
0.875 0.75625 13392
0.875 0.75625 13392
0.875 0.75625 13392
0.875 0.75625 13392
0.875 0.75625 13392
0.875 0.75625 13392
0.875 0.75625 13392
0.875 0.75625 13392
0.875 0.75625 13392
0.875 0.75625 13392
0.875 0.75625 13392
0.875 0.75625 13392
0.875 0.75625 13392
0.875 0.75625 13392
0.875 0.75625 13392
0.875 0.75625 13392
0.875 0.75625 13392
0.875 0.75625 13392
0.875 0.75625 13392
0.875 0.75625 13392
0.875 0.75625 13392
0.875 0.75625 13392
0.875 0.75625 13392
0.875 0.75625 13392
0.875 0.75625 13392
0.875 0.75625 13392
0.875 0.75625 13392
0.875 0.75625 13392
0.875 0.75625 13392
0.875 0.75625 13392
0.875 0.75625 13392
0.875 0.75625 13392
0.875 0.75625 13392
0.875 0.75625 13392
0.875 0.75625 13392
0.875 0.75625 13392
0.875 0.75625 13392
0.875 0.75625 13392
0.875 0.75625 13392
0.875 0.75625 13392
0.875 0.75625 13392
0.875 0.75625 13392
0.875 0.75625 13392
0.875 0.75625 13392
0.875 0.75625 13392
0.875 0.753125 13392
0.875 0.75 13392
0.875 0.75 13392
0.875 0.75 13392
0.875 0.75 13392
0.875 0.75 13392
0.875 0.75 13392
0.875 0.75 13392
0.875 0.75 13392
0.875 0.75 13392
0.875 0.75 13392
0.875 0.75 13392
0.875 0.75 13392
0.875 0.75 13392
0.875 0.75 13392
0.875 0.75 13392
0.875 0.75 13392
0.875 0.75 13392
0.875 0.75 13392
0.875 0.75 13392
0.875 0.75 13392
0.875 0.75 13392
0.875 0.75 13392
0.875 0.75 13392
0.875 0.75 13392
0.875 0.75 13392
0.875 0.74375 13392
0.875 0.74375 13392
0.875 0.74375 13392
0.875 0.74375 13392
0.875 0.74375 13392
0.875 0.74375 13392
0.875 0.74375 13392
0.875 0.74375 13392
0.875 0.74375 13392
0.875 0.74375 13392
0.875 0.74375 13392
0.875 0.74375 13392
0.875 0.74375 13392
0.875 0.74375 13392
0.875 0.74375 13392
0.875 0.74375 13392
0.875 0.74375 13392
0.875 0.74375 13392
0.875 0.74375 13392
0.875 0.74375 13392
0.875 0.74375 13392
0.875 0.74375 13392
0.875 0.74375 13392
0.875 0.74375 13392
0.875 0.74375 13392
0.875 0.74375 13392
0.875 0.74375 13392
0.875 0.74375 13392
0.875 0.74375 13392
0.875 0.74375 13392
0.875 0.74375 13392
0.875 0.74375 13392
0.875 0.74375 13392
0.875 0.74375 13392
0.875 0.74375 13392
0.875 0.74375 13392
0.875 0.74375 13392
0.875 0.74375 13392
0.875 0.74375 13392
0.875 0.74375 13392
0.875 0.74375 13392
0.875 0.74375 13392
0.875 0.74375 13392
0.875 0.74375 13392
0.875 0.74375 13392
0.875 0.74375 13392
0.875 0.74375 13392
0.875 0.74375 13392
0.875 0.74375 13392
0.875 0.74375 13392
0.875 0.74375 13392
0.875 0.74375 13392
0.875 0.74375 13392
0.875 0.74375 13392
0.875 0.74375 13392
0.875 0.74375 13392
0.875 0.74375 13392
0.875 0.74375 13392
0.875 0.74375 13392
0.875 0.74375 13392
0.875 0.74375 13392
0.875 0.74375 13392
0.875 0.74375 13392
0.875 0.74375 13392
0.875 0.74375 13392
0.875 0.74375 13392
0.875 0.74375 13392
0.875 0.74375 13392
0.875 0.74375 13392
0.875 0.74375 13392
0.875 0.74375 13392
0.875 0.74375 13392
0.875 0.74375 13392
0.875 0.74375 13392
0.875 0.74375 13392
0.875 0.74375 13392
0.875 0.74375 13392
0.875 0.74375 13392
0.875 0.74375 13392
0.875 0.74375 13392
0.875 0.74375 13392
0.875 0.74375 13392
0.875 0.74375 13392
0.875 0.74375 13392
0.875 0.74375 13392
0.875 0.74375 13392
0.875 0.74375 13392
0.875 0.74375 13392
0.875 0.74375 13392
0.875 0.74375 13392
0.875 0.74375 13392
0.875 0.74375 13392
0.875 0.74375 13392
0.875 0.74375 13392
0.875 0.74375 13392
0.875 0.74375 13392
0.875 0.74375 13392
0.875 0.74375 13392
0.875 0.74375 13392
0.875 0.74375 13392
0.875 0.74375 13392
0.875 0.74375 13392
0.875 0.74375 13392
0.875 0.74375 13392
0.875 0.74375 13392
0.875 0.74375 13392
0.875 0.74375 13392
0.875 0.74375 13392
0.875 0.74375 13392
0.875 0.74375 13392
0.875 0.74375 13392
0.875 0.74375 13392
0.875 0.74375 13392
0.875 0.74375 13392
0.875 0.74375 13392
0.875 0.74375 13392
0.875 0.74375 13392
0.875 0.74375 13392
0.875 0.74375 13392
0.875 0.74375 13392
0.875 0.74375 13392
0.875 0.74375 13392
0.875 0.74375 13392
0.875 0.74375 13392
0.875 0.74375 13392
0.875 0.74375 13392
0.875 0.74375 13392
0.875 0.74375 13392
0.875 0.74375 13392
0.875 0.74375 13392
0.875 0.74375 13392
0.875 0.74375 13392
0.875 0.74375 13392
0.875 0.74375 13392
0.875 0.74375 13392
0.875 0.74375 13392
0.875 0.74375 13392
0.875 0.74375 13392
0.875 0.74375 13392
0.875 0.74375 13392
0.875 0.74375 13392
0.875 0.74375 13392
0.875 0.74375 13392
0.875 0.74375 13392
0.875 0.74375 13392
0.875 0.74375 13392
0.875 0.74375 13392
0.875 0.74375 13392
0.875 0.74375 13392
0.875 0.74375 13392
0.875 0.74375 13392
0.875 0.7375 13392
0.875 0.7375 13392
0.875 0.7375 13392
0.875 0.7375 13392
0.875 0.7375 13392
0.875 0.7375 13392
0.875 0.7375 13392
0.875 0.7375 13392
0.875 0.7375 13392
0.875 0.7375 13392
0.875 0.7375 13392
0.875 0.7375 13392
0.875 0.7375 13392
0.875 0.7375 13392
0.875 0.7375 13392
0.875 0.73125 13392
0.875 0.73125 13392
0.875 0.73125 13392
0.875 0.73125 13392
0.875 0.73125 13392
0.875 0.73125 13392
0.875 0.73125 13392
0.875 0.73125 13392
0.875 0.73125 13392
0.875 0.73125 13392
0.875 0.73125 13392
0.875 0.73125 13392
0.875 0.73125 13392
0.875 0.73125 13392
0.875 0.73125 13392
0.875 0.73125 13392
0.875 0.73125 13392
0.875 0.73125 13392
0.875 0.73125 13392
0.875 0.73125 13392
0.875 0.73125 13392
0.875 0.73125 13392
0.875 0.73125 13392
0.875 0.73125 13392
0.875 0.73125 13392
0.875 0.73125 13392
0.875 0.73125 13392
0.875 0.73125 13392
0.875 0.73125 13392
0.875 0.73125 13392
0.875 0.73125 13392
0.875 0.73125 13392
0.875 0.73125 13392
0.875 0.73125 13392
0.875 0.73125 13392
0.875 0.73125 13392
0.875 0.73125 13392
0.875 0.73125 13392
0.875 0.73125 13392
0.875 0.73125 13392
0.875 0.73125 13392
0.875 0.73125 13392
0.875 0.73125 13392
0.875 0.73125 13392
0.875 0.73125 13392
0.875 0.73125 13392
0.875 0.73125 13392
0.875 0.73125 13392
0.875 0.73125 13392
0.875 0.73125 13392
0.875 0.73125 13392
0.875 0.73125 13392
0.875 0.73125 13392
0.875 0.73125 13392
0.875 0.73125 13392
0.875 0.73125 13392
0.875 0.73125 13392
0.875 0.73125 13392
0.875 0.73125 13392
0.875 0.73125 13392
0.875 0.73125 13392
0.875 0.73125 13392
0.875 0.73125 13392
0.875 0.73125 13392
0.875 0.73125 13392
0.875 0.73125 13392
0.875 0.73125 13392
0.875 0.73125 13392
0.875 0.73125 13392
0.875 0.73125 13392
0.875 0.73125 13392
0.875 0.73125 13392
0.875 0.73125 13392
0.875 0.73125 13392
0.875 0.73125 13392
0.875 0.73125 13392
0.875 0.73125 13392
0.875 0.73125 13392
0.875 0.73125 13392
0.875 0.73125 13392
0.875 0.73125 13392
0.875 0.73125 13392
0.875 0.73125 13392
0.875 0.73125 13392
0.875 0.73125 13392
0.875 0.73125 13392
0.875 0.73125 13392
0.875 0.73125 13392
0.875 0.73125 13392
0.875 0.73125 13392
0.875 0.73125 13392
0.875 0.73125 13392
0.875 0.73125 13392
0.875 0.73125 13392
0.875 0.73125 13392
0.875 0.73125 13392
0.875 0.73125 13392
0.875 0.73125 13392
0.875 0.73125 13392
0.875 0.73125 13392
0.875 0.73125 13392
0.875 0.73125 13392
0.875 0.73125 13392
0.875 0.73125 13392
0.875 0.73125 13392
0.875 0.73125 13392
0.875 0.73125 13392
0.875 0.73125 13392
0.875 0.73125 13392
0.875 0.73125 13392
0.875 0.73125 13392
0.875 0.73125 13392
0.875 0.73125 13392
0.875 0.73125 13392
0.875 0.73125 13392
0.875 0.73125 13392
0.875 0.73125 13392
0.875 0.73125 13392
0.875 0.73125 13392
0.875 0.73125 13392
0.875 0.73125 13392
0.875 0.73125 13392
0.875 0.73125 13392
0.875 0.73125 13392
0.875 0.73125 13392
0.875 0.73125 13392
0.875 0.73125 13392
0.875 0.73125 13392
0.875 0.73125 13392
0.875 0.73125 13392
0.875 0.73125 13392
0.875 0.73125 13392
0.875 0.73125 13392
0.875 0.73125 13392
0.875 0.73125 13392
0.875 0.73125 13392
0.875 0.73125 13392
0.875 0.73125 13392
0.875 0.73125 13392
0.875 0.73125 13392
0.875 0.73125 13392
0.875 0.73125 13392
0.875 0.73125 13392
0.875 0.73125 13392
0.875 0.73125 13392
0.875 0.73125 13392
0.875 0.73125 13392
0.875 0.73125 13392
0.875 0.73125 13392
0.875 0.73125 13392
0.875 0.73125 13392
0.875 0.73125 13392
0.875 0.73125 13392
0.875 0.73125 13392
0.875 0.73125 13392
0.875 0.73125 13392
0.875 0.73125 13392
0.875 0.73125 13392
0.875 0.73125 13392
0.875 0.73125 13392
0.875 0.73125 13392
0.875 0.73125 13392
0.875 0.73125 13392
0.875 0.73125 13392
0.875 0.73125 13392
0.875 0.73125 13392
0.875 0.73125 13392
0.875 0.73125 13392
0.875 0.73125 13392
0.875 0.73125 13392
0.875 0.73125 13392
0.875 0.73125 13392
0.875 0.73125 13392
0.875 0.73125 13392
0.875 0.73125 13392
0.875 0.73125 13392
0.875 0.73125 13392
0.875 0.73125 13392
0.875 0.73125 13392
0.875 0.73125 13392
0.875 0.73125 13392
0.875 0.73125 13392
0.875 0.73125 13392
0.875 0.73125 13392
0.875 0.73125 13392
0.875 0.73125 13392
0.875 0.73125 13392
0.875 0.73125 13392
0.875 0.73125 13392
0.875 0.73125 13392
0.875 0.73125 13392
0.875 0.73125 13392
0.875 0.73125 13392
0.875 0.73125 13392
0.875 0.73125 13392
0.875 0.73125 13392
0.875 0.73125 13392
0.875 0.73125 13392
0.875 0.73125 13392
0.875 0.73125 13392
0.875 0.73125 13392
0.875 0.73125 13392
0.875 0.73125 13392
0.875 0.73125 13392
0.875 0.73125 13392
0.875 0.73125 13392
0.875 0.73125 13392
0.875 0.73125 13392
0.875 0.73125 13392
0.875 0.73125 13392
0.875 0.73125 13392
0.875 0.73125 13392
0.875 0.73125 13392
0.875 0.73125 13392
0.875 0.73125 13392
0.875 0.73125 13392
0.875 0.73125 13392
0.875 0.73125 13392
0.875 0.73125 13392
0.875 0.73125 13392
0.875 0.73125 13392
0.875 0.73125 13392
0.875 0.73125 13392
0.875 0.73125 13392
0.875 0.73125 13392
0.875 0.73125 13392
0.875 0.73125 13392
0.875 0.73125 13392
0.875 0.73125 13392
0.875 0.73125 13392
0.875 0.73125 13392
0.875 0.73125 13392
0.875 0.73125 13392
0.875 0.73125 13392
0.875 0.73125 13392
0.875 0.73125 13392
0.875 0.73125 13392
0.875 0.73125 13392
0.875 0.73125 13392
0.875 0.73125 13392
0.875 0.73125 13392
0.875 0.73125 13392
0.875 0.73125 13392
0.875 0.73125 13392
0.875 0.73125 13392
0.875 0.73125 13392
0.875 0.73125 13392
0.875 0.73125 13392
0.875 0.73125 13392
0.875 0.73125 13392
0.875 0.73125 13392
0.875 0.73125 13392
0.875 0.73125 13392
0.875 0.73125 13392
0.875 0.73125 13392
0.875 0.73125 13392
0.875 0.73125 13392
0.875 0.73125 13392
0.875 0.73125 13392
0.875 0.73125 13392
0.875 0.73125 13392
0.875 0.73125 13392
0.875 0.73125 13392
0.875 0.73125 13392
0.875 0.73125 13392
0.875 0.73125 13392
0.875 0.73125 13392
0.875 0.73125 13392
0.875 0.73125 13392
0.875 0.73125 13392
0.875 0.73125 13392
0.875 0.73125 13392
0.875 0.73125 13392
0.875 0.73125 13392
0.875 0.73125 13392
0.875 0.73125 13392
0.875 0.73125 13392
0.875 0.73125 13392
0.875 0.73125 13392
0.875 0.73125 13392
0.875 0.73125 13392
0.875 0.73125 13392
0.875 0.73125 13392
0.875 0.73125 13392
0.875 0.73125 13392
0.875 0.73125 13392
0.875 0.73125 13392
0.875 0.73125 13392
0.875 0.73125 13392
0.875 0.73125 13392
0.875 0.73125 13392
0.875 0.73125 13392
0.875 0.73125 13392
0.875 0.73125 13392
0.875 0.73125 13392
0.875 0.73125 13392
0.875 0.73125 13392
0.875 0.73125 13392
0.875 0.73125 13392
0.875 0.73125 13392
0.875 0.73125 13392
0.875 0.73125 13392
0.875 0.73125 13392
0.875 0.73125 13392
0.875 0.73125 13392
0.875 0.73125 13392
0.875 0.73125 13392
0.875 0.73125 13392
0.875 0.73125 13392
0.875 0.73125 13392
0.875 0.73125 13392
0.875 0.73125 13392
0.875 0.73125 13392
0.875 0.73125 13392
0.875 0.73125 13392
0.875 0.73125 13392
0.875 0.73125 13392
0.875 0.73125 13392
0.875 0.73125 13392
0.875 0.73125 13392
0.875 0.73125 13392
0.875 0.73125 13392
0.875 0.73125 13392
0.875 0.73125 13392
0.875 0.73125 13392
0.875 0.73125 13392
0.875 0.73125 13392
0.875 0.73125 13392
0.875 0.73125 13392
0.875 0.73125 13392
0.875 0.73125 13392
0.875 0.73125 13392
0.875 0.73125 13392
0.875 0.73125 13392
0.875 0.73125 13392
0.875 0.73125 13392
0.875 0.73125 13392
0.875 0.73125 13392
0.875 0.74375 13392
0.875 0.74375 13392
0.875 0.74375 13392
0.875 0.74375 13392
0.875 0.74375 13392
0.875 0.74375 13392
0.875 0.74375 13392
0.875 0.74375 13392
0.875 0.74375 13392
0.875 0.74375 13392
0.875 0.74375 13392
0.875 0.74375 13392
0.875 0.74375 13392
0.875 0.74375 13392
0.875 0.74375 13392
0.875 0.74375 13392
0.875 0.74375 13392
0.875 0.74375 13392
0.875 0.74375 13392
0.875 0.74375 13392
0.875 0.74375 13392
0.875 0.74375 13392
0.875 0.74375 13392
0.875 0.74375 13392
0.875 0.74375 13392
0.875 0.74375 13392
0.875 0.74375 13392
0.875 0.74375 13392
0.875 0.74375 13392
0.875 0.74375 13392
0.875 0.74375 13392
0.875 0.74375 13392
0.875 0.74375 13392
0.875 0.74375 13392
0.875 0.74375 13392
0.875 0.74375 13392
0.875 0.74375 13392
0.875 0.74375 13392
0.875 0.74375 13392
0.875 0.74375 13392
0.875 0.74375 13392
0.875 0.74375 13392
0.875 0.74375 13392
0.875 0.74375 13392
0.875 0.74375 13392
0.875 0.74375 13392
0.875 0.74375 13392
0.875 0.74375 13392
0.875 0.74375 13392
0.875 0.74375 13392
0.875 0.74375 13392
0.875 0.74375 13392
0.875 0.74375 13392
0.875 0.74375 13392
0.875 0.74375 13392
0.875 0.74375 13392
0.875 0.74375 13392
0.875 0.74375 13392
0.875 0.74375 13392
0.875 0.74375 13392
0.875 0.74375 13392
0.875 0.74375 13392
0.875 0.74375 13392
0.875 0.74375 13392
0.875 0.74375 13392
0.875 0.74375 13392
0.875 0.74375 13392
0.875 0.74375 13392
0.875 0.74375 13392
0.875 0.74375 13392
0.875 0.74375 13392
0.875 0.74375 13392
0.875 0.74375 13392
0.875 0.74375 13392
0.875 0.74375 13392
0.875 0.74375 13392
0.875 0.74375 13392
0.875 0.74375 13392
0.875 0.74375 13392
0.875 0.74375 13392
0.875 0.74375 13392
0.875 0.74375 13392
0.875 0.74375 13392
0.875 0.74375 13392
0.875 0.74375 13392
0.875 0.74375 13392
0.875 0.74375 13392
0.875 0.74375 13392
0.875 0.74375 13392
0.875 0.74375 13392
0.875 0.74375 13392
0.875 0.74375 13392
0.875 0.74375 13392
0.875 0.74375 13392
0.875 0.74375 13392
0.875 0.74375 13392
0.875 0.74375 13392
0.875 0.74375 13392
0.875 0.74375 13392
0.875 0.74375 13392
0.875 0.74375 13392
0.875 0.74375 13392
0.875 0.74375 13392
0.875 0.74375 13392
0.875 0.74375 13392
0.875 0.74375 13392
0.875 0.74375 13392
0.875 0.74375 13392
0.875 0.74375 13392
0.875 0.74375 13392
0.875 0.74375 13392
0.875 0.74375 13392
0.875 0.74375 13392
0.875 0.74375 13392
0.875 0.74375 13392
0.875 0.74375 13392
0.875 0.74375 13392
0.875 0.74375 13392
0.875 0.74375 13392
0.875 0.74375 13392
0.875 0.74375 13392
0.875 0.74375 13392
0.875 0.74375 13392
0.875 0.74375 13392
0.875 0.74375 13392
0.875 0.74375 13392
0.875 0.74375 13392
0.875 0.74375 13392
0.875 0.74375 13392
0.875 0.74375 13392
0.875 0.74375 13392
0.875 0.74375 13392
0.875 0.74375 13392
0.875 0.74375 13392
0.875 0.74375 13392
0.875 0.74375 13392
0.875 0.74375 13392
0.875 0.74375 13392
0.875 0.74375 13392
0.875 0.74375 13392
0.875 0.74375 13392
0.875 0.74375 13392
0.875 0.74375 13392
0.875 0.74375 13392
0.875 0.74375 13392
0.875 0.74375 13392
0.875 0.74375 13392
0.875 0.74375 13392
0.875 0.74375 13392
0.875 0.74375 13392
0.875 0.74375 13392
0.875 0.74375 13392
0.875 0.75 13392
0.875 0.75 13392
0.875 0.75 13392
0.875 0.75 13392
0.875 0.75 13392
0.875 0.75 13392
0.875 0.75 13392
0.875 0.75 13392
0.875 0.75 13392
0.875 0.75 13392
0.875 0.75 13392
0.875 0.75 13392
0.875 0.75 13392
0.875 0.75 13392
0.875 0.75 13392
0.875 0.75 13392
0.875 0.75 13392
0.875 0.75 13392
0.875 0.75 13392
0.875 0.75 13392
0.875 0.75 13392
0.875 0.75 13392
0.875 0.75 13392
0.875 0.75 13392
0.875 0.75 13392
0.875 0.75 13392
0.875 0.75 13392
0.875 0.75 13392
0.875 0.75 13392
0.875 0.75 13392
0.875 0.75 13392
0.875 0.75 13392
0.875 0.75 13392
0.875 0.75 13392
0.875 0.75 13392
0.875 0.75 13392
0.875 0.75 13392
0.875 0.75 13392
0.875 0.75 13392
0.875 0.75 13392
0.875 0.75 13392
0.875 0.75 13392
0.875 0.75 13392
0.875 0.75 13392
0.875 0.75 13392
0.875 0.75 13392
0.875 0.75 13392
0.875 0.75 13392
0.875 0.75 13392
0.875 0.75 13392
0.875 0.75 13392
0.875 0.75 13392
0.875 0.75 13392
0.875 0.75 13392
0.875 0.75 13392
0.875 0.75 13392
0.875 0.75 13392
0.875 0.75 13392
0.875 0.75 13392
0.875 0.75 13392
0.875 0.75 13392
0.875 0.75 13392
0.875 0.75 13392
0.875 0.75 13392
0.875 0.75 13392
0.875 0.75 13392
0.875 0.75 13392
0.875 0.75 13392
0.875 0.75 13392
0.875 0.75 13392
0.875 0.75 13392
0.875 0.75 13392
0.875 0.75 13392
0.875 0.75 13392
0.875 0.75 13392
0.875 0.75 13392
0.875 0.75 13392
0.875 0.75 13392
0.875 0.75 13392
0.875 0.75 13392
0.875 0.75 13392
0.875 0.75 13392
0.875 0.75 13392
0.875 0.75 13392
0.875 0.75 13392
0.875 0.75 13392
0.875 0.75 13392
0.875 0.75 13392
0.875 0.75 13392
0.875 0.75 13392
0.875 0.75 13392
0.875 0.75 13392
0.875 0.75 13392
0.875 0.75 13392
0.875 0.75 13392
0.875 0.75 13392
0.875 0.75 13392
0.875 0.75 13392
0.875 0.75 13392
0.875 0.75 13392
0.875 0.75 13392
0.875 0.75 13392
0.875 0.75 13392
0.875 0.75 13392
0.875 0.75 13392
0.875 0.75 13392
0.875 0.75 13392
0.875 0.75 13392
0.875 0.75 13392
0.875 0.75 13392
0.875 0.75 13392
0.875 0.75 13392
0.875 0.75 13392
0.875 0.75 13392
0.875 0.75 13392
0.875 0.75 13392
0.875 0.75 13392
0.875 0.75 13392
0.875 0.75 13392
0.875 0.75 13392
0.875 0.75 13392
0.875 0.75 13392
0.875 0.75 13392
0.875 0.75 13392
0.875 0.75 13392
0.875 0.75 13392
0.875 0.75 13392
0.875 0.75 13392
0.875 0.75 13392
0.875 0.75 13392
0.875 0.75 13392
0.875 0.75 13392
0.875 0.75 13392
0.875 0.75 13392
0.875 0.75 13392
0.875 0.75 13392
0.875 0.75 13392
0.875 0.75 13392
0.875 0.75 13392
0.875 0.75 13392
0.875 0.75 13392
0.875 0.75 13392
0.875 0.75 13392
0.875 0.75 13392
0.875 0.75 13392
0.875 0.75 13392
0.875 0.75 13392
0.875 0.75 13392
0.875 0.75 13392
0.875 0.75 13392
0.875 0.75 13392
0.875 0.75 13392
0.875 0.75 13392
0.875 0.75 13392
0.875 0.75 13392
0.875 0.75 13392
0.875 0.75 13392
0.875 0.75 13392
0.875 0.75 13392
0.875 0.75 13392
0.875 0.75 13392
0.875 0.75 13392
0.875 0.75 13392
0.875 0.75 13392
0.875 0.75 13392
0.875 0.75 13392
0.875 0.75 13392
0.875 0.75 13392
0.875 0.75 13392
0.875 0.75 13392
0.875 0.75 13392
0.875 0.75 13392
0.875 0.75 13392
0.875 0.75 13392
0.875 0.75 13392
0.875 0.75 13392
0.875 0.75 13392
0.875 0.75 13392
0.875 0.75 13392
0.875 0.75 13392
0.875 0.75 13392
0.875 0.75 13392
0.875 0.75 13392
0.875 0.74375 13392
0.875 0.74375 13392
0.875 0.74375 13392
0.875 0.74375 13392
0.875 0.74375 13392
0.875 0.74375 13392
0.875 0.74375 13392
0.875 0.74375 13392
0.875 0.74375 13392
0.875 0.74375 13392
0.875 0.74375 13392
0.875 0.74375 13392
0.875 0.74375 13392
0.875 0.74375 13392
0.875 0.74375 13392
0.875 0.74375 13392
0.875 0.74375 13392
0.875 0.74375 13392
0.875 0.74375 13392
0.875 0.74375 13392
0.875 0.74375 13392
0.875 0.74375 13392
0.875 0.74375 13392
0.875 0.74375 13392
0.875 0.74375 13392
0.875 0.74375 13392
0.875 0.74375 13392
0.875 0.74375 13392
0.875 0.74375 13392
0.875 0.74375 13392
0.875 0.74375 13392
0.875 0.74375 13392
0.875 0.74375 13392
0.875 0.74375 13392
0.875 0.74375 13392
0.875 0.74375 13392
0.875 0.74375 13392
0.875 0.74375 13392
0.875 0.74375 13392
0.875 0.74375 13392
0.875 0.74375 13392
0.875 0.74375 13392
0.875 0.74375 13392
0.875 0.74375 13392
0.875 0.74375 13392
0.875 0.74375 13392
0.875 0.74375 13392
0.875 0.74375 13392
0.875 0.74375 13392
0.875 0.74375 13392
0.875 0.74375 13392
0.875 0.74375 13392
0.875 0.74375 13392
0.875 0.74375 13392
0.875 0.74375 13392
0.875 0.74375 13392
0.875 0.74375 13392
0.875 0.74375 13392
0.875 0.74375 13392
0.875 0.74375 13392
0.875 0.74375 13392
0.875 0.74375 13392
0.875 0.74375 13392
0.875 0.74375 13392
0.875 0.74375 13392
0.875 0.74375 13392
0.875 0.74375 13392
0.875 0.74375 13392
0.875 0.74375 13392
0.875 0.74375 13392
0.875 0.74375 13392
0.875 0.74375 13392
0.875 0.74375 13392
0.875 0.74375 13392
0.875 0.74375 13392
0.875 0.74375 13392
0.875 0.74375 13392
0.875 0.74375 13392
0.875 0.74375 13392
0.875 0.74375 13392
0.875 0.74375 13392
0.875 0.74375 13392
0.875 0.74375 13392
0.875 0.74375 13392
0.875 0.74375 13392
0.875 0.74375 13392
0.875 0.74375 13392
0.875 0.74375 13392
0.875 0.74375 13392
0.875 0.74375 13392
0.875 0.74375 13392
0.875 0.74375 13392
0.875 0.74375 13392
0.875 0.74375 13392
0.875 0.74375 13392
0.875 0.74375 13392
0.875 0.74375 13392
0.875 0.74375 13392
0.875 0.74375 13392
0.875 0.74375 13392
0.875 0.74375 13392
0.875 0.74375 13392
0.875 0.74375 13392
0.875 0.74375 13392
0.875 0.74375 13392
0.875 0.74375 13392
0.875 0.74375 13392
0.875 0.74375 13392
0.875 0.74375 13392
0.875 0.74375 13392
0.875 0.74375 13392
0.875 0.74375 13392
0.875 0.74375 13392
0.875 0.74375 13392
0.875 0.74375 13392
0.875 0.74375 13392
0.875 0.74375 13392
0.875 0.74375 13392
0.875 0.74375 13392
0.875 0.74375 13392
0.875 0.74375 13392
0.875 0.74375 13392
0.875 0.74375 13392
0.875 0.74375 13392
0.875 0.74375 13392
0.875 0.74375 13392
0.875 0.74375 13392
0.875 0.74375 13392
0.875 0.74375 13392
0.875 0.74375 13392
0.875 0.74375 13392
0.875 0.74375 13392
0.875 0.74375 13392
0.875 0.74375 13392
0.875 0.74375 13392
0.875 0.74375 13392
0.875 0.74375 13392
0.875 0.74375 13392
0.875 0.74375 13392
0.875 0.74375 13392
0.875 0.74375 13392
0.875 0.74375 13392
0.875 0.74375 13392
0.875 0.74375 13392
0.875 0.74375 13392
0.875 0.74375 13392
0.875 0.74375 13392
0.875 0.74375 13392
0.875 0.74375 13392
0.875 0.74375 13392
0.875 0.74375 13392
0.875 0.74375 13392
0.875 0.74375 13392
0.875 0.74375 13392
0.875 0.74375 13392
0.875 0.74375 13392
0.875 0.74375 13392
0.875 0.74375 13392
0.875 0.74375 13392
0.875 0.74375 13392
0.875 0.74375 13392
0.875 0.74375 13392
0.875 0.74375 13392
0.875 0.74375 13392
0.875 0.74375 13392
0.875 0.74375 13392
0.875 0.74375 13392
0.875 0.74375 13392
0.875 0.74375 13392
0.875 0.74375 13392
0.875 0.74375 13392
0.875 0.74375 13392
0.875 0.74375 13392
0.875 0.74375 13392
0.875 0.74375 13392
0.875 0.74375 13392
0.875 0.74375 13392
0.875 0.74375 13392
0.875 0.74375 13392
0.875 0.74375 13392
0.875 0.74375 13392
0.875 0.74375 13392
0.875 0.74375 13392
0.875 0.74375 13392
0.875 0.74375 13392
0.875 0.74375 13392
0.875 0.74375 13392
0.875 0.74375 13392
0.875 0.74375 13392
0.875 0.74375 13392
0.875 0.74375 13392
0.875 0.74375 13392
0.875 0.74375 13392
0.875 0.74375 13392
0.875 0.74375 13392
0.875 0.74375 13392
0.875 0.74375 13392
0.875 0.74375 13392
0.875 0.74375 13392
0.875 0.74375 13392
0.875 0.74375 13392
0.875 0.74375 13392
0.875 0.74375 13392
0.875 0.74375 13392
0.875 0.74375 13392
0.875 0.74375 13392
0.875 0.74375 13392
0.875 0.74375 13392
0.875 0.74375 13392
0.875 0.74375 13392
0.875 0.74375 13392
0.875 0.74375 13392
0.875 0.74375 13392
0.875 0.74375 13392
0.875 0.74375 13392
0.875 0.74375 13392
0.875 0.74375 13392
0.875 0.74375 13392
0.875 0.74375 13392
0.875 0.74375 13392
0.875 0.74375 13392
0.875 0.74375 13392
0.875 0.74375 13392
0.875 0.74375 13392
0.875 0.74375 13392
0.875 0.74375 13392
0.875 0.74375 13392
0.875 0.74375 13392
0.875 0.74375 13392
0.875 0.74375 13392
0.875 0.74375 13392
0.875 0.74375 13392
0.875 0.74375 13392
0.875 0.74375 13392
0.875 0.74375 13392
0.875 0.74375 13392
0.875 0.74375 13392
0.875 0.74375 13392
0.875 0.74375 13392
0.875 0.74375 13392
0.875 0.74375 13392
0.875 0.74375 13392
0.875 0.74375 13392
0.875 0.74375 13392
0.875 0.74375 13392
0.875 0.74375 13392
0.875 0.74375 13392
0.875 0.74375 13392
0.875 0.74375 13392
0.875 0.74375 13392
0.875 0.74375 13392
0.875 0.74375 13392
0.875 0.74375 13392
0.875 0.74375 13392
0.875 0.75 13392
0.875 0.75 13392
0.875 0.75 13392
0.875 0.75 13392
0.875 0.75 13392
0.875 0.75 13392
0.875 0.75 13392
0.875 0.75 13392
0.875 0.75 13392
0.875 0.75 13392
0.875 0.75 13392
0.875 0.75 13392
0.875 0.75 13392
0.875 0.75 13392
0.875 0.75 13392
0.875 0.75 13392
0.875 0.75 13392
0.875 0.75 13392
0.875 0.75 13392
0.875 0.75 13392
0.875 0.75 13392
0.875 0.75 13392
0.875 0.75 13392
0.875 0.75 13392
0.875 0.75 13392
0.875 0.75 13392
0.875 0.75 13392
0.875 0.75 13392
0.875 0.75 13392
0.875 0.75 13392
0.875 0.75 13392
0.875 0.75 13392
0.875 0.75 13392
0.875 0.75 13392
0.875 0.75 13392
0.875 0.75 13392
0.875 0.75 13392
0.875 0.75 13392
0.875 0.75 13392
0.875 0.75 13392
0.875 0.75 13392
0.875 0.75 13392
0.875 0.75 13392
0.875 0.75 13392
0.875 0.75 13392
0.875 0.75 13392
0.875 0.75 13392
0.875 0.75 13392
0.875 0.75 13392
0.875 0.75 13392
0.875 0.75 13392
0.875 0.75625 13392
0.875 0.75625 13392
0.875 0.75625 13392
0.875 0.75625 13392
0.875 0.75625 13392
0.875 0.75625 13392
0.875 0.75625 13392
0.875 0.75625 13392
0.875 0.75625 13392
0.875 0.75625 13392
0.875 0.75625 13392
0.875 0.75625 13392
0.875 0.75625 13392
0.875 0.75625 13392
0.875 0.75625 13392
0.875 0.75625 13392
0.875 0.75625 13392
0.875 0.75625 13392
0.875 0.75625 13392
0.875 0.75625 13392
0.875 0.75625 13392
0.875 0.75625 13392
0.875 0.75625 13392
0.875 0.75625 13392
0.875 0.75625 13392
0.875 0.75625 13392
0.875 0.75625 13392
0.875 0.75625 13392
0.875 0.75625 13392
0.875 0.75625 13392
0.875 0.75625 13392
0.875 0.75625 13392
0.875 0.75625 13392
0.875 0.75625 13392
0.875 0.75625 13392
0.875 0.75625 13392
0.875 0.75625 13392
0.875 0.75625 13392
0.875 0.75625 13392
0.875 0.75625 13392
0.875 0.75625 13392
0.875 0.75625 13392
0.875 0.75625 13392
0.875 0.75625 13392
0.875 0.75625 13392
0.875 0.75625 13392
0.875 0.75625 13392
0.875 0.75625 13392
0.875 0.75625 13392
0.875 0.75625 13392
0.875 0.75625 13392
0.875 0.75625 13392
0.875 0.75625 13392
0.875 0.75625 13392
0.875 0.75625 13392
0.875 0.75625 13392
0.875 0.75625 13392
0.875 0.75625 13392
0.875 0.75625 13392
0.875 0.75625 13392
0.875 0.75625 13392
0.875 0.75625 13392
0.875 0.75625 13392
0.875 0.75625 13392
0.875 0.75625 13392
0.875 0.75625 13392
0.875 0.75625 13392
0.875 0.75625 13392
0.875 0.75625 13392
0.875 0.75625 13392
0.875 0.75625 13392
0.875 0.75625 13392
0.875 0.75625 13392
0.875 0.75625 13392
0.875 0.75625 13392
0.875 0.75625 13392
0.875 0.75625 13392
0.875 0.75625 13392
0.875 0.75625 13392
0.875 0.75625 13392
0.875 0.75625 13392
0.875 0.75625 13392
0.875 0.75625 13392
0.875 0.75625 13392
0.875 0.75625 13392
0.875 0.75625 13392
0.875 0.75625 13392
0.875 0.75625 13392
0.875 0.75625 13392
0.875 0.75625 13392
0.875 0.75625 13392
0.875 0.75625 13392
0.875 0.75625 13392
0.875 0.75625 13392
0.875 0.75625 13392
0.875 0.75625 13392
0.875 0.75625 13392
0.875 0.75625 13392
0.875 0.75625 13392
0.875 0.75625 13392
0.875 0.75625 13392
0.875 0.75625 13392
0.875 0.75625 13392
0.875 0.75625 13392
0.875 0.75625 13392
0.875 0.75625 13392
0.875 0.75625 13392
0.875 0.75625 13392
0.875 0.75625 13392
0.875 0.75625 13392
0.875 0.75625 13392
0.875 0.75625 13392
0.875 0.75625 13392
0.875 0.75625 13392
0.875 0.75625 13392
0.875 0.75625 13392
0.875 0.75625 13392
0.875 0.75625 13392
0.875 0.75625 13392
0.875 0.75625 13392
0.875 0.75625 13392
0.875 0.75625 13392
0.875 0.75625 13392
0.875 0.75625 13392
0.875 0.75625 13392
0.875 0.75625 13392
0.875 0.75625 13392
0.875 0.75625 13392
0.875 0.75625 13392
0.875 0.75625 13392
0.875 0.75625 13392
0.875 0.75625 13392
0.875 0.75625 13392
0.875 0.75625 13392
0.875 0.75625 13392
0.875 0.75625 13392
0.875 0.75625 13392
0.875 0.75625 13392
0.875 0.75625 13392
0.875 0.75625 13392
0.875 0.75625 13392
0.875 0.75625 13392
0.875 0.75625 13392
0.875 0.75625 13392
0.875 0.75625 13392
0.875 0.75625 13392
0.875 0.75625 13392
0.875 0.75625 13392
0.875 0.75625 13392
0.875 0.75625 13392
0.875 0.75625 13392
0.875 0.75625 13392
0.875 0.75625 13392
0.875 0.75625 13392
0.875 0.75625 13392
0.875 0.75625 13392
0.875 0.75625 13392
0.875 0.75625 13392
0.875 0.75625 13392
0.875 0.75625 13392
0.875 0.75625 13392
0.875 0.75625 13392
0.875 0.75625 13392
0.875 0.75625 13392
0.875 0.75625 13392
0.875 0.75625 13392
0.875 0.75625 13392
0.875 0.75625 13392
0.875 0.75625 13392
0.875 0.75625 13392
0.875 0.75625 13392
0.875 0.75625 13392
0.875 0.75625 13392
0.875 0.75625 13392
0.875 0.75625 13392
0.875 0.75625 13392
0.875 0.75625 13392
0.875 0.75625 13392
0.875 0.75625 13392
0.875 0.75625 13392
0.875 0.75625 13392
0.875 0.75625 13392
0.875 0.75625 13392
0.875 0.75625 13392
0.875 0.75625 13392
0.875 0.75625 13392
0.875 0.75625 13392
0.875 0.75625 13392
0.875 0.75625 13392
0.875 0.75625 13392
0.875 0.75625 13392
0.875 0.75625 13392
0.875 0.75625 13392
0.875 0.75625 13392
0.875 0.75625 13392
0.875 0.75625 13392
0.875 0.75625 13392
0.875 0.75625 13392
0.875 0.75625 13392
0.875 0.75625 13392
0.875 0.75625 13392
0.875 0.75625 13392
0.875 0.75625 13392
0.875 0.75625 13392
0.875 0.75625 13392
0.875 0.75625 13392
0.875 0.75625 13392
0.875 0.75625 13392
0.875 0.75625 13392
0.875 0.75625 13392
0.875 0.75625 13392
0.875 0.75625 13392
0.875 0.75625 13392
0.875 0.75625 13392
0.875 0.75625 13392
0.875 0.75625 13392
0.875 0.75625 13392
0.875 0.75625 13392
0.875 0.75625 13392
0.875 0.75625 13392
0.875 0.75625 13392
0.875 0.75625 13392
0.875 0.75625 13392
0.875 0.75625 13392
0.875 0.75625 13392
0.875 0.75625 13392
0.875 0.75625 13392
0.875 0.75625 13392
0.875 0.75625 13392
0.875 0.75625 13392
0.875 0.75625 13392
0.875 0.75625 13392
0.875 0.75625 13392
0.875 0.75625 13392
0.875 0.75625 13392
0.875 0.75625 13392
0.875 0.75625 13392
0.875 0.75625 13392
0.875 0.75625 13392
0.875 0.75625 13392
0.875 0.75625 13392
0.875 0.75625 13392
0.875 0.75625 13392
0.875 0.75625 13392
0.875 0.75625 13392
0.875 0.75625 13392
0.875 0.75625 13392
0.875 0.75625 13392
0.875 0.75625 13392
0.875 0.75625 13392
0.875 0.75625 13392
0.875 0.75625 13392
0.875 0.75625 13392
0.875 0.75625 13392
0.875 0.75625 13392
0.875 0.75625 13392
0.875 0.75625 13392
0.875 0.75625 13392
0.875 0.75625 13392
0.875 0.75625 13392
0.875 0.75625 13392
0.875 0.75625 13392
0.875 0.75625 13392
0.875 0.75625 13392
0.875 0.75625 13392
0.875 0.75625 13392
0.875 0.75625 13392
0.875 0.75625 13392
0.875 0.75625 13392
0.875 0.75625 13392
0.875 0.75625 13392
0.875 0.75625 13392
0.875 0.75625 13392
0.875 0.75625 13392
0.875 0.75625 13392
0.875 0.75625 13392
0.875 0.75625 13392
0.875 0.75625 13392
0.875 0.75625 13392
0.875 0.75625 13392
0.875 0.75625 13392
0.875 0.75625 13392
0.875 0.75625 13392
0.875 0.75625 13392
0.875 0.75625 13392
0.875 0.75625 13392
0.875 0.75625 13392
0.875 0.75625 13392
0.875 0.75625 13392
0.875 0.75625 13392
0.875 0.75625 13392
0.875 0.75625 13392
0.875 0.75625 13392
0.875 0.75625 13392
0.875 0.75625 13392
0.875 0.75625 13392
0.875 0.75625 13392
0.875 0.75625 13392
0.875 0.75625 13392
0.875 0.75625 13392
0.875 0.75625 13392
0.875 0.75625 13392
0.875 0.75625 13392
0.875 0.75625 13392
0.875 0.75625 13392
0.875 0.75625 13392
0.875 0.75625 13392
0.875 0.75625 13392
0.875 0.75625 13392
0.875 0.75625 13392
0.875 0.75625 13392
0.875 0.75625 13392
0.875 0.75625 13392
0.875 0.75625 13392
0.875 0.75625 13392
0.875 0.75625 13392
0.875 0.75625 13392
0.875 0.75625 13392
0.875 0.75625 13392
0.875 0.75625 13392
0.875 0.75625 13392
0.875 0.75625 13392
0.875 0.75625 13392
0.875 0.75625 13392
0.875 0.75625 13392
0.875 0.75625 13392
0.875 0.75625 13392
0.875 0.75625 13392
0.875 0.75625 13392
0.875 0.75625 13392
0.875 0.75625 13392
0.875 0.75625 13392
0.875 0.75625 13392
0.875 0.75625 13392
0.875 0.75625 13392
0.875 0.75625 13392
0.875 0.75625 13392
0.875 0.75625 13392
0.875 0.75625 13392
0.875 0.75625 13392
0.875 0.75625 13392
0.875 0.75625 13392
0.875 0.75625 13392
0.875 0.75625 13392
0.875 0.75625 13392
0.875 0.75625 13392
0.875 0.75625 13392
0.875 0.75625 13392
0.875 0.75625 13392
0.875 0.75625 13392
0.875 0.75625 13392
0.875 0.75625 13392
0.875 0.75625 13392
0.875 0.75625 13392
0.875 0.75625 13392
0.875 0.75625 13392
0.875 0.75625 13392
0.875 0.75625 13392
0.875 0.75625 13392
0.875 0.75625 13392
0.875 0.75625 13392
0.875 0.75625 13392
0.875 0.75625 13392
0.875 0.75625 13392
0.875 0.75625 13392
0.875 0.75625 13392
0.875 0.75625 13392
0.875 0.75625 13392
0.875 0.75625 13392
0.875 0.75625 13392
0.875 0.75625 13392
0.875 0.75625 13392
0.875 0.75625 13392
0.875 0.75625 13392
0.875 0.75625 13392
0.875 0.75625 13392
0.875 0.75625 13392
0.875 0.75625 13392
0.875 0.75625 13392
0.875 0.75625 13392
0.875 0.75625 13392
0.875 0.75625 13392
0.875 0.75625 13392
0.875 0.75625 13392
0.875 0.75625 13392
0.875 0.75625 13392
0.875 0.75625 13392
0.875 0.75625 13392
0.875 0.75625 13392
0.875 0.75625 13392
0.875 0.75625 13392
0.875 0.75625 13392
0.875 0.75625 13392
0.875 0.75625 13392
0.875 0.75625 13392
0.875 0.75625 13392
0.875 0.75625 13392
0.875 0.75625 13392
0.875 0.75625 13392
0.875 0.75625 13392
0.875 0.75625 13392
0.875 0.75625 13392
0.875 0.75625 13392
0.875 0.75625 13392
0.875 0.75625 13392
0.875 0.75625 13392
0.875 0.75625 13392
0.875 0.75625 13392
0.875 0.75625 13392
0.875 0.75625 13392
0.875 0.75625 13392
0.875 0.75625 13392
0.875 0.75625 13392
0.875 0.75625 13392
0.875 0.75625 13392
0.875 0.75625 13392
0.875 0.75625 13392
0.875 0.75625 13392
0.875 0.75625 13392
0.875 0.75625 13392
0.875 0.75625 13392
0.875 0.75625 13392
0.875 0.75625 13392
0.875 0.75625 13392
0.875 0.75625 13392
0.875 0.75625 13392
0.875 0.75625 13392
0.875 0.75625 13392
0.875 0.75625 13392
0.875 0.75625 13392
0.875 0.75625 13392
0.875 0.75625 13392
0.875 0.75625 13392
0.875 0.75625 13392
0.875 0.75625 13392
0.875 0.75625 13392
0.875 0.75625 13392
0.875 0.75625 13392
0.875 0.759375 13392
0.875 0.7625 13392
0.875 0.7625 13392
0.875 0.7625 13392
0.875 0.7625 13392
0.875 0.7625 13392
0.875 0.7625 13392
0.875 0.7625 13392
0.875 0.7625 13392
0.875 0.7625 13392
0.875 0.7625 13392
0.875 0.7625 13392
0.875 0.7625 13392
0.875 0.7625 13392
0.875 0.7625 13392
0.875 0.7625 13392
0.875 0.7625 13392
0.875 0.7625 13392
0.875 0.7625 13392
0.875 0.7625 13392
0.875 0.7625 13392
0.875 0.7625 13392
0.875 0.7625 13392
0.875 0.7625 13392
0.875 0.7625 13392
0.875 0.7625 13392
0.875 0.7625 13392
0.875 0.7625 13392
0.875 0.7625 13392
0.875 0.7625 13392
0.875 0.7625 13392
0.875 0.7625 13392
0.875 0.7625 13392
0.875 0.7625 13392
0.875 0.7625 13392
0.875 0.7625 13392
0.875 0.7625 13392
0.875 0.7625 13392
0.875 0.7625 13392
0.875 0.7625 13392
0.875 0.7625 13392
0.875 0.7625 13392
0.875 0.7625 13392
0.875 0.7625 13392
0.875 0.7625 13392
0.875 0.7625 13392
0.875 0.7625 13392
0.875 0.7625 13392
0.875 0.7625 13392
0.875 0.7625 13392
0.875 0.7625 13392
0.875 0.7625 13392
0.875 0.7625 13392
0.875 0.7625 13392
0.875 0.7625 13392
0.875 0.7625 13392
0.875 0.7625 13392
0.875 0.7625 13392
0.875 0.7625 13392
0.875 0.7625 13392
0.875 0.7625 13392
0.875 0.7625 13392
0.875 0.7625 13392
0.875 0.7625 13392
0.875 0.7625 13392
0.875 0.7625 13392
0.875 0.7625 13392
0.875 0.7625 13392
0.875 0.7625 13392
0.875 0.7625 13392
0.875 0.7625 13392
0.875 0.7625 13392
0.875 0.7625 13392
0.875 0.7625 13392
0.875 0.7625 13392
0.875 0.7625 13392
0.875 0.7625 13392
0.875 0.7625 13392
0.875 0.7625 13392
0.875 0.7625 13392
0.875 0.7625 13392
0.875 0.7625 13392
0.875 0.7625 13392
0.875 0.7625 13392
0.875 0.7625 13392
0.875 0.7625 13392
0.875 0.7625 13392
0.875 0.7625 13392
0.875 0.7625 13392
0.875 0.7625 13392
0.875 0.7625 13392
0.875 0.7625 13392
0.875 0.7625 13392
0.875 0.7625 13392
0.875 0.7625 13392
0.875 0.7625 13392
0.875 0.7625 13392
0.875 0.7625 13392
0.875 0.7625 13392
0.875 0.7625 13392
0.875 0.7625 13392
0.875 0.7625 13392
0.875 0.7625 13392
0.875 0.7625 13392
0.875 0.7625 13392
0.875 0.7625 13392
0.875 0.7625 13392
0.875 0.7625 13392
0.875 0.7625 13392
0.875 0.7625 13392
0.875 0.7625 13392
0.875 0.7625 13392
0.875 0.7625 13392
0.875 0.7625 13392
0.875 0.7625 13392
0.875 0.7625 13392
0.875 0.7625 13392
0.875 0.7625 13392
0.875 0.7625 13392
0.875 0.7625 13392
0.875 0.7625 13392
0.875 0.7625 13392
0.875 0.7625 13392
0.875 0.7625 13392
0.875 0.7625 13392
0.875 0.7625 13392
0.875 0.7625 13392
0.875 0.7625 13392
0.875 0.7625 13392
0.875 0.7625 13392
0.875 0.7625 13392
0.875 0.7625 13392
0.875 0.7625 13392
0.875 0.7625 13392
0.875 0.7625 13392
0.875 0.7625 13392
0.875 0.7625 13392
0.875 0.7625 13392
0.875 0.7625 13392
0.875 0.7625 13392
0.875 0.7625 13392
0.875 0.7625 13392
0.875 0.7625 13392
0.875 0.7625 13392
0.875 0.7625 13392
0.875 0.7625 13392
0.875 0.7625 13392
0.875 0.7625 13392
0.875 0.7625 13392
0.875 0.7625 13392
0.875 0.7625 13392
0.875 0.7625 13392
0.875 0.7625 13392
0.875 0.7625 13392
0.875 0.7625 13392
0.875 0.7625 13392
0.875 0.7625 13392
0.875 0.7625 13392
0.875 0.7625 13392
0.875 0.7625 13392
0.875 0.7625 13392
0.875 0.7625 13392
0.875 0.7625 13392
0.875 0.7625 13392
0.875 0.7625 13392
0.875 0.7625 13392
0.875 0.7625 13392
0.875 0.7625 13392
0.875 0.7625 13392
0.875 0.7625 13392
0.875 0.7625 13392
0.875 0.7625 13392
0.875 0.7625 13392
0.875 0.7625 13392
0.875 0.7625 13392
0.875 0.7625 13392
0.875 0.7625 13392
0.875 0.7625 13392
0.875 0.7625 13392
0.875 0.7625 13392
0.875 0.7625 13392
0.875 0.7625 13392
0.875 0.7625 13392
0.875 0.7625 13392
0.875 0.7625 13392
0.875 0.7625 13392
0.875 0.765625 13392
0.875 0.76875 13392
0.875 0.76875 13392
0.875 0.76875 13392
0.875 0.76875 13392
0.875 0.76875 13392
0.875 0.76875 13392
0.875 0.76875 13392
0.875 0.76875 13392
0.875 0.76875 13392
0.875 0.76875 13392
0.875 0.76875 13392
0.875 0.76875 13392
0.875 0.76875 13392
0.875 0.76875 13392
0.875 0.76875 13392
0.875 0.76875 13392
0.875 0.76875 13392
0.875 0.76875 13392
0.875 0.76875 13392
0.875 0.76875 13392
0.875 0.76875 13392
0.875 0.76875 13392
0.875 0.76875 13392
0.875 0.76875 13392
0.875 0.76875 13392
0.875 0.76875 13392
0.875 0.76875 13392
0.875 0.76875 13392
0.875 0.76875 13392
0.875 0.76875 13392
0.875 0.76875 13392
0.875 0.76875 13392
0.875 0.76875 13392
0.875 0.76875 13392
0.875 0.76875 13392
0.875 0.76875 13392
0.875 0.76875 13392
0.875 0.76875 13392
0.875 0.76875 13392
0.875 0.76875 13392
0.875 0.76875 13392
0.875 0.76875 13392
0.875 0.76875 13392
0.875 0.76875 13392
0.875 0.76875 13392
0.875 0.76875 13392
0.875 0.76875 13392
0.875 0.76875 13392
0.875 0.76875 13392
0.875 0.76875 13392
0.875 0.76875 13392
0.875 0.76875 13392
0.875 0.76875 13392
0.875 0.76875 13392
0.875 0.76875 13392
0.875 0.76875 13392
0.875 0.76875 13392
0.875 0.76875 13392
0.875 0.76875 13392
0.875 0.76875 13392
0.875 0.76875 13392
0.875 0.76875 13392
0.875 0.76875 13392
0.875 0.76875 13392
0.875 0.76875 13392
0.875 0.76875 13392
0.875 0.76875 13392
0.875 0.76875 13392
0.875 0.76875 13392
0.875 0.76875 13392
0.875 0.76875 13392
0.875 0.76875 13392
0.875 0.76875 13392
0.875 0.76875 13392
0.875 0.76875 13392
0.875 0.76875 13392
0.875 0.76875 13392
0.875 0.76875 13392
0.875 0.76875 13392
0.875 0.76875 13392
0.875 0.76875 13392
0.875 0.76875 13392
0.875 0.76875 13392
0.875 0.76875 13392
0.875 0.76875 13392
0.875 0.76875 13392
0.875 0.76875 13392
0.875 0.76875 13392
0.875 0.76875 13392
0.875 0.76875 13392
0.875 0.76875 13392
0.875 0.76875 13392
0.875 0.76875 13392
0.875 0.76875 13392
0.875 0.76875 13392
0.875 0.76875 13392
0.875 0.76875 13392
0.875 0.76875 13392
0.875 0.76875 13392
0.875 0.76875 13392
0.875 0.76875 13392
0.875 0.76875 13392
0.875 0.76875 13392
0.875 0.76875 13392
0.875 0.76875 13392
0.875 0.76875 13392
0.875 0.76875 13392
0.875 0.76875 13392
0.875 0.76875 13392
0.875 0.76875 13392
0.875 0.76875 13392
0.875 0.76875 13392
0.875 0.76875 13392
0.875 0.76875 13392
0.875 0.76875 13392
0.875 0.76875 13392
0.875 0.76875 13392
0.875 0.76875 13392
0.875 0.76875 13392
0.875 0.76875 13392
0.875 0.76875 13392
0.875 0.76875 13392
0.875 0.76875 13392
0.875 0.76875 13392
0.875 0.76875 13392
0.875 0.76875 13392
0.875 0.76875 13392
0.875 0.76875 13392
0.875 0.76875 13392
0.875 0.76875 13392
0.875 0.76875 13392
0.875 0.76875 13392
0.875 0.76875 13392
0.875 0.76875 13392
0.875 0.76875 13392
0.875 0.76875 13392
0.875 0.76875 13392
0.875 0.76875 13392
0.875 0.76875 13392
0.875 0.76875 13392
0.875 0.76875 13392
0.875 0.76875 13392
0.875 0.76875 13392
0.875 0.76875 13392
0.875 0.76875 13392
0.875 0.76875 13392
0.875 0.76875 13392
0.875 0.76875 13392
0.875 0.76875 13392
0.875 0.76875 13392
0.875 0.76875 13392
0.875 0.76875 13392
0.875 0.76875 13392
0.875 0.76875 13392
0.875 0.76875 13392
0.875 0.76875 13392
0.875 0.76875 13392
0.875 0.76875 13392
0.875 0.76875 13392
0.875 0.76875 13392
0.875 0.76875 13392
0.875 0.76875 13392
0.875 0.76875 13392
0.875 0.76875 13392
0.875 0.76875 13392
0.875 0.76875 13392
0.875 0.76875 13392
0.875 0.76875 13392
0.875 0.76875 13392
0.875 0.76875 13392
0.875 0.76875 13392
0.875 0.76875 13392
0.875 0.76875 13392
0.875 0.76875 13392
0.875 0.76875 13392
0.875 0.76875 13392
0.875 0.76875 13392
0.875 0.76875 13392
0.875 0.76875 13392
0.875 0.76875 13392
0.875 0.76875 13392
0.875 0.76875 13392
0.875 0.76875 13392
0.875 0.76875 13392
0.875 0.76875 13392
0.875 0.76875 13392
0.875 0.76875 13392
0.875 0.76875 13392
0.875 0.76875 13392
0.875 0.76875 13392
0.875 0.76875 13392
0.875 0.76875 13392
0.875 0.76875 13392
0.875 0.76875 13392
0.875 0.76875 13392
0.875 0.76875 13392
0.875 0.76875 13392
0.875 0.76875 13392
0.875 0.76875 13392
0.875 0.76875 13392
0.875 0.76875 13392
0.875 0.76875 13392
0.875 0.76875 13392
0.875 0.76875 13392
0.875 0.76875 13392
0.875 0.76875 13392
0.875 0.76875 13392
0.875 0.76875 13392
0.875 0.76875 13392
0.875 0.76875 13392
0.875 0.76875 13392
0.875 0.76875 13392
0.875 0.76875 13392
0.875 0.76875 13392
0.875 0.76875 13392
0.875 0.76875 13392
0.875 0.76875 13392
0.875 0.76875 13392
0.875 0.76875 13392
0.875 0.76875 13392
0.875 0.76875 13392
0.875 0.76875 13392
0.875 0.76875 13392
0.875 0.76875 13392
0.875 0.76875 13392
0.875 0.76875 13392
0.875 0.76875 13392
0.875 0.76875 13392
0.875 0.76875 13392
0.875 0.76875 13392
0.875 0.76875 13392
0.875 0.76875 13392
0.875 0.76875 13392
0.875 0.76875 13392
0.875 0.76875 13392
0.875 0.76875 13392
0.875 0.76875 13392
0.875 0.76875 13392
0.875 0.76875 13392
0.875 0.76875 13392
0.875 0.76875 13392
0.875 0.76875 13392
0.875 0.76875 13392
0.875 0.76875 13392
0.875 0.76875 13392
0.875 0.76875 13392
0.875 0.76875 13392
0.875 0.76875 13392
0.875 0.76875 13392
0.875 0.76875 13392
0.875 0.76875 13392
0.875 0.76875 13392
0.875 0.76875 13392
0.875 0.76875 13392
0.875 0.76875 13392
0.875 0.76875 13392
0.875 0.76875 13392
0.875 0.76875 13392
0.875 0.76875 13392
0.875 0.76875 13392
0.875 0.76875 13392
0.875 0.76875 13392
0.875 0.76875 13392
0.875 0.76875 13392
0.875 0.76875 13392
0.875 0.76875 13392
0.875 0.76875 13392
0.875 0.76875 13392
0.875 0.76875 13392
0.875 0.76875 13392
0.875 0.76875 13392
0.875 0.76875 13392
0.875 0.76875 13392
0.875 0.76875 13392
0.875 0.76875 13392
0.875 0.76875 13392
0.875 0.76875 13392
0.875 0.76875 13392
0.875 0.76875 13392
0.875 0.76875 13392
0.875 0.76875 13392
0.875 0.76875 13392
0.875 0.76875 13392
0.875 0.76875 13392
0.875 0.76875 13392
0.875 0.76875 13392
0.875 0.76875 13392
0.875 0.76875 13392
0.875 0.76875 13392
0.875 0.76875 13392
0.875 0.76875 13392
0.875 0.76875 13392
0.875 0.76875 13392
0.875 0.76875 13392
0.875 0.76875 13392
0.875 0.76875 13392
0.875 0.76875 13392
0.875 0.76875 13392
0.875 0.76875 13392
0.875 0.76875 13392
0.875 0.76875 13392
0.875 0.76875 13392
0.875 0.76875 13392
0.875 0.76875 13392
0.875 0.76875 13392
0.875 0.76875 13392
0.875 0.76875 13392
0.875 0.76875 13392
0.875 0.76875 13392
0.875 0.76875 13392
0.875 0.76875 13392
0.875 0.76875 13392
0.875 0.76875 13392
0.875 0.76875 13392
0.875 0.76875 13392
0.875 0.76875 13392
0.875 0.76875 13392
0.875 0.76875 13392
0.875 0.76875 13392
0.875 0.76875 13392
0.875 0.76875 13392
0.875 0.76875 13392
0.875 0.76875 13392
0.875 0.76875 13392
0.875 0.76875 13392
0.875 0.76875 13392
0.875 0.76875 13392
0.875 0.76875 13392
0.875 0.76875 13392
0.875 0.76875 13392
0.875 0.76875 13392
0.875 0.76875 13392
0.875 0.76875 13392
0.875 0.76875 13392
0.875 0.76875 13392
0.875 0.76875 13392
0.875 0.76875 13392
0.875 0.76875 13392
0.875 0.76875 13392
0.875 0.76875 13392
0.875 0.76875 13392
0.875 0.76875 13392
0.875 0.76875 13392
0.875 0.76875 13392
0.875 0.76875 13392
0.875 0.76875 13392
0.875 0.76875 13392
0.875 0.76875 13392
0.875 0.76875 13392
0.875 0.76875 13392
0.875 0.76875 13392
0.875 0.76875 13392
0.875 0.76875 13392
0.875 0.76875 13392
0.875 0.76875 13392
0.875 0.76875 13392
0.875 0.76875 13392
0.875 0.76875 13392
0.875 0.76875 13392
0.875 0.76875 13392
0.875 0.76875 13392
0.875 0.76875 13392
0.875 0.76875 13392
0.875 0.76875 13392
0.875 0.76875 13392
0.875 0.76875 13392
0.875 0.76875 13392
0.875 0.76875 13392
0.875 0.76875 13392
0.875 0.76875 13392
0.875 0.76875 13392
0.875 0.76875 13392
0.875 0.76875 13392
0.875 0.76875 13392
0.875 0.76875 13392
0.875 0.76875 13392
0.875 0.76875 13392
0.875 0.76875 13392
0.875 0.76875 13392
0.875 0.76875 13392
0.875 0.76875 13392
0.875 0.76875 13392
0.875 0.76875 13392
0.875 0.76875 13392
0.875 0.76875 13392
0.875 0.76875 13392
0.875 0.76875 13392
0.875 0.76875 13392
0.875 0.76875 13392
0.875 0.76875 13392
0.875 0.76875 13392
0.875 0.76875 13392
0.875 0.76875 13392
0.875 0.76875 13392
0.875 0.76875 13392
0.875 0.76875 13392
0.875 0.76875 13392
0.875 0.76875 13392
0.875 0.76875 13392
0.875 0.76875 13392
0.875 0.76875 13392
0.875 0.765625 13392
0.875 0.765625 13392
0.875 0.765625 13392
0.875 0.765625 13392
0.875 0.765625 13392
0.875 0.765625 13392
0.875 0.765625 13392
0.875 0.765625 13392
0.875 0.765625 13392
0.875 0.765625 13392
0.875 0.765625 13392
0.875 0.765625 13392
0.875 0.765625 13392
0.875 0.765625 13392
0.875 0.765625 13392
