0.85625 0.859375 596
0.803125 0.7875 1102
0.75625 0.728125 1564
0.8 0.80625 1720
0.771875 0.8125 1876
0.75625 0.7875 2008
0.76875 0.790625 2140
0.771875 0.80625 2272
0.778125 0.809375 2404
0.778125 0.8125 2536
0.76875 0.815625 2668
0.76875 0.803125 2778
0.7625 0.8 2888
0.753125 0.778125 2998
0.753125 0.79375 3108
0.778125 0.803125 3198
0.76875 0.8 3288
0.76875 0.81875 3378
0.76875 0.8125 3450
0.765625 0.809375 3522
0.7625 0.8125 3594
0.759375 0.80625 3666
0.759375 0.78125 3738
0.775 0.81875 3810
0.76875 0.809375 3882
0.759375 0.809375 3954
0.753125 0.8125 4026
0.75 0.81875 4082
0.75 0.809375 4138
0.76875 0.815625 4194
0.771875 0.821875 4250
0.771875 0.821875 4306
0.771875 0.80625 4362
0.771875 0.803125 4418
0.771875 0.809375 4474
0.771875 0.8 4530
0.771875 0.79375 4586
0.75625 0.790625 4642
0.753125 0.79375 4698
0.75 0.7875 4754
0.75 0.7875 4810
0.753125 0.80625 4866
0.75 0.809375 4922
0.75 0.803125 4964
0.778125 0.825 5006
0.81875 0.86875 5048
0.81875 0.846875 5090
0.81875 0.84375 5132
0.809375 0.853125 5174
0.809375 0.85 5216
0.803125 0.84375 5258
0.8 0.846875 5300
0.80625 0.865625 5342
0.80625 0.871875 5384
0.80625 0.865625 5426
0.803125 0.85 5468
0.803125 0.85625 5510
0.803125 0.859375 5552
0.803125 0.85625 5594
0.8 0.8625 5636
0.8 0.85625 5678
0.8 0.846875 5720
0.803125 0.85625 5762
0.821875 0.871875 5804
0.83125 0.884375 5846
0.83125 0.8875 5888
0.828125 0.88125 5930
0.825 0.88125 5972
0.825 0.871875 6002
0.828125 0.88125 6032
0.825 0.88125 6062
0.821875 0.8875 6092
0.821875 0.8875 6122
0.81875 0.8875 6152
0.81875 0.884375 6182
0.83125 0.890625 6212
0.83125 0.88125 6242
0.828125 0.8875 6272
0.828125 0.884375 6302
0.828125 0.8875 6332
0.828125 0.8875 6362
0.828125 0.8875 6392
0.83125 0.8875 6422
0.834375 0.8875 6452
0.834375 0.884375 6482
0.834375 0.8875 6512
0.834375 0.88125 6542
0.834375 0.8875 6572
0.834375 0.8875 6602
0.834375 0.8875 6632
0.834375 0.884375 6662
0.834375 0.884375 6692
0.834375 0.878125 6722
0.834375 0.878125 6752
0.834375 0.871875 6782
0.85 0.8875 6812
0.85 0.8875 6842
0.846875 0.8875 6872
0.846875 0.8875 6902
0.840625 0.8875 6932
0.840625 0.89375 6962
0.84375 0.89375 6992
0.84375 0.89375 7022
0.840625 0.89375 7052
0.846875 0.890625 7082
0.846875 0.89375 7112
0.85 0.90625 7142
0.85 0.903125 7172
0.846875 0.903125 7202
0.846875 0.90625 7232
0.85 0.896875 7262
0.846875 0.9 7292
0.846875 0.9 7312
0.84375 0.9 7332
0.84375 0.9 7352
0.840625 0.9 7372
0.84375 0.9 7392
0.84375 0.9 7412
0.84375 0.9 7432
0.84375 0.9 7452
0.84375 0.9 7472
0.840625 0.89375 7492
0.840625 0.89375 7512
0.8375 0.88125 7532
0.8375 0.875 7552
0.8375 0.88125 7572
0.8375 0.88125 7592
0.8375 0.88125 7612
0.8375 0.88125 7632
0.8375 0.88125 7652
0.8375 0.88125 7672
0.8375 0.88125 7692
0.834375 0.88125 7712
0.834375 0.88125 7732
0.834375 0.878125 7752
0.834375 0.88125 7772
0.834375 0.88125 7792
0.834375 0.88125 7812
0.834375 0.88125 7832
0.834375 0.875 7852
0.834375 0.875 7872
0.834375 0.875 7892
0.834375 0.875 7912
0.834375 0.88125 7932
0.834375 0.8875 7952
0.834375 0.89375 7972
0.834375 0.89375 7992
0.834375 0.89375 8012
0.834375 0.8875 8032
0.834375 0.9 8052
0.834375 0.9 8072
0.83125 0.9 8092
0.828125 0.9 8112
0.828125 0.9 8132
0.828125 0.9 8152
0.8375 0.9 8172
0.8375 0.90625 8192
0.8375 0.90625 8212
0.8375 0.90625 8232
0.8375 0.9 8252
0.8375 0.9125 8272
0.8375 0.9125 8292
0.8375 0.9125 8312
0.8375 0.9125 8332
0.8375 0.9125 8352
0.8375 0.9125 8372
0.8375 0.9125 8392
0.8375 0.90625 8412
0.8375 0.90625 8432
0.840625 0.90625 8452
0.84375 0.90625 8472
0.846875 0.90625 8492
0.853125 0.903125 8512
0.853125 0.903125 8532
0.853125 0.903125 8552
0.853125 0.903125 8572
0.853125 0.903125 8592
0.853125 0.903125 8612
0.853125 0.903125 8632
0.853125 0.903125 8652
0.8625 0.903125 8672
0.8625 0.903125 8692
0.86875 0.909375 8712
0.875 0.909375 8732
0.86875 0.909375 8752
0.865625 0.909375 8772
0.8625 0.909375 8792
0.8625 0.909375 8812
0.85625 0.903125 8832
0.85625 0.903125 8852
0.85625 0.903125 8872
0.85625 0.903125 8892
0.853125 0.90625 8912
0.853125 0.90625 8932
0.853125 0.90625 8944
0.85625 0.9125 8956
0.85625 0.9125 8968
0.85625 0.9125 8980
0.85625 0.90625 8992
0.85625 0.90625 9004
0.85625 0.90625 9016
0.859375 0.90625 9028
0.859375 0.903125 9040
0.859375 0.903125 9052
0.859375 0.903125 9064
0.859375 0.903125 9076
0.859375 0.903125 9088
0.859375 0.90625 9100
0.8625 0.9 9112
0.8625 0.9 9124
0.865625 0.9 9136
0.865625 0.9 9148
0.865625 0.9 9160
0.865625 0.9 9172
0.865625 0.9 9184
0.865625 0.9 9196
0.865625 0.9 9208
0.865625 0.9 9220
0.865625 0.9 9232
0.865625 0.9 9244
0.865625 0.90625 9256
0.865625 0.90625 9268
0.865625 0.90625 9280
0.865625 0.90625 9292
0.865625 0.90625 9304
0.865625 0.90625 9316
0.865625 0.90625 9328
0.865625 0.90625 9340
0.865625 0.90625 9352
0.865625 0.90625 9364
0.865625 0.90625 9376
0.865625 0.90625 9388
0.865625 0.90625 9400
0.865625 0.90625 9412
0.8625 0.90625 9424
0.8625 0.90625 9436
0.859375 0.90625 9448
0.859375 0.90625 9460
0.859375 0.90625 9472
0.859375 0.90625 9484
0.859375 0.9 9496
0.859375 0.9 9508
0.859375 0.90625 9520
0.859375 0.90625 9532
0.859375 0.9 9544
0.875 0.90625 9556
0.878125 0.90625 9568
0.878125 0.90625 9580
0.878125 0.90625 9592
0.878125 0.90625 9604
0.88125 0.9125 9616
0.88125 0.9125 9628
0.88125 0.9125 9640
0.88125 0.9125 9652
0.88125 0.9125 9664
0.88125 0.9125 9676
0.88125 0.9125 9688
0.88125 0.9125 9700
0.88125 0.9125 9712
0.88125 0.9125 9724
0.88125 0.9125 9736
0.8875 0.9125 9748
0.890625 0.9125 9760
0.890625 0.9125 9772
0.890625 0.9125 9784
0.890625 0.9125 9796
0.890625 0.9125 9808
0.890625 0.9125 9820
0.890625 0.9125 9832
0.890625 0.90625 9844
0.89375 0.90625 9856
0.896875 0.90625 9868
0.896875 0.90625 9880
0.896875 0.90625 9892
0.896875 0.90625 9904
0.896875 0.90625 9916
0.896875 0.90625 9928
0.896875 0.90625 9940
0.896875 0.90625 9952
0.896875 0.90625 9964
0.896875 0.9125 9976
0.896875 0.90625 9988
0.896875 0.90625 10000
0.896875 0.9 10012
0.896875 0.9 10024
0.896875 0.90625 10036
0.896875 0.90625 10048
0.896875 0.90625 10060
0.896875 0.90625 10072
0.896875 0.90625 10084
0.896875 0.90625 10096
0.89375 0.9 10108
0.89375 0.9 10120
0.89375 0.89375 10132
0.89375 0.89375 10144
0.89375 0.89375 10156
0.89375 0.89375 10168
0.89375 0.89375 10180
0.89375 0.89375 10192
0.89375 0.89375 10204
0.89375 0.89375 10216
0.89375 0.896875 10228
0.89375 0.9 10240
0.89375 0.9 10252
0.89375 0.9 10264
0.89375 0.9 10276
0.89375 0.9 10288
0.89375 0.9 10300
0.89375 0.9 10312
0.89375 0.9 10324
0.89375 0.9 10336
0.89375 0.9 10348
0.89375 0.9 10360
0.89375 0.9 10372
0.89375 0.90625 10384
0.89375 0.90625 10396
0.89375 0.90625 10408
0.89375 0.90625 10420
0.89375 0.90625 10432
0.89375 0.90625 10444
0.89375 0.90625 10456
0.89375 0.90625 10468
0.89375 0.90625 10480
0.890625 0.90625 10492
0.8875 0.90625 10504
0.8875 0.90625 10516
0.8875 0.90625 10528
0.8875 0.90625 10540
0.884375 0.9 10552
0.884375 0.9 10564
0.8875 0.9 10576
0.8875 0.9 10588
0.8875 0.9 10600
0.8875 0.9 10612
0.8875 0.9 10624
0.8875 0.9 10636
0.8875 0.9 10648
0.8875 0.90625 10660
0.8875 0.90625 10672
0.8875 0.90625 10684
0.8875 0.90625 10696
0.8875 0.90625 10708
0.8875 0.9 10720
0.8875 0.90625 10732
0.8875 0.90625 10744
0.8875 0.90625 10756
0.8875 0.90625 10762
0.8875 0.90625 10768
0.8875 0.90625 10774
0.8875 0.90625 10780
0.8875 0.90625 10786
0.8875 0.90625 10792
0.884375 0.90625 10798
0.884375 0.90625 10804
0.884375 0.90625 10810
0.884375 0.90625 10816
0.884375 0.9 10822
0.884375 0.9 10828
0.884375 0.9 10834
0.884375 0.9 10840
0.884375 0.9 10846
0.884375 0.9 10852
0.884375 0.9 10858
0.884375 0.9 10864
0.884375 0.9 10870
0.884375 0.9 10876
0.884375 0.9 10882
0.884375 0.9 10888
0.884375 0.9 10894
0.884375 0.9 10900
0.884375 0.9 10906
0.884375 0.9 10912
0.884375 0.9 10918
0.884375 0.9 10924
0.884375 0.9 10930
0.884375 0.9 10936
0.884375 0.9 10942
0.884375 0.9 10948
0.884375 0.9 10954
0.884375 0.9 10960
0.884375 0.9 10966
0.884375 0.9 10972
0.884375 0.9 10978
0.884375 0.9 10984
0.884375 0.9 10990
0.884375 0.9 10996
0.884375 0.9 11002
0.884375 0.9 11008
0.884375 0.9 11014
0.884375 0.9 11020
0.884375 0.9 11026
0.884375 0.9 11032
0.884375 0.9 11038
0.884375 0.9 11044
0.884375 0.9 11050
0.884375 0.9 11056
0.884375 0.9 11062
0.884375 0.9 11068
0.884375 0.90625 11074
0.884375 0.90625 11080
0.884375 0.90625 11086
0.884375 0.90625 11092
0.884375 0.9 11098
0.884375 0.90625 11104
0.884375 0.90625 11110
0.884375 0.90625 11116
0.884375 0.90625 11122
0.884375 0.90625 11128
0.884375 0.90625 11134
0.884375 0.90625 11140
0.884375 0.90625 11146
0.884375 0.90625 11152
0.884375 0.90625 11158
0.884375 0.90625 11164
0.884375 0.90625 11170
0.884375 0.90625 11176
0.884375 0.90625 11182
0.884375 0.90625 11188
0.884375 0.90625 11194
0.884375 0.90625 11200
0.884375 0.90625 11206
0.884375 0.90625 11212
0.884375 0.90625 11218
0.8875 0.90625 11224
0.8875 0.90625 11230
0.8875 0.90625 11236
0.8875 0.90625 11242
0.8875 0.90625 11248
0.8875 0.90625 11254
0.8875 0.90625 11260
0.8875 0.90625 11266
0.8875 0.90625 11272
0.8875 0.90625 11278
0.8875 0.90625 11284
0.8875 0.9 11290
0.8875 0.9 11296
0.8875 0.9 11302
0.8875 0.9 11308
0.8875 0.9 11314
0.8875 0.9 11320
0.8875 0.9 11326
0.8875 0.9 11332
0.8875 0.9 11338
0.8875 0.9 11344
0.8875 0.9 11350
0.8875 0.9 11356
0.8875 0.9 11362
0.8875 0.89375 11368
0.8875 0.89375 11374
0.8875 0.89375 11380
0.8875 0.89375 11386
0.8875 0.89375 11392
0.8875 0.89375 11398
0.8875 0.89375 11404
0.8875 0.89375 11410
0.8875 0.89375 11416
0.8875 0.9 11422
0.8875 0.89375 11428
0.8875 0.89375 11434
0.8875 0.89375 11440
0.8875 0.89375 11446
0.8875 0.89375 11452
0.8875 0.89375 11458
0.8875 0.9 11464
0.8875 0.9 11470
0.8875 0.9 11476
0.8875 0.9 11482
0.8875 0.9 11488
0.8875 0.9 11494
0.8875 0.9 11500
0.8875 0.9 11506
0.8875 0.9 11512
0.8875 0.9 11518
0.8875 0.9 11524
0.8875 0.9 11530
0.8875 0.9 11536
0.890625 0.9 11542
0.89375 0.9 11548
0.89375 0.9 11554
0.89375 0.9 11560
0.89375 0.9 11566
0.89375 0.9 11572
0.89375 0.9 11578
0.89375 0.9 11584
0.89375 0.9 11590
0.890625 0.9 11596
0.890625 0.9 11602
0.890625 0.9 11608
0.890625 0.9 11614
0.8875 0.9 11620
0.8875 0.9 11626
0.8875 0.9 11632
0.8875 0.9 11638
0.8875 0.9 11644
0.8875 0.9 11650
0.8875 0.9 11656
0.8875 0.9 11662
0.8875 0.9 11668
0.8875 0.9 11674
0.8875 0.9 11680
0.8875 0.9 11686
0.8875 0.9 11692
0.8875 0.9 11698
0.8875 0.89375 11704
0.8875 0.89375 11710
0.8875 0.89375 11716
0.8875 0.89375 11722
0.8875 0.89375 11728
0.8875 0.89375 11734
0.8875 0.89375 11740
0.8875 0.89375 11746
0.884375 0.89375 11752
0.884375 0.89375 11758
0.884375 0.89375 11764
0.884375 0.89375 11770
0.884375 0.89375 11776
0.884375 0.89375 11782
0.884375 0.89375 11788
0.884375 0.8875 11794
0.884375 0.8875 11800
0.884375 0.8875 11806
0.884375 0.89375 11812
0.884375 0.89375 11818
0.884375 0.8875 11824
0.884375 0.89375 11830
0.884375 0.89375 11836
0.88125 0.89375 11842
0.878125 0.89375 11848
0.878125 0.890625 11854
0.878125 0.890625 11860
0.878125 0.890625 11866
0.878125 0.890625 11872
0.878125 0.890625 11878
0.878125 0.890625 11884
0.878125 0.890625 11890
0.878125 0.890625 11896
0.878125 0.890625 11902
0.878125 0.890625 11908
0.878125 0.890625 11914
0.878125 0.890625 11920
0.878125 0.896875 11926
0.88125 0.89375 11932
0.88125 0.89375 11938
0.88125 0.89375 11944
0.88125 0.890625 11950
0.88125 0.890625 11956
0.88125 0.890625 11962
0.88125 0.890625 11968
0.88125 0.890625 11974
0.88125 0.890625 11980
0.88125 0.890625 11986
0.88125 0.890625 11992
0.88125 0.890625 11998
0.88125 0.890625 12004
0.88125 0.890625 12010
0.88125 0.890625 12016
0.88125 0.890625 12022
0.88125 0.890625 12028
0.88125 0.890625 12034
0.88125 0.890625 12040
0.88125 0.890625 12046
0.88125 0.896875 12052
0.88125 0.896875 12058
0.88125 0.896875 12064
0.88125 0.896875 12070
0.88125 0.896875 12076
0.88125 0.896875 12082
0.88125 0.896875 12088
0.88125 0.896875 12094
0.88125 0.890625 12100
0.88125 0.890625 12106
0.88125 0.890625 12112
0.88125 0.890625 12118
0.88125 0.890625 12124
0.88125 0.890625 12130
0.88125 0.890625 12136
0.88125 0.890625 12142
0.88125 0.890625 12148
0.88125 0.890625 12154
0.88125 0.890625 12160
0.88125 0.890625 12166
0.88125 0.890625 12172
0.88125 0.890625 12178
0.88125 0.890625 12184
0.88125 0.890625 12190
0.88125 0.890625 12196
0.88125 0.890625 12202
0.88125 0.890625 12208
0.88125 0.890625 12214
0.878125 0.890625 12220
0.878125 0.890625 12226
0.878125 0.890625 12232
0.878125 0.890625 12238
0.878125 0.890625 12244
0.878125 0.890625 12246
0.878125 0.89375 12248
0.878125 0.89375 12250
0.878125 0.89375 12252
0.878125 0.89375 12254
0.878125 0.89375 12256
0.878125 0.89375 12258
0.878125 0.89375 12260
0.878125 0.89375 12262
0.878125 0.89375 12264
0.878125 0.89375 12266
0.878125 0.89375 12268
0.878125 0.89375 12270
0.878125 0.89375 12272
0.878125 0.89375 12274
0.878125 0.89375 12276
0.878125 0.89375 12278
0.878125 0.89375 12280
0.878125 0.8875 12282
0.878125 0.8875 12284
0.878125 0.89375 12286
0.878125 0.89375 12288
0.878125 0.89375 12290
0.878125 0.8875 12292
0.878125 0.8875 12294
0.878125 0.8875 12296
0.878125 0.8875 12298
0.878125 0.8875 12300
0.878125 0.8875 12302
0.878125 0.8875 12304
0.878125 0.8875 12306
0.878125 0.8875 12308
0.878125 0.8875 12310
0.878125 0.8875 12312
0.878125 0.8875 12314
0.878125 0.8875 12316
0.878125 0.8875 12318
0.878125 0.8875 12320
0.878125 0.8875 12322
0.878125 0.8875 12324
0.878125 0.8875 12326
0.878125 0.8875 12328
0.878125 0.8875 12330
0.878125 0.8875 12332
0.878125 0.8875 12334
0.878125 0.8875 12336
0.878125 0.8875 12338
0.878125 0.8875 12340
0.878125 0.8875 12342
0.878125 0.8875 12344
0.878125 0.8875 12346
0.878125 0.8875 12348
0.878125 0.8875 12350
0.878125 0.8875 12352
0.878125 0.8875 12354
0.878125 0.8875 12356
0.878125 0.8875 12358
0.878125 0.8875 12360
0.878125 0.8875 12362
0.878125 0.8875 12364
0.878125 0.8875 12366
0.878125 0.8875 12368
0.878125 0.8875 12370
0.878125 0.8875 12372
0.878125 0.8875 12374
0.878125 0.8875 12376
0.878125 0.8875 12378
0.878125 0.8875 12380
0.878125 0.8875 12382
0.878125 0.8875 12384
0.878125 0.8875 12386
0.878125 0.8875 12388
0.878125 0.89375 12390
0.878125 0.89375 12392
0.878125 0.8875 12394
0.878125 0.8875 12396
0.878125 0.8875 12398
0.878125 0.8875 12400
0.878125 0.8875 12402
0.878125 0.8875 12404
0.878125 0.8875 12406
0.878125 0.8875 12408
0.878125 0.89375 12410
0.878125 0.89375 12412
0.878125 0.8875 12414
0.878125 0.8875 12416
0.878125 0.8875 12418
0.878125 0.8875 12420
0.878125 0.8875 12422
0.878125 0.8875 12424
0.878125 0.8875 12426
0.878125 0.8875 12428
0.878125 0.8875 12430
0.878125 0.8875 12432
0.878125 0.8875 12434
0.878125 0.8875 12436
0.878125 0.8875 12438
0.878125 0.8875 12440
0.878125 0.8875 12442
0.878125 0.8875 12444
0.878125 0.8875 12446
0.878125 0.8875 12448
0.878125 0.8875 12450
0.878125 0.8875 12452
0.878125 0.8875 12454
0.878125 0.8875 12456
0.878125 0.8875 12458
0.878125 0.8875 12460
0.878125 0.8875 12462
0.878125 0.8875 12464
0.878125 0.8875 12466
0.878125 0.8875 12468
0.878125 0.8875 12470
0.878125 0.8875 12472
0.878125 0.8875 12474
0.878125 0.8875 12476
0.878125 0.8875 12478
0.878125 0.8875 12480
0.878125 0.8875 12482
0.878125 0.8875 12484
0.878125 0.8875 12486
0.878125 0.8875 12488
0.878125 0.8875 12490
0.878125 0.8875 12492
0.878125 0.8875 12494
0.878125 0.8875 12496
0.878125 0.8875 12498
0.878125 0.8875 12500
0.878125 0.8875 12502
0.878125 0.8875 12504
0.878125 0.8875 12506
0.878125 0.8875 12508
0.878125 0.8875 12510
0.878125 0.8875 12512
0.878125 0.8875 12514
0.878125 0.8875 12516
0.878125 0.8875 12518
0.878125 0.8875 12520
0.878125 0.8875 12522
0.878125 0.8875 12524
0.878125 0.8875 12526
0.878125 0.8875 12528
0.878125 0.8875 12530
0.878125 0.8875 12532
0.878125 0.8875 12534
0.878125 0.8875 12536
0.878125 0.8875 12538
0.878125 0.8875 12540
0.878125 0.8875 12542
0.878125 0.8875 12544
0.878125 0.8875 12546
0.878125 0.8875 12548
0.878125 0.8875 12550
0.878125 0.8875 12552
0.878125 0.8875 12554
0.878125 0.8875 12556
0.878125 0.8875 12558
0.878125 0.8875 12560
0.878125 0.8875 12562
0.878125 0.8875 12564
0.878125 0.8875 12566
0.878125 0.88125 12568
0.878125 0.88125 12570
0.878125 0.88125 12572
0.878125 0.88125 12574
0.878125 0.88125 12576
0.878125 0.88125 12578
0.878125 0.88125 12580
0.878125 0.88125 12582
0.878125 0.88125 12584
0.878125 0.88125 12586
0.878125 0.88125 12588
0.878125 0.88125 12590
0.878125 0.88125 12592
0.878125 0.88125 12594
0.878125 0.88125 12596
0.878125 0.88125 12598
0.878125 0.88125 12600
0.878125 0.88125 12602
0.878125 0.88125 12604
0.878125 0.88125 12606
0.878125 0.88125 12608
0.878125 0.88125 12610
0.878125 0.88125 12612
0.878125 0.88125 12614
0.878125 0.88125 12616
0.878125 0.88125 12618
0.878125 0.88125 12620
0.878125 0.875 12622
0.878125 0.875 12624
0.875 0.875 12626
0.875 0.875 12628
0.875 0.875 12630
0.875 0.875 12632
0.875 0.875 12634
0.875 0.875 12636
0.875 0.875 12638
0.875 0.875 12640
0.875 0.875 12642
0.875 0.875 12644
0.871875 0.86875 12646
0.871875 0.86875 12648
0.871875 0.86875 12650
0.871875 0.8625 12652
0.871875 0.8625 12654
0.871875 0.8625 12656
0.871875 0.8625 12658
0.871875 0.8625 12660
0.871875 0.8625 12662
0.871875 0.8625 12664
0.871875 0.8625 12666
0.871875 0.8625 12668
0.871875 0.8625 12670
0.871875 0.85625 12672
0.871875 0.85625 12674
0.871875 0.85625 12676
0.871875 0.85625 12678
0.871875 0.85625 12680
0.871875 0.85625 12682
0.871875 0.85625 12684
0.871875 0.85625 12686
0.871875 0.85625 12688
0.871875 0.85625 12690
0.871875 0.85625 12692
0.871875 0.85625 12694
0.871875 0.85625 12696
0.871875 0.85625 12698
0.871875 0.85625 12700
0.871875 0.85625 12702
0.871875 0.85625 12704
0.871875 0.85625 12706
0.871875 0.8625 12708
0.871875 0.8625 12710
0.871875 0.8625 12712
0.871875 0.8625 12714
0.871875 0.8625 12716
0.871875 0.8625 12718
0.871875 0.8625 12720
0.871875 0.8625 12722
0.871875 0.8625 12724
0.871875 0.8625 12726
0.871875 0.8625 12728
0.871875 0.8625 12730
0.871875 0.8625 12732
0.871875 0.8625 12734
0.871875 0.8625 12736
0.871875 0.8625 12738
0.871875 0.8625 12740
0.871875 0.8625 12742
0.871875 0.8625 12744
0.871875 0.8625 12746
0.871875 0.8625 12748
0.871875 0.8625 12750
0.86875 0.8625 12752
0.86875 0.8625 12754
0.86875 0.8625 12756
0.86875 0.8625 12758
0.86875 0.8625 12760
0.86875 0.8625 12762
0.86875 0.8625 12764
0.86875 0.8625 12766
0.86875 0.8625 12768
0.86875 0.8625 12770
0.86875 0.8625 12772
0.86875 0.8625 12774
0.86875 0.8625 12776
0.86875 0.8625 12778
0.86875 0.8625 12780
0.86875 0.8625 12782
0.86875 0.8625 12784
0.86875 0.8625 12786
0.86875 0.8625 12788
0.86875 0.8625 12790
0.86875 0.8625 12792
0.86875 0.8625 12794
0.86875 0.8625 12796
0.86875 0.8625 12798
0.86875 0.8625 12800
0.86875 0.8625 12802
0.86875 0.8625 12804
0.86875 0.8625 12806
0.86875 0.8625 12808
0.86875 0.8625 12810
0.86875 0.8625 12812
0.86875 0.8625 12814
0.86875 0.8625 12816
0.86875 0.8625 12818
0.86875 0.8625 12820
0.86875 0.8625 12822
0.86875 0.8625 12824
0.86875 0.8625 12826
0.86875 0.85625 12828
0.86875 0.85625 12830
0.86875 0.85625 12832
0.86875 0.85625 12834
0.86875 0.85625 12836
0.86875 0.85625 12838
0.86875 0.85625 12840
0.86875 0.85625 12842
0.86875 0.85625 12844
0.86875 0.85625 12846
0.86875 0.85625 12848
0.86875 0.85625 12850
0.86875 0.85625 12852
0.86875 0.85625 12854
0.86875 0.85625 12856
0.86875 0.85625 12858
0.86875 0.85625 12860
0.86875 0.85625 12862
0.86875 0.85625 12864
0.86875 0.85625 12866
0.86875 0.85625 12868
0.86875 0.85625 12870
0.86875 0.85625 12872
0.86875 0.85625 12874
0.86875 0.85625 12876
0.86875 0.85625 12878
0.86875 0.85625 12880
0.86875 0.85625 12882
0.86875 0.85625 12884
0.86875 0.8625 12886
0.86875 0.8625 12888
0.86875 0.8625 12890
0.86875 0.8625 12892
0.86875 0.8625 12894
0.86875 0.8625 12896
0.86875 0.8625 12898
0.86875 0.8625 12900
0.86875 0.8625 12902
0.86875 0.8625 12904
0.86875 0.8625 12906
0.86875 0.8625 12908
0.86875 0.8625 12910
0.86875 0.8625 12912
0.86875 0.8625 12914
0.86875 0.8625 12916
0.86875 0.8625 12918
0.86875 0.8625 12920
0.86875 0.8625 12922
0.86875 0.8625 12924
0.86875 0.8625 12926
0.86875 0.8625 12928
0.86875 0.8625 12930
0.86875 0.8625 12932
0.86875 0.8625 12934
0.86875 0.8625 12936
0.86875 0.8625 12938
0.86875 0.8625 12940
0.86875 0.8625 12942
0.86875 0.8625 12944
0.86875 0.8625 12946
0.86875 0.8625 12948
0.86875 0.8625 12950
0.86875 0.8625 12952
0.86875 0.8625 12954
0.86875 0.86875 12956
0.86875 0.86875 12958
0.86875 0.86875 12960
0.86875 0.86875 12962
0.86875 0.86875 12964
0.86875 0.86875 12966
0.86875 0.86875 12968
0.86875 0.86875 12970
0.86875 0.86875 12972
0.86875 0.86875 12974
0.86875 0.86875 12976
0.86875 0.86875 12978
0.86875 0.86875 12980
0.86875 0.86875 12982
0.86875 0.86875 12984
0.86875 0.86875 12986
0.86875 0.86875 12988
0.86875 0.86875 12990
0.86875 0.86875 12992
0.86875 0.86875 12994
0.86875 0.86875 12996
0.86875 0.86875 12998
0.86875 0.86875 13000
0.86875 0.86875 13002
0.86875 0.86875 13004
0.86875 0.86875 13006
0.86875 0.86875 13008
0.86875 0.86875 13010
0.86875 0.86875 13012
0.86875 0.86875 13014
0.86875 0.86875 13016
0.86875 0.86875 13018
0.86875 0.86875 13020
0.86875 0.86875 13022
0.86875 0.86875 13024
0.86875 0.86875 13026
0.86875 0.86875 13028
0.86875 0.86875 13030
0.86875 0.86875 13032
0.86875 0.86875 13034
0.86875 0.86875 13036
0.86875 0.86875 13038
0.86875 0.86875 13040
0.86875 0.86875 13042
0.86875 0.86875 13044
0.86875 0.86875 13046
0.86875 0.86875 13048
0.86875 0.86875 13050
0.86875 0.86875 13052
0.86875 0.86875 13054
0.86875 0.86875 13056
0.86875 0.86875 13058
0.86875 0.86875 13060
0.86875 0.86875 13062
0.86875 0.86875 13064
0.86875 0.86875 13066
0.86875 0.8625 13068
0.86875 0.8625 13070
0.86875 0.8625 13072
0.86875 0.8625 13074
0.86875 0.8625 13076
0.86875 0.8625 13078
0.86875 0.8625 13080
0.86875 0.8625 13082
0.86875 0.8625 13084
0.86875 0.8625 13086
0.86875 0.8625 13088
0.86875 0.8625 13090
0.86875 0.8625 13092
0.86875 0.8625 13094
0.86875 0.8625 13096
0.86875 0.8625 13098
0.86875 0.8625 13100
0.86875 0.8625 13102
0.86875 0.8625 13104
0.86875 0.8625 13106
0.86875 0.8625 13108
0.86875 0.8625 13110
0.86875 0.8625 13112
0.86875 0.8625 13114
0.86875 0.8625 13116
0.86875 0.8625 13118
0.86875 0.8625 13120
0.86875 0.8625 13122
0.86875 0.8625 13124
0.86875 0.8625 13126
0.86875 0.8625 13128
0.86875 0.8625 13130
0.86875 0.8625 13132
0.86875 0.8625 13134
0.86875 0.8625 13136
0.86875 0.8625 13138
0.86875 0.8625 13140
0.86875 0.8625 13142
0.86875 0.8625 13144
0.86875 0.8625 13146
0.86875 0.8625 13148
0.86875 0.85625 13150
0.86875 0.85625 13152
0.86875 0.85625 13154
0.86875 0.853125 13156
0.86875 0.84375 13158
0.86875 0.85 13160
0.86875 0.85 13162
0.86875 0.85 13164
0.86875 0.85 13166
0.86875 0.85 13168
0.86875 0.85 13170
0.86875 0.85 13172
0.86875 0.85 13174
0.86875 0.85 13176
0.86875 0.85 13178
0.86875 0.85 13180
0.86875 0.85 13182
0.86875 0.85 13184
0.86875 0.85 13186
0.86875 0.85 13188
0.86875 0.85 13190
0.86875 0.85 13192
0.86875 0.85625 13194
0.86875 0.85625 13196
0.86875 0.85625 13198
0.86875 0.85625 13200
0.86875 0.85625 13202
0.86875 0.85625 13204
0.86875 0.85625 13206
0.86875 0.85625 13208
0.86875 0.85625 13210
0.86875 0.8625 13212
0.86875 0.8625 13214
0.86875 0.8625 13216
0.86875 0.8625 13218
0.86875 0.8625 13220
0.86875 0.8625 13222
0.86875 0.8625 13224
0.86875 0.8625 13226
0.86875 0.8625 13228
0.86875 0.8625 13230
0.865625 0.8625 13232
0.865625 0.86875 13234
0.865625 0.86875 13236
0.865625 0.86875 13238
0.865625 0.86875 13240
0.865625 0.86875 13242
0.865625 0.86875 13244
0.865625 0.86875 13246
0.865625 0.86875 13248
0.865625 0.86875 13250
0.865625 0.86875 13252
0.865625 0.86875 13254
0.865625 0.86875 13256
0.865625 0.86875 13258
0.865625 0.86875 13260
0.865625 0.86875 13262
0.865625 0.86875 13264
0.865625 0.86875 13266
0.865625 0.86875 13268
0.865625 0.86875 13270
0.865625 0.86875 13272
0.865625 0.86875 13274
0.865625 0.86875 13276
0.865625 0.86875 13278
0.865625 0.86875 13280
0.865625 0.86875 13282
0.865625 0.86875 13284
0.865625 0.86875 13286
0.865625 0.86875 13288
0.865625 0.86875 13290
0.865625 0.86875 13292
0.865625 0.86875 13294
0.865625 0.86875 13296
0.865625 0.86875 13298
0.865625 0.86875 13300
0.865625 0.86875 13302
0.865625 0.86875 13304
0.865625 0.86875 13306
0.865625 0.86875 13308
0.865625 0.86875 13310
0.865625 0.86875 13312
0.865625 0.86875 13314
0.865625 0.86875 13316
0.865625 0.86875 13318
0.865625 0.86875 13320
0.865625 0.86875 13322
0.865625 0.86875 13324
0.865625 0.86875 13326
0.865625 0.86875 13328
0.865625 0.86875 13330
0.865625 0.86875 13332
0.865625 0.86875 13334
0.865625 0.86875 13336
0.865625 0.86875 13338
0.865625 0.86875 13340
0.865625 0.86875 13342
0.865625 0.86875 13344
0.865625 0.86875 13346
0.865625 0.86875 13348
0.865625 0.86875 13350
0.865625 0.86875 13352
0.865625 0.86875 13354
0.865625 0.86875 13356
0.865625 0.86875 13358
0.865625 0.86875 13360
0.865625 0.86875 13362
0.865625 0.86875 13364
0.865625 0.86875 13366
0.865625 0.86875 13368
0.865625 0.875 13370
0.865625 0.875 13372
0.865625 0.875 13374
0.865625 0.875 13376
0.865625 0.875 13378
0.865625 0.875 13380
0.865625 0.875 13382
0.865625 0.875 13384
0.865625 0.875 13386
0.865625 0.875 13388
0.865625 0.875 13390
0.865625 0.875 13392
0.865625 0.875 13392
0.865625 0.875 13392
0.865625 0.875 13392
0.865625 0.875 13392
0.865625 0.875 13392
0.865625 0.875 13392
0.865625 0.875 13392
0.865625 0.875 13392
0.865625 0.875 13392
0.865625 0.875 13392
0.865625 0.875 13392
0.865625 0.875 13392
0.865625 0.875 13392
0.865625 0.875 13392
0.865625 0.875 13392
0.865625 0.875 13392
0.865625 0.875 13392
0.865625 0.875 13392
0.865625 0.875 13392
0.865625 0.875 13392
0.865625 0.875 13392
0.865625 0.875 13392
0.865625 0.875 13392
0.865625 0.875 13392
0.865625 0.875 13392
0.865625 0.875 13392
0.865625 0.875 13392
0.865625 0.875 13392
0.865625 0.875 13392
0.865625 0.875 13392
0.865625 0.875 13392
0.865625 0.875 13392
0.865625 0.875 13392
0.865625 0.875 13392
0.865625 0.875 13392
0.865625 0.875 13392
0.865625 0.875 13392
0.865625 0.875 13392
0.865625 0.875 13392
0.865625 0.875 13392
0.865625 0.875 13392
0.865625 0.875 13392
0.865625 0.875 13392
0.865625 0.875 13392
0.865625 0.875 13392
0.865625 0.875 13392
0.865625 0.875 13392
0.865625 0.875 13392
0.865625 0.875 13392
0.865625 0.875 13392
0.865625 0.875 13392
0.865625 0.875 13392
0.865625 0.875 13392
0.865625 0.875 13392
0.865625 0.875 13392
0.865625 0.875 13392
0.865625 0.875 13392
0.865625 0.875 13392
0.865625 0.875 13392
0.865625 0.875 13392
0.865625 0.875 13392
0.865625 0.875 13392
0.865625 0.875 13392
0.865625 0.875 13392
0.865625 0.875 13392
0.865625 0.875 13392
0.865625 0.875 13392
0.865625 0.875 13392
0.865625 0.875 13392
0.865625 0.875 13392
0.865625 0.875 13392
0.865625 0.875 13392
0.865625 0.875 13392
0.865625 0.875 13392
0.865625 0.875 13392
0.865625 0.875 13392
0.865625 0.875 13392
0.865625 0.875 13392
0.865625 0.875 13392
0.865625 0.875 13392
0.865625 0.875 13392
0.865625 0.875 13392
0.865625 0.875 13392
0.865625 0.875 13392
0.865625 0.875 13392
0.865625 0.875 13392
0.865625 0.875 13392
0.865625 0.875 13392
0.865625 0.875 13392
0.865625 0.875 13392
0.865625 0.875 13392
0.865625 0.875 13392
0.865625 0.875 13392
0.865625 0.875 13392
0.865625 0.875 13392
0.865625 0.875 13392
0.865625 0.875 13392
0.865625 0.875 13392
0.865625 0.875 13392
0.865625 0.875 13392
0.865625 0.875 13392
0.865625 0.875 13392
0.865625 0.875 13392
0.865625 0.875 13392
0.865625 0.875 13392
0.865625 0.875 13392
0.865625 0.875 13392
0.865625 0.875 13392
0.865625 0.875 13392
0.865625 0.875 13392
0.865625 0.875 13392
0.865625 0.875 13392
0.865625 0.875 13392
0.865625 0.875 13392
0.865625 0.875 13392
0.865625 0.875 13392
0.865625 0.875 13392
0.865625 0.875 13392
0.865625 0.875 13392
0.865625 0.875 13392
0.865625 0.875 13392
0.865625 0.875 13392
0.865625 0.875 13392
0.865625 0.875 13392
0.865625 0.875 13392
0.865625 0.875 13392
0.865625 0.875 13392
0.865625 0.875 13392
0.865625 0.875 13392
0.865625 0.875 13392
0.865625 0.875 13392
0.865625 0.875 13392
0.865625 0.875 13392
0.865625 0.875 13392
0.865625 0.875 13392
0.865625 0.875 13392
0.865625 0.875 13392
0.865625 0.875 13392
0.865625 0.875 13392
0.865625 0.875 13392
0.865625 0.875 13392
0.865625 0.875 13392
0.865625 0.875 13392
0.865625 0.875 13392
0.865625 0.875 13392
0.865625 0.875 13392
0.865625 0.875 13392
0.865625 0.875 13392
0.865625 0.875 13392
0.865625 0.875 13392
0.865625 0.875 13392
0.865625 0.875 13392
0.865625 0.875 13392
0.865625 0.875 13392
0.865625 0.88125 13392
0.865625 0.88125 13392
0.865625 0.88125 13392
0.865625 0.88125 13392
0.865625 0.88125 13392
0.865625 0.88125 13392
0.865625 0.88125 13392
0.865625 0.88125 13392
0.865625 0.88125 13392
0.865625 0.88125 13392
0.865625 0.88125 13392
0.865625 0.88125 13392
0.865625 0.88125 13392
0.865625 0.88125 13392
0.865625 0.88125 13392
0.865625 0.88125 13392
0.865625 0.88125 13392
0.865625 0.88125 13392
0.865625 0.88125 13392
0.865625 0.88125 13392
0.865625 0.88125 13392
0.865625 0.88125 13392
0.865625 0.88125 13392
0.865625 0.88125 13392
0.865625 0.88125 13392
0.865625 0.88125 13392
0.865625 0.88125 13392
0.865625 0.88125 13392
0.865625 0.88125 13392
0.865625 0.88125 13392
0.865625 0.88125 13392
0.865625 0.88125 13392
0.865625 0.88125 13392
0.865625 0.88125 13392
0.865625 0.88125 13392
0.865625 0.88125 13392
0.865625 0.88125 13392
0.865625 0.88125 13392
0.865625 0.88125 13392
0.865625 0.88125 13392
0.865625 0.88125 13392
0.865625 0.88125 13392
0.865625 0.88125 13392
0.865625 0.88125 13392
0.865625 0.88125 13392
0.865625 0.88125 13392
0.865625 0.88125 13392
0.865625 0.88125 13392
0.865625 0.88125 13392
0.865625 0.88125 13392
0.865625 0.88125 13392
0.865625 0.88125 13392
0.865625 0.88125 13392
0.865625 0.88125 13392
0.865625 0.88125 13392
0.865625 0.88125 13392
0.865625 0.88125 13392
0.865625 0.88125 13392
0.865625 0.88125 13392
0.865625 0.88125 13392
0.865625 0.88125 13392
0.865625 0.88125 13392
0.865625 0.88125 13392
0.865625 0.88125 13392
0.865625 0.88125 13392
0.865625 0.88125 13392
0.865625 0.88125 13392
0.865625 0.88125 13392
0.865625 0.88125 13392
0.865625 0.88125 13392
0.865625 0.88125 13392
0.865625 0.88125 13392
0.865625 0.88125 13392
0.865625 0.88125 13392
0.865625 0.88125 13392
0.865625 0.88125 13392
0.865625 0.88125 13392
0.865625 0.88125 13392
0.865625 0.88125 13392
0.865625 0.88125 13392
0.865625 0.88125 13392
0.865625 0.88125 13392
0.865625 0.88125 13392
0.865625 0.88125 13392
0.865625 0.88125 13392
0.865625 0.88125 13392
0.865625 0.88125 13392
0.865625 0.88125 13392
0.865625 0.88125 13392
0.865625 0.88125 13392
0.865625 0.88125 13392
0.865625 0.88125 13392
0.865625 0.88125 13392
0.865625 0.88125 13392
0.865625 0.88125 13392
0.865625 0.88125 13392
0.865625 0.88125 13392
0.865625 0.88125 13392
0.865625 0.88125 13392
0.865625 0.88125 13392
0.865625 0.88125 13392
0.865625 0.88125 13392
0.865625 0.88125 13392
0.865625 0.88125 13392
0.865625 0.88125 13392
0.865625 0.88125 13392
0.865625 0.88125 13392
0.865625 0.88125 13392
0.865625 0.88125 13392
0.865625 0.88125 13392
0.865625 0.88125 13392
0.865625 0.88125 13392
0.865625 0.88125 13392
0.865625 0.88125 13392
0.865625 0.88125 13392
0.865625 0.88125 13392
0.865625 0.88125 13392
0.865625 0.88125 13392
0.865625 0.88125 13392
0.865625 0.875 13392
0.865625 0.875 13392
0.865625 0.875 13392
0.865625 0.875 13392
0.865625 0.875 13392
0.865625 0.875 13392
0.865625 0.875 13392
0.865625 0.875 13392
0.865625 0.875 13392
0.865625 0.875 13392
0.865625 0.875 13392
0.865625 0.875 13392
0.865625 0.875 13392
0.865625 0.875 13392
0.865625 0.875 13392
0.865625 0.875 13392
0.865625 0.875 13392
0.865625 0.875 13392
0.865625 0.875 13392
0.865625 0.875 13392
0.865625 0.875 13392
0.865625 0.875 13392
0.865625 0.875 13392
0.865625 0.875 13392
0.865625 0.875 13392
0.865625 0.875 13392
0.865625 0.875 13392
0.865625 0.875 13392
0.865625 0.875 13392
0.865625 0.875 13392
0.865625 0.875 13392
0.865625 0.875 13392
0.865625 0.875 13392
0.865625 0.875 13392
0.865625 0.875 13392
0.865625 0.875 13392
0.865625 0.875 13392
0.865625 0.875 13392
0.865625 0.875 13392
0.865625 0.875 13392
0.865625 0.875 13392
0.865625 0.875 13392
0.865625 0.875 13392
0.865625 0.875 13392
0.865625 0.875 13392
0.865625 0.875 13392
0.865625 0.875 13392
0.865625 0.871875 13392
0.865625 0.86875 13392
0.865625 0.86875 13392
0.865625 0.86875 13392
0.865625 0.86875 13392
0.865625 0.86875 13392
0.865625 0.86875 13392
0.865625 0.86875 13392
0.865625 0.86875 13392
0.865625 0.86875 13392
0.865625 0.86875 13392
0.865625 0.86875 13392
0.865625 0.86875 13392
0.865625 0.86875 13392
0.865625 0.86875 13392
0.865625 0.86875 13392
0.865625 0.86875 13392
0.865625 0.86875 13392
0.865625 0.86875 13392
0.865625 0.86875 13392
0.865625 0.86875 13392
0.865625 0.86875 13392
0.865625 0.86875 13392
0.865625 0.86875 13392
0.865625 0.86875 13392
0.865625 0.86875 13392
0.865625 0.86875 13392
0.865625 0.86875 13392
0.865625 0.86875 13392
0.865625 0.86875 13392
0.865625 0.86875 13392
0.865625 0.86875 13392
0.865625 0.86875 13392
0.865625 0.86875 13392
0.865625 0.86875 13392
0.865625 0.86875 13392
0.865625 0.86875 13392
0.865625 0.86875 13392
0.865625 0.86875 13392
0.865625 0.86875 13392
0.865625 0.86875 13392
0.865625 0.86875 13392
0.865625 0.86875 13392
0.865625 0.86875 13392
0.865625 0.86875 13392
0.865625 0.86875 13392
0.865625 0.86875 13392
0.865625 0.86875 13392
0.865625 0.86875 13392
0.865625 0.86875 13392
0.865625 0.86875 13392
0.865625 0.86875 13392
0.865625 0.86875 13392
0.865625 0.86875 13392
0.865625 0.86875 13392
0.865625 0.86875 13392
0.865625 0.86875 13392
0.865625 0.86875 13392
0.865625 0.86875 13392
0.865625 0.86875 13392
0.865625 0.86875 13392
0.865625 0.86875 13392
0.865625 0.86875 13392
0.865625 0.86875 13392
0.865625 0.86875 13392
0.865625 0.86875 13392
0.865625 0.86875 13392
0.865625 0.86875 13392
0.865625 0.86875 13392
0.865625 0.86875 13392
0.865625 0.86875 13392
0.865625 0.86875 13392
0.865625 0.86875 13392
0.865625 0.86875 13392
0.865625 0.86875 13392
0.865625 0.86875 13392
0.865625 0.86875 13392
0.865625 0.86875 13392
0.865625 0.86875 13392
0.865625 0.86875 13392
0.865625 0.86875 13392
0.865625 0.86875 13392
0.865625 0.86875 13392
0.865625 0.86875 13392
0.865625 0.86875 13392
0.865625 0.86875 13392
0.865625 0.86875 13392
0.865625 0.86875 13392
0.865625 0.86875 13392
0.865625 0.86875 13392
0.865625 0.86875 13392
0.865625 0.86875 13392
0.865625 0.86875 13392
0.865625 0.86875 13392
0.865625 0.86875 13392
0.865625 0.86875 13392
0.865625 0.86875 13392
0.865625 0.86875 13392
0.865625 0.86875 13392
0.865625 0.86875 13392
0.865625 0.86875 13392
0.865625 0.86875 13392
0.865625 0.86875 13392
0.865625 0.86875 13392
0.865625 0.86875 13392
0.865625 0.86875 13392
0.865625 0.86875 13392
0.865625 0.86875 13392
0.865625 0.86875 13392
0.865625 0.86875 13392
0.865625 0.86875 13392
0.865625 0.86875 13392
0.865625 0.86875 13392
0.865625 0.86875 13392
0.865625 0.86875 13392
0.865625 0.86875 13392
0.865625 0.86875 13392
0.865625 0.86875 13392
0.865625 0.86875 13392
0.865625 0.86875 13392
0.865625 0.86875 13392
0.865625 0.86875 13392
0.865625 0.86875 13392
0.865625 0.86875 13392
0.865625 0.86875 13392
0.865625 0.86875 13392
0.865625 0.86875 13392
0.865625 0.86875 13392
0.865625 0.86875 13392
0.865625 0.86875 13392
0.865625 0.86875 13392
0.865625 0.86875 13392
0.865625 0.86875 13392
0.865625 0.86875 13392
0.865625 0.86875 13392
0.865625 0.86875 13392
0.865625 0.86875 13392
0.865625 0.86875 13392
0.865625 0.86875 13392
0.865625 0.86875 13392
0.865625 0.86875 13392
0.865625 0.86875 13392
0.865625 0.86875 13392
0.865625 0.86875 13392
0.865625 0.875 13392
0.865625 0.875 13392
0.865625 0.875 13392
0.865625 0.875 13392
0.865625 0.875 13392
0.865625 0.875 13392
0.865625 0.875 13392
0.865625 0.875 13392
0.865625 0.875 13392
0.865625 0.875 13392
0.865625 0.875 13392
0.865625 0.875 13392
0.865625 0.875 13392
0.865625 0.875 13392
0.865625 0.875 13392
0.865625 0.875 13392
0.865625 0.875 13392
0.865625 0.875 13392
0.865625 0.875 13392
0.865625 0.875 13392
0.865625 0.875 13392
0.865625 0.86875 13392
0.865625 0.86875 13392
0.865625 0.86875 13392
0.865625 0.86875 13392
0.865625 0.86875 13392
0.865625 0.86875 13392
0.865625 0.86875 13392
0.865625 0.86875 13392
0.865625 0.86875 13392
0.865625 0.86875 13392
0.865625 0.86875 13392
0.865625 0.86875 13392
0.865625 0.86875 13392
0.865625 0.86875 13392
0.865625 0.86875 13392
0.865625 0.86875 13392
0.865625 0.86875 13392
0.865625 0.86875 13392
0.865625 0.86875 13392
0.865625 0.86875 13392
0.865625 0.86875 13392
0.865625 0.86875 13392
0.865625 0.86875 13392
0.865625 0.86875 13392
0.865625 0.86875 13392
0.865625 0.86875 13392
0.865625 0.86875 13392
0.865625 0.86875 13392
0.865625 0.86875 13392
0.865625 0.86875 13392
0.865625 0.86875 13392
0.865625 0.86875 13392
0.865625 0.86875 13392
0.865625 0.86875 13392
0.865625 0.86875 13392
0.865625 0.86875 13392
0.865625 0.86875 13392
0.865625 0.86875 13392
0.865625 0.86875 13392
0.865625 0.86875 13392
0.865625 0.86875 13392
0.865625 0.86875 13392
0.865625 0.86875 13392
0.865625 0.86875 13392
0.865625 0.86875 13392
0.865625 0.86875 13392
0.865625 0.86875 13392
0.865625 0.86875 13392
0.865625 0.86875 13392
0.865625 0.86875 13392
0.865625 0.86875 13392
0.865625 0.86875 13392
0.865625 0.86875 13392
0.865625 0.86875 13392
0.865625 0.86875 13392
0.865625 0.86875 13392
0.865625 0.86875 13392
0.865625 0.86875 13392
0.865625 0.86875 13392
0.865625 0.86875 13392
0.865625 0.86875 13392
0.865625 0.86875 13392
0.865625 0.86875 13392
0.865625 0.86875 13392
0.865625 0.86875 13392
0.865625 0.86875 13392
0.865625 0.86875 13392
0.865625 0.86875 13392
0.865625 0.86875 13392
0.865625 0.86875 13392
0.865625 0.86875 13392
0.865625 0.86875 13392
0.865625 0.86875 13392
0.865625 0.86875 13392
0.865625 0.86875 13392
0.865625 0.86875 13392
0.865625 0.86875 13392
0.865625 0.86875 13392
0.865625 0.86875 13392
0.865625 0.86875 13392
0.865625 0.86875 13392
0.865625 0.86875 13392
0.865625 0.86875 13392
0.865625 0.86875 13392
0.865625 0.86875 13392
0.865625 0.86875 13392
0.865625 0.86875 13392
0.865625 0.86875 13392
0.865625 0.86875 13392
0.865625 0.86875 13392
0.865625 0.86875 13392
0.865625 0.86875 13392
0.865625 0.86875 13392
0.865625 0.86875 13392
0.865625 0.86875 13392
0.865625 0.86875 13392
0.865625 0.86875 13392
0.865625 0.86875 13392
0.865625 0.86875 13392
0.865625 0.86875 13392
0.865625 0.86875 13392
0.865625 0.86875 13392
0.865625 0.86875 13392
0.865625 0.86875 13392
0.865625 0.86875 13392
0.865625 0.86875 13392
0.865625 0.86875 13392
0.865625 0.86875 13392
0.865625 0.86875 13392
0.865625 0.86875 13392
0.865625 0.86875 13392
0.865625 0.86875 13392
0.865625 0.86875 13392
0.865625 0.86875 13392
0.865625 0.86875 13392
0.865625 0.86875 13392
0.865625 0.86875 13392
0.865625 0.86875 13392
0.865625 0.86875 13392
0.865625 0.86875 13392
0.865625 0.86875 13392
0.865625 0.86875 13392
0.865625 0.86875 13392
0.865625 0.86875 13392
0.865625 0.86875 13392
0.865625 0.86875 13392
0.865625 0.86875 13392
0.865625 0.86875 13392
0.865625 0.86875 13392
0.865625 0.86875 13392
0.865625 0.86875 13392
0.865625 0.86875 13392
0.865625 0.86875 13392
0.865625 0.86875 13392
0.865625 0.86875 13392
0.865625 0.86875 13392
0.865625 0.86875 13392
0.865625 0.86875 13392
0.865625 0.86875 13392
0.865625 0.86875 13392
0.865625 0.86875 13392
0.865625 0.86875 13392
0.865625 0.86875 13392
0.865625 0.86875 13392
0.865625 0.86875 13392
0.865625 0.86875 13392
0.865625 0.86875 13392
0.865625 0.86875 13392
0.865625 0.86875 13392
0.865625 0.86875 13392
0.865625 0.86875 13392
0.865625 0.86875 13392
0.865625 0.86875 13392
0.865625 0.86875 13392
0.865625 0.86875 13392
0.865625 0.86875 13392
0.865625 0.86875 13392
0.865625 0.86875 13392
0.865625 0.86875 13392
0.865625 0.86875 13392
0.865625 0.86875 13392
0.865625 0.86875 13392
0.865625 0.86875 13392
0.865625 0.86875 13392
0.865625 0.86875 13392
0.865625 0.86875 13392
0.865625 0.86875 13392
0.865625 0.86875 13392
0.865625 0.86875 13392
0.865625 0.86875 13392
0.865625 0.86875 13392
0.865625 0.86875 13392
0.865625 0.86875 13392
0.865625 0.86875 13392
0.865625 0.86875 13392
0.865625 0.86875 13392
0.865625 0.86875 13392
0.865625 0.86875 13392
0.865625 0.86875 13392
0.865625 0.86875 13392
0.865625 0.86875 13392
0.865625 0.86875 13392
0.865625 0.86875 13392
0.865625 0.86875 13392
0.865625 0.86875 13392
0.865625 0.8625 13392
0.865625 0.8625 13392
0.865625 0.8625 13392
0.865625 0.8625 13392
0.865625 0.85625 13392
0.865625 0.85625 13392
0.865625 0.85625 13392
0.865625 0.85625 13392
0.865625 0.85625 13392
0.865625 0.85625 13392
0.865625 0.85625 13392
0.865625 0.85625 13392
0.865625 0.85625 13392
0.865625 0.85625 13392
0.865625 0.85625 13392
0.865625 0.85625 13392
0.865625 0.85625 13392
0.865625 0.85625 13392
0.865625 0.85625 13392
0.865625 0.85625 13392
0.865625 0.85625 13392
0.865625 0.85625 13392
0.865625 0.85625 13392
0.865625 0.85625 13392
0.865625 0.85625 13392
0.865625 0.85625 13392
0.865625 0.85625 13392
0.865625 0.85625 13392
0.865625 0.85625 13392
0.865625 0.853125 13392
0.865625 0.85 13392
0.865625 0.85 13392
0.865625 0.85 13392
0.865625 0.85 13392
0.865625 0.85 13392
0.865625 0.85 13392
0.865625 0.85 13392
0.865625 0.85 13392
0.865625 0.85 13392
0.865625 0.85 13392
0.865625 0.85 13392
0.865625 0.85 13392
0.865625 0.85 13392
0.865625 0.85 13392
0.865625 0.85 13392
0.865625 0.85 13392
0.865625 0.85 13392
0.865625 0.84375 13392
0.865625 0.84375 13392
0.865625 0.84375 13392
0.865625 0.84375 13392
0.865625 0.84375 13392
0.865625 0.84375 13392
0.865625 0.84375 13392
0.865625 0.84375 13392
0.865625 0.84375 13392
0.865625 0.84375 13392
0.865625 0.84375 13392
0.865625 0.84375 13392
0.865625 0.84375 13392
0.865625 0.8375 13392
0.865625 0.8375 13392
0.865625 0.8375 13392
0.865625 0.8375 13392
0.865625 0.8375 13392
0.865625 0.8375 13392
0.865625 0.8375 13392
0.865625 0.8375 13392
0.865625 0.8375 13392
0.865625 0.8375 13392
0.865625 0.8375 13392
0.865625 0.8375 13392
0.865625 0.8375 13392
0.865625 0.8375 13392
0.865625 0.8375 13392
0.865625 0.8375 13392
0.865625 0.8375 13392
0.865625 0.8375 13392
0.865625 0.8375 13392
0.865625 0.8375 13392
0.865625 0.8375 13392
0.865625 0.8375 13392
0.865625 0.8375 13392
0.865625 0.83125 13392
0.865625 0.83125 13392
0.865625 0.83125 13392
0.865625 0.83125 13392
0.865625 0.83125 13392
0.865625 0.83125 13392
0.865625 0.83125 13392
0.865625 0.83125 13392
0.865625 0.83125 13392
0.865625 0.83125 13392
0.865625 0.83125 13392
0.865625 0.83125 13392
0.865625 0.83125 13392
0.865625 0.83125 13392
0.865625 0.83125 13392
0.865625 0.83125 13392
0.865625 0.83125 13392
0.865625 0.83125 13392
0.865625 0.83125 13392
0.865625 0.83125 13392
0.865625 0.83125 13392
0.865625 0.83125 13392
0.865625 0.83125 13392
0.865625 0.83125 13392
0.865625 0.83125 13392
0.865625 0.83125 13392
0.865625 0.83125 13392
0.865625 0.83125 13392
0.865625 0.83125 13392
0.865625 0.83125 13392
0.865625 0.83125 13392
0.865625 0.83125 13392
0.865625 0.83125 13392
0.865625 0.83125 13392
0.865625 0.83125 13392
0.865625 0.83125 13392
0.865625 0.83125 13392
0.865625 0.83125 13392
0.865625 0.83125 13392
0.865625 0.83125 13392
0.865625 0.83125 13392
0.865625 0.83125 13392
0.865625 0.83125 13392
0.865625 0.83125 13392
0.865625 0.83125 13392
0.865625 0.83125 13392
0.865625 0.83125 13392
0.865625 0.83125 13392
0.865625 0.83125 13392
0.865625 0.83125 13392
0.865625 0.83125 13392
0.865625 0.83125 13392
0.865625 0.83125 13392
0.865625 0.83125 13392
0.865625 0.83125 13392
0.865625 0.83125 13392
0.865625 0.83125 13392
0.865625 0.83125 13392
0.865625 0.83125 13392
0.865625 0.83125 13392
0.865625 0.83125 13392
0.865625 0.83125 13392
0.865625 0.83125 13392
0.865625 0.83125 13392
0.865625 0.83125 13392
0.865625 0.83125 13392
0.865625 0.83125 13392
0.865625 0.83125 13392
0.865625 0.825 13392
0.865625 0.825 13392
0.865625 0.825 13392
0.865625 0.825 13392
0.865625 0.825 13392
0.865625 0.825 13392
0.865625 0.825 13392
0.865625 0.825 13392
0.865625 0.825 13392
0.865625 0.825 13392
0.865625 0.825 13392
0.865625 0.825 13392
0.865625 0.825 13392
0.865625 0.825 13392
0.865625 0.825 13392
0.865625 0.825 13392
0.865625 0.825 13392
0.865625 0.825 13392
0.865625 0.825 13392
0.865625 0.825 13392
0.865625 0.825 13392
0.865625 0.825 13392
0.865625 0.825 13392
0.865625 0.825 13392
0.865625 0.825 13392
0.865625 0.825 13392
0.865625 0.825 13392
0.865625 0.825 13392
0.865625 0.81875 13392
0.865625 0.81875 13392
0.865625 0.81875 13392
0.865625 0.81875 13392
0.865625 0.81875 13392
0.865625 0.81875 13392
0.865625 0.81875 13392
0.865625 0.81875 13392
0.865625 0.81875 13392
0.865625 0.81875 13392
0.865625 0.81875 13392
0.865625 0.81875 13392
0.865625 0.81875 13392
0.865625 0.81875 13392
0.865625 0.81875 13392
0.865625 0.81875 13392
0.865625 0.81875 13392
0.865625 0.81875 13392
0.865625 0.81875 13392
0.865625 0.81875 13392
0.865625 0.81875 13392
0.865625 0.81875 13392
0.865625 0.81875 13392
0.865625 0.81875 13392
0.865625 0.81875 13392
0.865625 0.81875 13392
0.865625 0.81875 13392
0.865625 0.81875 13392
0.865625 0.81875 13392
0.865625 0.81875 13392
0.865625 0.81875 13392
0.865625 0.81875 13392
0.865625 0.81875 13392
0.865625 0.81875 13392
0.865625 0.81875 13392
0.865625 0.81875 13392
0.865625 0.81875 13392
0.865625 0.81875 13392
0.865625 0.81875 13392
0.865625 0.81875 13392
0.865625 0.81875 13392
0.865625 0.81875 13392
0.865625 0.81875 13392
0.865625 0.81875 13392
0.865625 0.81875 13392
0.865625 0.81875 13392
0.865625 0.81875 13392
0.865625 0.81875 13392
0.865625 0.81875 13392
0.865625 0.81875 13392
0.865625 0.81875 13392
0.865625 0.81875 13392
0.865625 0.81875 13392
0.865625 0.81875 13392
0.865625 0.81875 13392
0.865625 0.81875 13392
0.865625 0.81875 13392
0.865625 0.81875 13392
0.865625 0.81875 13392
0.865625 0.81875 13392
0.865625 0.81875 13392
0.865625 0.81875 13392
0.865625 0.81875 13392
0.865625 0.81875 13392
0.865625 0.81875 13392
0.865625 0.81875 13392
0.865625 0.81875 13392
0.865625 0.81875 13392
0.865625 0.81875 13392
0.865625 0.81875 13392
0.865625 0.81875 13392
0.865625 0.81875 13392
0.865625 0.81875 13392
0.865625 0.81875 13392
0.865625 0.81875 13392
0.865625 0.81875 13392
0.865625 0.81875 13392
0.865625 0.81875 13392
0.865625 0.81875 13392
0.865625 0.81875 13392
0.865625 0.81875 13392
0.865625 0.81875 13392
0.865625 0.8125 13392
0.865625 0.8125 13392
0.865625 0.8125 13392
0.865625 0.8125 13392
0.865625 0.8125 13392
0.865625 0.8125 13392
0.865625 0.8125 13392
0.865625 0.8125 13392
0.865625 0.8125 13392
0.865625 0.8125 13392
0.865625 0.8125 13392
0.865625 0.8125 13392
0.865625 0.8125 13392
0.865625 0.8125 13392
0.865625 0.8125 13392
0.865625 0.8125 13392
0.865625 0.8125 13392
0.865625 0.8125 13392
0.865625 0.8125 13392
0.865625 0.8125 13392
0.865625 0.8125 13392
0.865625 0.8125 13392
0.865625 0.8125 13392
0.865625 0.8125 13392
0.865625 0.8125 13392
0.865625 0.8125 13392
0.865625 0.8125 13392
0.865625 0.8125 13392
0.865625 0.8125 13392
0.865625 0.8125 13392
0.865625 0.8125 13392
0.865625 0.8125 13392
0.865625 0.80625 13392
0.865625 0.80625 13392
0.865625 0.80625 13392
0.865625 0.80625 13392
0.865625 0.80625 13392
0.865625 0.80625 13392
0.865625 0.80625 13392
0.865625 0.80625 13392
0.865625 0.80625 13392
0.865625 0.80625 13392
0.865625 0.80625 13392
0.865625 0.80625 13392
0.865625 0.80625 13392
0.865625 0.80625 13392
0.865625 0.80625 13392
0.865625 0.8 13392
0.865625 0.8 13392
0.865625 0.8 13392
0.865625 0.8 13392
0.865625 0.8 13392
0.865625 0.8 13392
0.865625 0.8 13392
0.865625 0.8 13392
0.865625 0.8 13392
0.865625 0.8 13392
0.865625 0.8 13392
0.865625 0.8 13392
0.865625 0.8 13392
0.865625 0.8 13392
0.865625 0.8 13392
0.865625 0.8 13392
0.865625 0.8 13392
0.865625 0.8 13392
0.865625 0.8 13392
0.865625 0.8 13392
0.865625 0.8 13392
0.865625 0.8 13392
0.865625 0.8 13392
0.865625 0.8 13392
0.865625 0.8 13392
0.865625 0.8 13392
0.865625 0.8 13392
0.865625 0.8 13392
0.865625 0.8 13392
0.865625 0.8 13392
0.865625 0.8 13392
0.865625 0.8 13392
0.865625 0.8 13392
0.865625 0.8 13392
0.865625 0.8 13392
0.865625 0.79375 13392
0.865625 0.79375 13392
0.865625 0.79375 13392
0.865625 0.79375 13392
0.865625 0.79375 13392
0.865625 0.79375 13392
0.865625 0.79375 13392
0.865625 0.79375 13392
0.865625 0.79375 13392
0.865625 0.79375 13392
0.865625 0.79375 13392
0.865625 0.79375 13392
0.865625 0.79375 13392
0.865625 0.79375 13392
0.865625 0.79375 13392
0.865625 0.79375 13392
0.865625 0.79375 13392
0.865625 0.79375 13392
0.865625 0.79375 13392
0.865625 0.79375 13392
0.865625 0.79375 13392
0.865625 0.79375 13392
0.865625 0.79375 13392
0.865625 0.79375 13392
0.865625 0.79375 13392
0.865625 0.79375 13392
0.865625 0.79375 13392
0.865625 0.79375 13392
0.865625 0.79375 13392
0.865625 0.79375 13392
0.865625 0.79375 13392
0.865625 0.79375 13392
0.865625 0.79375 13392
0.865625 0.79375 13392
0.865625 0.79375 13392
0.865625 0.79375 13392
0.865625 0.79375 13392
0.865625 0.79375 13392
0.865625 0.79375 13392
0.865625 0.79375 13392
0.865625 0.79375 13392
0.865625 0.79375 13392
0.865625 0.79375 13392
0.865625 0.79375 13392
0.865625 0.79375 13392
0.865625 0.79375 13392
0.865625 0.79375 13392
0.865625 0.79375 13392
0.865625 0.79375 13392
0.865625 0.79375 13392
0.865625 0.79375 13392
0.865625 0.79375 13392
0.865625 0.79375 13392
0.865625 0.79375 13392
0.865625 0.79375 13392
0.865625 0.79375 13392
0.865625 0.79375 13392
0.865625 0.79375 13392
0.865625 0.79375 13392
0.865625 0.79375 13392
0.865625 0.79375 13392
0.865625 0.79375 13392
0.865625 0.79375 13392
0.865625 0.79375 13392
0.865625 0.790625 13392
0.865625 0.7875 13392
0.865625 0.7875 13392
0.865625 0.7875 13392
0.865625 0.7875 13392
0.865625 0.7875 13392
0.865625 0.7875 13392
0.865625 0.7875 13392
0.865625 0.7875 13392
0.865625 0.7875 13392
0.865625 0.7875 13392
0.865625 0.7875 13392
0.865625 0.7875 13392
0.865625 0.7875 13392
0.865625 0.7875 13392
0.865625 0.7875 13392
0.865625 0.7875 13392
0.865625 0.7875 13392
0.865625 0.7875 13392
0.865625 0.7875 13392
0.865625 0.7875 13392
0.865625 0.7875 13392
0.865625 0.7875 13392
0.865625 0.7875 13392
0.865625 0.7875 13392
0.865625 0.7875 13392
0.865625 0.7875 13392
0.865625 0.7875 13392
0.865625 0.7875 13392
0.865625 0.7875 13392
0.865625 0.7875 13392
0.865625 0.7875 13392
0.865625 0.7875 13392
0.865625 0.7875 13392
0.865625 0.7875 13392
0.865625 0.7875 13392
0.865625 0.7875 13392
0.865625 0.7875 13392
0.865625 0.7875 13392
0.865625 0.7875 13392
0.865625 0.7875 13392
0.865625 0.78125 13392
0.865625 0.78125 13392
0.865625 0.78125 13392
0.865625 0.78125 13392
0.865625 0.78125 13392
0.865625 0.78125 13392
0.865625 0.78125 13392
0.865625 0.78125 13392
0.865625 0.78125 13392
0.865625 0.78125 13392
0.865625 0.78125 13392
0.865625 0.78125 13392
0.865625 0.78125 13392
0.865625 0.78125 13392
0.865625 0.78125 13392
0.865625 0.78125 13392
0.865625 0.78125 13392
0.865625 0.78125 13392
0.865625 0.78125 13392
0.865625 0.78125 13392
0.865625 0.78125 13392
0.865625 0.78125 13392
0.865625 0.78125 13392
0.865625 0.78125 13392
0.865625 0.78125 13392
0.865625 0.78125 13392
0.865625 0.78125 13392
0.865625 0.78125 13392
0.865625 0.78125 13392
0.865625 0.78125 13392
0.865625 0.78125 13392
0.865625 0.78125 13392
0.865625 0.78125 13392
0.865625 0.78125 13392
0.865625 0.78125 13392
0.865625 0.78125 13392
0.865625 0.78125 13392
0.865625 0.78125 13392
0.865625 0.78125 13392
0.865625 0.78125 13392
0.865625 0.78125 13392
0.865625 0.78125 13392
0.865625 0.78125 13392
0.865625 0.78125 13392
0.865625 0.78125 13392
0.865625 0.78125 13392
0.865625 0.78125 13392
0.865625 0.78125 13392
0.865625 0.78125 13392
0.865625 0.78125 13392
0.865625 0.78125 13392
0.865625 0.78125 13392
0.865625 0.78125 13392
0.865625 0.78125 13392
0.865625 0.78125 13392
0.865625 0.78125 13392
0.865625 0.78125 13392
0.865625 0.78125 13392
0.865625 0.78125 13392
0.865625 0.78125 13392
0.865625 0.78125 13392
0.865625 0.78125 13392
0.865625 0.78125 13392
0.865625 0.78125 13392
0.865625 0.78125 13392
0.865625 0.78125 13392
0.865625 0.78125 13392
0.865625 0.78125 13392
0.865625 0.78125 13392
0.865625 0.78125 13392
0.865625 0.78125 13392
0.865625 0.78125 13392
0.865625 0.78125 13392
0.865625 0.78125 13392
0.865625 0.78125 13392
0.865625 0.78125 13392
0.865625 0.78125 13392
0.865625 0.78125 13392
0.865625 0.78125 13392
0.865625 0.78125 13392
0.865625 0.78125 13392
0.865625 0.78125 13392
0.865625 0.78125 13392
0.865625 0.78125 13392
0.865625 0.78125 13392
0.865625 0.78125 13392
0.865625 0.78125 13392
0.865625 0.78125 13392
0.865625 0.78125 13392
0.865625 0.78125 13392
0.865625 0.78125 13392
0.865625 0.78125 13392
0.865625 0.78125 13392
0.865625 0.78125 13392
0.865625 0.78125 13392
0.865625 0.78125 13392
0.865625 0.78125 13392
0.865625 0.78125 13392
0.865625 0.78125 13392
0.865625 0.78125 13392
0.865625 0.78125 13392
0.865625 0.78125 13392
0.865625 0.78125 13392
0.865625 0.78125 13392
0.865625 0.78125 13392
0.865625 0.78125 13392
0.865625 0.78125 13392
0.865625 0.78125 13392
0.865625 0.78125 13392
0.865625 0.78125 13392
0.865625 0.78125 13392
0.865625 0.78125 13392
0.865625 0.78125 13392
0.865625 0.78125 13392
0.865625 0.78125 13392
0.865625 0.78125 13392
0.865625 0.78125 13392
0.865625 0.78125 13392
0.865625 0.78125 13392
0.865625 0.78125 13392
0.865625 0.78125 13392
0.865625 0.78125 13392
0.865625 0.78125 13392
0.865625 0.78125 13392
0.865625 0.78125 13392
0.865625 0.78125 13392
0.865625 0.78125 13392
0.865625 0.78125 13392
0.865625 0.78125 13392
0.865625 0.78125 13392
0.865625 0.78125 13392
0.865625 0.78125 13392
0.865625 0.78125 13392
0.865625 0.78125 13392
0.865625 0.78125 13392
0.865625 0.78125 13392
0.865625 0.78125 13392
0.865625 0.78125 13392
0.865625 0.78125 13392
0.865625 0.78125 13392
0.865625 0.78125 13392
0.865625 0.78125 13392
0.865625 0.78125 13392
0.865625 0.78125 13392
0.865625 0.78125 13392
0.865625 0.78125 13392
0.865625 0.78125 13392
0.865625 0.78125 13392
0.865625 0.78125 13392
0.865625 0.78125 13392
0.865625 0.78125 13392
0.865625 0.78125 13392
0.865625 0.78125 13392
0.865625 0.78125 13392
0.865625 0.78125 13392
0.865625 0.78125 13392
0.865625 0.78125 13392
0.865625 0.78125 13392
0.865625 0.78125 13392
0.865625 0.78125 13392
0.865625 0.78125 13392
0.865625 0.78125 13392
0.865625 0.78125 13392
0.865625 0.78125 13392
0.865625 0.78125 13392
0.865625 0.78125 13392
0.865625 0.78125 13392
0.865625 0.78125 13392
0.865625 0.78125 13392
0.865625 0.78125 13392
0.865625 0.78125 13392
0.865625 0.78125 13392
0.865625 0.78125 13392
0.865625 0.78125 13392
0.865625 0.78125 13392
0.865625 0.78125 13392
0.865625 0.78125 13392
0.865625 0.78125 13392
0.865625 0.78125 13392
0.865625 0.78125 13392
0.865625 0.78125 13392
0.865625 0.78125 13392
0.865625 0.78125 13392
0.865625 0.78125 13392
0.865625 0.78125 13392
0.865625 0.78125 13392
0.865625 0.78125 13392
0.865625 0.78125 13392
0.865625 0.7875 13392
0.865625 0.7875 13392
0.865625 0.7875 13392
0.865625 0.7875 13392
0.865625 0.7875 13392
0.865625 0.7875 13392
0.865625 0.7875 13392
0.865625 0.7875 13392
0.865625 0.7875 13392
0.865625 0.7875 13392
0.865625 0.7875 13392
0.865625 0.7875 13392
0.865625 0.7875 13392
0.865625 0.7875 13392
0.865625 0.7875 13392
0.865625 0.7875 13392
0.865625 0.7875 13392
0.865625 0.7875 13392
0.865625 0.7875 13392
0.865625 0.7875 13392
0.865625 0.7875 13392
0.865625 0.7875 13392
0.865625 0.7875 13392
0.865625 0.7875 13392
0.865625 0.7875 13392
0.865625 0.7875 13392
0.865625 0.7875 13392
0.865625 0.7875 13392
0.865625 0.7875 13392
0.865625 0.7875 13392
0.865625 0.7875 13392
0.865625 0.7875 13392
0.865625 0.7875 13392
0.865625 0.7875 13392
0.865625 0.7875 13392
0.865625 0.7875 13392
0.865625 0.7875 13392
0.865625 0.7875 13392
0.865625 0.7875 13392
0.865625 0.7875 13392
0.865625 0.7875 13392
0.865625 0.7875 13392
0.865625 0.7875 13392
0.865625 0.7875 13392
0.865625 0.7875 13392
0.865625 0.7875 13392
0.865625 0.7875 13392
0.865625 0.7875 13392
0.865625 0.7875 13392
0.865625 0.7875 13392
0.865625 0.7875 13392
0.865625 0.7875 13392
0.865625 0.7875 13392
0.865625 0.7875 13392
0.865625 0.7875 13392
0.865625 0.7875 13392
0.865625 0.7875 13392
0.865625 0.7875 13392
0.865625 0.7875 13392
0.865625 0.7875 13392
0.865625 0.7875 13392
0.865625 0.7875 13392
0.865625 0.7875 13392
0.865625 0.7875 13392
0.865625 0.7875 13392
0.865625 0.7875 13392
0.865625 0.7875 13392
0.865625 0.7875 13392
0.865625 0.7875 13392
0.865625 0.7875 13392
0.865625 0.7875 13392
0.865625 0.7875 13392
0.865625 0.7875 13392
0.865625 0.7875 13392
0.865625 0.7875 13392
0.865625 0.7875 13392
0.865625 0.7875 13392
0.865625 0.7875 13392
0.865625 0.7875 13392
0.865625 0.7875 13392
0.865625 0.7875 13392
0.865625 0.7875 13392
0.865625 0.7875 13392
0.865625 0.7875 13392
0.865625 0.7875 13392
0.865625 0.7875 13392
0.865625 0.7875 13392
0.865625 0.7875 13392
0.865625 0.7875 13392
0.865625 0.7875 13392
0.865625 0.7875 13392
0.865625 0.7875 13392
0.865625 0.7875 13392
0.865625 0.7875 13392
0.865625 0.7875 13392
0.865625 0.7875 13392
0.865625 0.7875 13392
0.865625 0.7875 13392
0.865625 0.79375 13392
0.865625 0.79375 13392
0.865625 0.79375 13392
0.865625 0.79375 13392
0.865625 0.79375 13392
0.865625 0.79375 13392
0.865625 0.79375 13392
0.865625 0.79375 13392
0.865625 0.79375 13392
0.865625 0.79375 13392
0.865625 0.79375 13392
0.865625 0.79375 13392
0.865625 0.79375 13392
0.865625 0.79375 13392
0.865625 0.79375 13392
0.865625 0.79375 13392
0.865625 0.79375 13392
0.865625 0.79375 13392
0.865625 0.79375 13392
0.865625 0.79375 13392
0.865625 0.79375 13392
0.865625 0.79375 13392
0.865625 0.79375 13392
0.865625 0.79375 13392
0.865625 0.79375 13392
0.865625 0.79375 13392
0.865625 0.79375 13392
0.865625 0.79375 13392
0.865625 0.79375 13392
0.865625 0.79375 13392
0.865625 0.79375 13392
0.865625 0.79375 13392
0.865625 0.79375 13392
0.865625 0.79375 13392
0.865625 0.79375 13392
0.865625 0.79375 13392
0.865625 0.79375 13392
0.865625 0.79375 13392
0.865625 0.79375 13392
0.865625 0.79375 13392
0.865625 0.79375 13392
0.865625 0.79375 13392
0.865625 0.79375 13392
0.865625 0.79375 13392
0.865625 0.79375 13392
0.865625 0.79375 13392
0.865625 0.79375 13392
0.865625 0.79375 13392
0.865625 0.79375 13392
0.865625 0.79375 13392
0.865625 0.79375 13392
0.865625 0.79375 13392
0.865625 0.79375 13392
0.865625 0.79375 13392
0.865625 0.79375 13392
0.865625 0.79375 13392
0.865625 0.79375 13392
0.865625 0.79375 13392
0.865625 0.79375 13392
0.865625 0.79375 13392
0.865625 0.79375 13392
0.865625 0.79375 13392
0.865625 0.79375 13392
0.865625 0.79375 13392
0.865625 0.79375 13392
0.865625 0.79375 13392
0.865625 0.79375 13392
0.865625 0.79375 13392
0.865625 0.79375 13392
0.865625 0.79375 13392
0.865625 0.79375 13392
0.865625 0.79375 13392
0.865625 0.79375 13392
0.865625 0.79375 13392
0.865625 0.79375 13392
0.865625 0.79375 13392
0.865625 0.79375 13392
0.865625 0.79375 13392
0.865625 0.79375 13392
0.865625 0.79375 13392
0.865625 0.79375 13392
0.865625 0.79375 13392
0.865625 0.79375 13392
0.865625 0.79375 13392
0.865625 0.79375 13392
0.865625 0.79375 13392
0.865625 0.79375 13392
0.865625 0.79375 13392
0.865625 0.79375 13392
0.865625 0.79375 13392
0.865625 0.79375 13392
0.865625 0.79375 13392
0.865625 0.79375 13392
0.865625 0.79375 13392
0.865625 0.79375 13392
0.865625 0.79375 13392
0.865625 0.79375 13392
0.865625 0.79375 13392
0.865625 0.79375 13392
0.865625 0.79375 13392
0.865625 0.79375 13392
0.865625 0.79375 13392
0.865625 0.79375 13392
0.865625 0.79375 13392
0.865625 0.79375 13392
0.865625 0.79375 13392
0.865625 0.79375 13392
0.865625 0.79375 13392
0.865625 0.79375 13392
0.865625 0.79375 13392
0.865625 0.79375 13392
0.865625 0.79375 13392
0.865625 0.79375 13392
0.865625 0.79375 13392
0.865625 0.79375 13392
0.865625 0.79375 13392
0.865625 0.79375 13392
0.865625 0.79375 13392
0.865625 0.79375 13392
0.865625 0.79375 13392
0.865625 0.79375 13392
0.865625 0.79375 13392
0.865625 0.79375 13392
0.865625 0.79375 13392
0.865625 0.79375 13392
0.865625 0.79375 13392
0.865625 0.79375 13392
0.865625 0.79375 13392
0.865625 0.79375 13392
0.865625 0.79375 13392
0.865625 0.79375 13392
0.865625 0.79375 13392
0.865625 0.79375 13392
0.865625 0.79375 13392
0.865625 0.79375 13392
0.865625 0.79375 13392
0.865625 0.79375 13392
0.865625 0.79375 13392
0.865625 0.79375 13392
0.865625 0.79375 13392
0.865625 0.79375 13392
0.865625 0.79375 13392
0.865625 0.79375 13392
0.865625 0.79375 13392
0.865625 0.79375 13392
0.865625 0.79375 13392
0.865625 0.79375 13392
0.865625 0.79375 13392
0.865625 0.79375 13392
0.865625 0.79375 13392
0.865625 0.79375 13392
0.865625 0.79375 13392
0.865625 0.79375 13392
0.865625 0.79375 13392
0.865625 0.79375 13392
0.865625 0.79375 13392
0.865625 0.79375 13392
0.865625 0.79375 13392
0.865625 0.79375 13392
0.865625 0.79375 13392
0.865625 0.7875 13392
0.865625 0.7875 13392
0.865625 0.7875 13392
0.865625 0.7875 13392
0.865625 0.7875 13392
0.865625 0.7875 13392
0.865625 0.7875 13392
0.865625 0.7875 13392
0.865625 0.7875 13392
0.865625 0.7875 13392
0.865625 0.7875 13392
0.865625 0.7875 13392
0.865625 0.7875 13392
0.865625 0.7875 13392
0.865625 0.7875 13392
0.865625 0.7875 13392
0.865625 0.7875 13392
0.865625 0.7875 13392
0.865625 0.7875 13392
0.865625 0.7875 13392
0.865625 0.7875 13392
0.865625 0.7875 13392
0.865625 0.7875 13392
0.865625 0.7875 13392
0.865625 0.7875 13392
0.865625 0.7875 13392
0.865625 0.7875 13392
0.865625 0.7875 13392
0.865625 0.7875 13392
0.865625 0.7875 13392
0.865625 0.7875 13392
0.865625 0.7875 13392
0.865625 0.7875 13392
0.865625 0.7875 13392
0.865625 0.7875 13392
0.865625 0.7875 13392
0.865625 0.7875 13392
0.865625 0.7875 13392
0.865625 0.7875 13392
0.865625 0.7875 13392
0.865625 0.7875 13392
0.865625 0.7875 13392
0.865625 0.7875 13392
0.865625 0.7875 13392
0.865625 0.7875 13392
0.865625 0.7875 13392
0.865625 0.7875 13392
0.865625 0.7875 13392
0.865625 0.7875 13392
0.865625 0.7875 13392
0.865625 0.7875 13392
0.865625 0.7875 13392
0.865625 0.7875 13392
0.865625 0.7875 13392
0.865625 0.7875 13392
0.865625 0.7875 13392
0.865625 0.7875 13392
0.865625 0.7875 13392
0.865625 0.7875 13392
0.865625 0.7875 13392
0.865625 0.7875 13392
0.865625 0.7875 13392
0.865625 0.7875 13392
0.865625 0.7875 13392
0.865625 0.7875 13392
0.865625 0.7875 13392
0.865625 0.7875 13392
0.865625 0.7875 13392
0.865625 0.7875 13392
0.865625 0.7875 13392
0.865625 0.7875 13392
0.865625 0.7875 13392
0.865625 0.7875 13392
0.865625 0.7875 13392
0.865625 0.7875 13392
0.865625 0.7875 13392
0.865625 0.7875 13392
0.865625 0.7875 13392
0.865625 0.7875 13392
0.865625 0.7875 13392
0.865625 0.7875 13392
0.865625 0.7875 13392
0.865625 0.7875 13392
0.865625 0.7875 13392
0.865625 0.7875 13392
0.865625 0.7875 13392
0.865625 0.7875 13392
0.865625 0.7875 13392
0.865625 0.7875 13392
0.865625 0.7875 13392
0.865625 0.7875 13392
0.865625 0.7875 13392
0.865625 0.7875 13392
0.865625 0.7875 13392
0.865625 0.7875 13392
0.865625 0.7875 13392
0.865625 0.7875 13392
0.865625 0.7875 13392
0.865625 0.7875 13392
0.865625 0.7875 13392
0.865625 0.7875 13392
0.865625 0.7875 13392
0.865625 0.7875 13392
0.865625 0.7875 13392
0.865625 0.7875 13392
0.865625 0.7875 13392
0.865625 0.7875 13392
0.865625 0.7875 13392
0.865625 0.7875 13392
0.865625 0.7875 13392
0.865625 0.7875 13392
0.865625 0.7875 13392
0.865625 0.7875 13392
0.865625 0.7875 13392
0.865625 0.7875 13392
0.865625 0.7875 13392
0.865625 0.7875 13392
0.865625 0.7875 13392
0.865625 0.7875 13392
0.865625 0.7875 13392
0.865625 0.7875 13392
0.865625 0.7875 13392
0.865625 0.7875 13392
0.865625 0.7875 13392
0.865625 0.7875 13392
0.865625 0.7875 13392
0.865625 0.7875 13392
0.865625 0.7875 13392
0.865625 0.7875 13392
0.865625 0.79375 13392
0.865625 0.79375 13392
0.865625 0.79375 13392
0.865625 0.79375 13392
0.865625 0.79375 13392
0.865625 0.79375 13392
0.865625 0.79375 13392
0.865625 0.79375 13392
0.865625 0.79375 13392
0.865625 0.79375 13392
0.865625 0.79375 13392
0.865625 0.79375 13392
0.865625 0.79375 13392
0.865625 0.79375 13392
0.865625 0.79375 13392
0.865625 0.79375 13392
0.865625 0.79375 13392
0.865625 0.79375 13392
0.865625 0.79375 13392
0.865625 0.79375 13392
0.865625 0.79375 13392
0.865625 0.79375 13392
0.865625 0.79375 13392
0.865625 0.79375 13392
0.865625 0.79375 13392
0.865625 0.79375 13392
0.865625 0.79375 13392
0.865625 0.79375 13392
0.865625 0.79375 13392
0.865625 0.79375 13392
0.865625 0.79375 13392
0.865625 0.79375 13392
0.865625 0.79375 13392
0.865625 0.79375 13392
0.865625 0.79375 13392
0.865625 0.79375 13392
0.865625 0.79375 13392
0.865625 0.79375 13392
0.865625 0.79375 13392
0.865625 0.79375 13392
0.865625 0.79375 13392
0.865625 0.79375 13392
0.865625 0.79375 13392
0.865625 0.79375 13392
0.865625 0.79375 13392
0.865625 0.79375 13392
0.865625 0.79375 13392
0.865625 0.79375 13392
0.865625 0.79375 13392
0.865625 0.79375 13392
0.865625 0.79375 13392
0.865625 0.79375 13392
0.865625 0.79375 13392
0.865625 0.79375 13392
0.865625 0.79375 13392
0.865625 0.79375 13392
0.865625 0.79375 13392
0.865625 0.79375 13392
0.865625 0.79375 13392
0.865625 0.79375 13392
0.865625 0.79375 13392
0.865625 0.796875 13392
0.865625 0.8 13392
0.865625 0.8 13392
0.865625 0.8 13392
0.865625 0.8 13392
0.865625 0.8 13392
0.865625 0.8 13392
0.865625 0.8 13392
0.865625 0.8 13392
0.865625 0.8 13392
0.865625 0.8 13392
0.865625 0.8 13392
0.865625 0.8 13392
0.865625 0.8 13392
0.865625 0.8 13392
0.865625 0.8 13392
0.865625 0.8 13392
0.865625 0.8 13392
0.865625 0.8 13392
0.865625 0.8 13392
0.865625 0.8 13392
0.865625 0.8 13392
0.865625 0.8 13392
0.865625 0.8 13392
0.865625 0.8 13392
0.865625 0.8 13392
0.865625 0.8 13392
0.865625 0.8 13392
0.865625 0.8 13392
0.865625 0.8 13392
0.865625 0.8 13392
0.865625 0.8 13392
0.865625 0.8 13392
0.865625 0.8 13392
0.865625 0.8 13392
0.865625 0.8 13392
0.865625 0.8 13392
0.865625 0.8 13392
0.865625 0.8 13392
0.865625 0.8 13392
0.865625 0.8 13392
0.865625 0.8 13392
0.865625 0.8 13392
0.865625 0.8 13392
0.865625 0.8 13392
0.865625 0.8 13392
0.865625 0.8 13392
0.865625 0.8 13392
0.865625 0.8 13392
0.865625 0.8 13392
0.865625 0.8 13392
0.865625 0.8 13392
0.865625 0.8 13392
0.865625 0.8 13392
0.865625 0.8 13392
0.865625 0.8 13392
0.865625 0.8 13392
0.865625 0.8 13392
0.865625 0.8 13392
0.865625 0.8 13392
0.865625 0.8 13392
0.865625 0.8 13392
0.865625 0.8 13392
0.865625 0.8 13392
0.865625 0.8 13392
0.865625 0.8 13392
0.865625 0.8 13392
0.865625 0.8 13392
0.865625 0.8 13392
0.865625 0.8 13392
0.865625 0.8 13392
0.865625 0.79375 13392
0.865625 0.79375 13392
0.865625 0.79375 13392
0.865625 0.79375 13392
0.865625 0.79375 13392
0.865625 0.79375 13392
0.865625 0.79375 13392
0.865625 0.79375 13392
0.865625 0.79375 13392
0.865625 0.79375 13392
0.865625 0.79375 13392
0.865625 0.79375 13392
0.865625 0.79375 13392
0.865625 0.79375 13392
0.865625 0.79375 13392
0.865625 0.79375 13392
0.865625 0.79375 13392
0.865625 0.79375 13392
0.865625 0.79375 13392
0.865625 0.79375 13392
0.865625 0.79375 13392
0.865625 0.79375 13392
0.865625 0.79375 13392
0.865625 0.79375 13392
0.865625 0.79375 13392
0.865625 0.79375 13392
0.865625 0.79375 13392
0.865625 0.79375 13392
0.865625 0.79375 13392
0.865625 0.79375 13392
0.865625 0.79375 13392
0.865625 0.79375 13392
0.865625 0.79375 13392
0.865625 0.79375 13392
0.865625 0.79375 13392
0.865625 0.79375 13392
0.865625 0.79375 13392
0.865625 0.79375 13392
0.865625 0.79375 13392
0.865625 0.79375 13392
0.865625 0.79375 13392
0.865625 0.7875 13392
0.865625 0.7875 13392
0.865625 0.7875 13392
0.865625 0.7875 13392
0.865625 0.7875 13392
0.865625 0.7875 13392
0.865625 0.7875 13392
0.865625 0.7875 13392
0.865625 0.7875 13392
0.865625 0.7875 13392
0.865625 0.7875 13392
0.865625 0.7875 13392
0.865625 0.7875 13392
0.865625 0.7875 13392
0.865625 0.7875 13392
0.865625 0.7875 13392
0.865625 0.7875 13392
0.865625 0.7875 13392
0.865625 0.7875 13392
0.865625 0.7875 13392
0.865625 0.7875 13392
0.865625 0.7875 13392
0.865625 0.7875 13392
0.865625 0.7875 13392
0.865625 0.7875 13392
0.865625 0.7875 13392
0.865625 0.7875 13392
0.865625 0.7875 13392
0.865625 0.7875 13392
0.865625 0.7875 13392
0.865625 0.7875 13392
0.865625 0.7875 13392
0.865625 0.7875 13392
0.865625 0.7875 13392
0.865625 0.7875 13392
0.865625 0.7875 13392
0.865625 0.7875 13392
0.865625 0.7875 13392
0.865625 0.7875 13392
0.865625 0.7875 13392
0.865625 0.7875 13392
0.865625 0.7875 13392
0.865625 0.7875 13392
0.865625 0.7875 13392
0.865625 0.7875 13392
0.865625 0.7875 13392
0.865625 0.7875 13392
0.865625 0.7875 13392
0.865625 0.7875 13392
0.865625 0.7875 13392
0.865625 0.7875 13392
0.865625 0.7875 13392
0.865625 0.7875 13392
0.865625 0.7875 13392
0.865625 0.7875 13392
0.865625 0.7875 13392
0.865625 0.7875 13392
0.865625 0.7875 13392
0.865625 0.7875 13392
0.865625 0.79375 13392
0.865625 0.79375 13392
0.865625 0.79375 13392
0.865625 0.79375 13392
0.865625 0.79375 13392
0.865625 0.79375 13392
0.865625 0.79375 13392
0.865625 0.79375 13392
0.865625 0.79375 13392
0.865625 0.79375 13392
0.865625 0.79375 13392
0.865625 0.79375 13392
0.865625 0.79375 13392
0.865625 0.79375 13392
0.865625 0.79375 13392
0.865625 0.79375 13392
0.865625 0.79375 13392
0.865625 0.79375 13392
0.865625 0.79375 13392
0.865625 0.79375 13392
0.865625 0.79375 13392
0.865625 0.7875 13392
0.865625 0.7875 13392
0.865625 0.7875 13392
0.865625 0.7875 13392
0.865625 0.7875 13392
0.865625 0.7875 13392
0.865625 0.7875 13392
0.865625 0.7875 13392
0.865625 0.7875 13392
0.865625 0.7875 13392
0.865625 0.7875 13392
0.865625 0.7875 13392
0.865625 0.7875 13392
0.865625 0.7875 13392
0.865625 0.7875 13392
0.865625 0.7875 13392
0.865625 0.7875 13392
0.865625 0.7875 13392
0.865625 0.7875 13392
0.865625 0.7875 13392
0.865625 0.7875 13392
0.865625 0.7875 13392
0.865625 0.7875 13392
0.865625 0.7875 13392
0.865625 0.7875 13392
0.865625 0.7875 13392
0.865625 0.7875 13392
0.865625 0.7875 13392
0.865625 0.7875 13392
0.865625 0.7875 13392
0.865625 0.7875 13392
0.865625 0.7875 13392
0.865625 0.7875 13392
0.865625 0.7875 13392
0.865625 0.7875 13392
0.865625 0.7875 13392
0.865625 0.7875 13392
0.865625 0.7875 13392
0.865625 0.7875 13392
0.865625 0.7875 13392
0.865625 0.7875 13392
0.865625 0.7875 13392
0.865625 0.7875 13392
0.865625 0.7875 13392
0.865625 0.7875 13392
0.865625 0.7875 13392
0.865625 0.7875 13392
0.865625 0.7875 13392
0.865625 0.7875 13392
0.865625 0.7875 13392
0.865625 0.7875 13392
0.865625 0.7875 13392
0.865625 0.7875 13392
0.865625 0.7875 13392
0.865625 0.7875 13392
0.865625 0.7875 13392
0.865625 0.7875 13392
0.865625 0.7875 13392
0.865625 0.7875 13392
0.865625 0.7875 13392
0.865625 0.7875 13392
0.865625 0.7875 13392
0.865625 0.7875 13392
0.865625 0.7875 13392
0.865625 0.7875 13392
0.865625 0.7875 13392
0.865625 0.7875 13392
0.865625 0.7875 13392
0.865625 0.7875 13392
0.865625 0.7875 13392
0.865625 0.7875 13392
0.865625 0.7875 13392
0.865625 0.7875 13392
0.865625 0.7875 13392
0.865625 0.7875 13392
0.865625 0.7875 13392
0.865625 0.7875 13392
0.865625 0.7875 13392
0.865625 0.7875 13392
0.865625 0.7875 13392
0.865625 0.7875 13392
0.865625 0.7875 13392
0.865625 0.7875 13392
0.865625 0.7875 13392
0.865625 0.7875 13392
0.865625 0.7875 13392
0.865625 0.7875 13392
0.865625 0.7875 13392
0.865625 0.7875 13392
0.865625 0.7875 13392
0.865625 0.7875 13392
0.865625 0.7875 13392
0.865625 0.7875 13392
0.865625 0.7875 13392
0.865625 0.7875 13392
0.865625 0.7875 13392
0.865625 0.7875 13392
0.865625 0.7875 13392
0.865625 0.7875 13392
0.865625 0.7875 13392
0.865625 0.7875 13392
0.865625 0.7875 13392
0.865625 0.7875 13392
0.865625 0.7875 13392
0.865625 0.7875 13392
0.865625 0.7875 13392
0.865625 0.7875 13392
0.865625 0.7875 13392
0.865625 0.7875 13392
0.865625 0.7875 13392
0.865625 0.7875 13392
0.865625 0.7875 13392
0.865625 0.7875 13392
0.865625 0.7875 13392
0.865625 0.7875 13392
0.865625 0.7875 13392
0.865625 0.7875 13392
0.865625 0.7875 13392
0.865625 0.7875 13392
0.865625 0.7875 13392
0.865625 0.7875 13392
0.865625 0.7875 13392
0.865625 0.7875 13392
0.865625 0.7875 13392
0.865625 0.7875 13392
0.865625 0.7875 13392
0.865625 0.7875 13392
0.865625 0.7875 13392
0.865625 0.7875 13392
0.865625 0.7875 13392
0.865625 0.7875 13392
0.865625 0.7875 13392
0.865625 0.7875 13392
0.865625 0.7875 13392
0.865625 0.7875 13392
0.865625 0.7875 13392
0.865625 0.7875 13392
0.865625 0.7875 13392
0.865625 0.7875 13392
0.865625 0.7875 13392
0.865625 0.7875 13392
0.865625 0.7875 13392
0.865625 0.7875 13392
0.865625 0.7875 13392
0.865625 0.7875 13392
0.865625 0.7875 13392
0.865625 0.7875 13392
0.865625 0.7875 13392
0.865625 0.7875 13392
0.865625 0.7875 13392
0.865625 0.7875 13392
0.865625 0.7875 13392
0.865625 0.7875 13392
0.865625 0.7875 13392
0.865625 0.7875 13392
0.865625 0.7875 13392
0.865625 0.7875 13392
0.865625 0.7875 13392
0.865625 0.7875 13392
0.865625 0.7875 13392
0.865625 0.7875 13392
0.865625 0.7875 13392
0.865625 0.7875 13392
0.865625 0.7875 13392
0.865625 0.7875 13392
0.865625 0.7875 13392
0.865625 0.7875 13392
0.865625 0.7875 13392
0.865625 0.7875 13392
0.865625 0.79375 13392
0.865625 0.79375 13392
0.865625 0.79375 13392
0.865625 0.79375 13392
0.865625 0.79375 13392
0.865625 0.79375 13392
0.865625 0.79375 13392
0.865625 0.79375 13392
0.865625 0.79375 13392
0.865625 0.79375 13392
0.865625 0.79375 13392
0.865625 0.79375 13392
0.865625 0.79375 13392
0.865625 0.79375 13392
0.865625 0.79375 13392
0.865625 0.79375 13392
0.865625 0.79375 13392
0.865625 0.79375 13392
0.865625 0.79375 13392
0.865625 0.79375 13392
0.865625 0.79375 13392
0.865625 0.79375 13392
0.865625 0.79375 13392
0.865625 0.79375 13392
0.865625 0.79375 13392
0.865625 0.79375 13392
0.865625 0.79375 13392
0.865625 0.79375 13392
0.865625 0.79375 13392
0.865625 0.79375 13392
0.865625 0.79375 13392
0.865625 0.79375 13392
0.865625 0.79375 13392
0.865625 0.79375 13392
0.865625 0.79375 13392
0.865625 0.79375 13392
0.865625 0.79375 13392
0.865625 0.79375 13392
0.865625 0.79375 13392
0.865625 0.79375 13392
0.865625 0.79375 13392
0.865625 0.79375 13392
0.865625 0.79375 13392
0.865625 0.79375 13392
0.865625 0.79375 13392
0.865625 0.79375 13392
0.865625 0.79375 13392
0.865625 0.79375 13392
0.865625 0.79375 13392
0.865625 0.79375 13392
0.865625 0.79375 13392
0.865625 0.79375 13392
0.865625 0.79375 13392
0.865625 0.79375 13392
0.865625 0.79375 13392
0.865625 0.79375 13392
0.865625 0.79375 13392
0.865625 0.79375 13392
0.865625 0.79375 13392
0.865625 0.79375 13392
0.865625 0.79375 13392
0.865625 0.79375 13392
0.865625 0.79375 13392
0.865625 0.79375 13392
0.865625 0.79375 13392
0.865625 0.79375 13392
0.865625 0.79375 13392
0.865625 0.79375 13392
0.865625 0.79375 13392
0.865625 0.79375 13392
0.865625 0.79375 13392
0.865625 0.79375 13392
0.865625 0.79375 13392
0.865625 0.79375 13392
0.865625 0.79375 13392
0.865625 0.79375 13392
0.865625 0.79375 13392
0.865625 0.79375 13392
0.865625 0.79375 13392
0.865625 0.79375 13392
0.865625 0.79375 13392
0.865625 0.8 13392
0.865625 0.8 13392
0.865625 0.80625 13392
0.865625 0.80625 13392
0.865625 0.80625 13392
0.865625 0.80625 13392
0.865625 0.80625 13392
0.865625 0.80625 13392
0.865625 0.80625 13392
0.865625 0.80625 13392
0.865625 0.80625 13392
0.865625 0.80625 13392
0.865625 0.80625 13392
0.865625 0.80625 13392
0.865625 0.80625 13392
0.865625 0.80625 13392
0.865625 0.80625 13392
0.865625 0.80625 13392
0.865625 0.80625 13392
0.865625 0.80625 13392
0.865625 0.80625 13392
0.865625 0.80625 13392
0.865625 0.80625 13392
0.865625 0.80625 13392
0.865625 0.80625 13392
0.865625 0.80625 13392
0.865625 0.80625 13392
0.865625 0.80625 13392
0.865625 0.80625 13392
0.865625 0.80625 13392
0.865625 0.80625 13392
0.865625 0.80625 13392
0.865625 0.80625 13392
0.865625 0.80625 13392
0.865625 0.80625 13392
0.865625 0.80625 13392
0.865625 0.80625 13392
0.865625 0.80625 13392
0.865625 0.80625 13392
0.865625 0.80625 13392
0.865625 0.80625 13392
0.865625 0.80625 13392
0.865625 0.80625 13392
0.865625 0.80625 13392
0.865625 0.80625 13392
0.865625 0.80625 13392
0.865625 0.80625 13392
0.865625 0.80625 13392
0.865625 0.80625 13392
0.865625 0.80625 13392
0.865625 0.80625 13392
0.865625 0.80625 13392
0.865625 0.80625 13392
0.865625 0.80625 13392
0.865625 0.80625 13392
0.865625 0.80625 13392
0.865625 0.80625 13392
0.865625 0.80625 13392
0.865625 0.80625 13392
0.865625 0.80625 13392
0.865625 0.80625 13392
0.865625 0.80625 13392
0.865625 0.80625 13392
0.865625 0.80625 13392
0.865625 0.80625 13392
0.865625 0.80625 13392
0.865625 0.80625 13392
0.865625 0.80625 13392
0.865625 0.80625 13392
0.865625 0.8125 13392
0.865625 0.8125 13392
0.865625 0.8125 13392
0.865625 0.8125 13392
0.865625 0.8125 13392
0.865625 0.8125 13392
0.865625 0.8125 13392
0.865625 0.8125 13392
0.865625 0.8125 13392
0.865625 0.8125 13392
0.865625 0.8125 13392
0.865625 0.8125 13392
0.865625 0.8125 13392
0.865625 0.8125 13392
0.865625 0.8125 13392
0.865625 0.8125 13392
0.865625 0.8125 13392
0.865625 0.8125 13392
0.865625 0.8125 13392
0.865625 0.8125 13392
0.865625 0.8125 13392
0.865625 0.8125 13392
0.865625 0.8125 13392
0.865625 0.8125 13392
0.865625 0.8125 13392
0.865625 0.8125 13392
0.865625 0.8125 13392
0.865625 0.8125 13392
0.865625 0.8125 13392
0.865625 0.8125 13392
0.865625 0.8125 13392
0.865625 0.8125 13392
0.865625 0.8125 13392
0.865625 0.8125 13392
0.865625 0.8125 13392
0.865625 0.8125 13392
0.865625 0.8125 13392
0.865625 0.8125 13392
0.865625 0.8125 13392
0.865625 0.8125 13392
0.865625 0.8125 13392
0.865625 0.8125 13392
0.865625 0.8125 13392
0.865625 0.8125 13392
0.865625 0.8125 13392
0.865625 0.8125 13392
0.865625 0.8125 13392
0.865625 0.8125 13392
0.865625 0.8125 13392
0.865625 0.8125 13392
0.865625 0.8125 13392
0.865625 0.8125 13392
0.865625 0.8125 13392
0.865625 0.8125 13392
0.865625 0.8125 13392
0.865625 0.8125 13392
0.865625 0.8125 13392
0.865625 0.8125 13392
0.865625 0.8125 13392
0.865625 0.8125 13392
0.865625 0.8125 13392
0.865625 0.81875 13392
0.865625 0.81875 13392
0.865625 0.81875 13392
0.865625 0.81875 13392
0.865625 0.81875 13392
0.865625 0.81875 13392
0.865625 0.81875 13392
0.865625 0.81875 13392
0.865625 0.81875 13392
0.865625 0.81875 13392
0.865625 0.81875 13392
0.865625 0.81875 13392
0.865625 0.81875 13392
0.865625 0.81875 13392
0.865625 0.81875 13392
0.865625 0.81875 13392
0.865625 0.81875 13392
0.865625 0.81875 13392
0.865625 0.81875 13392
0.865625 0.81875 13392
0.865625 0.81875 13392
0.865625 0.81875 13392
0.865625 0.81875 13392
0.865625 0.81875 13392
0.865625 0.81875 13392
0.865625 0.81875 13392
0.865625 0.81875 13392
0.865625 0.81875 13392
0.865625 0.81875 13392
0.865625 0.81875 13392
0.865625 0.81875 13392
0.865625 0.81875 13392
0.865625 0.81875 13392
0.865625 0.81875 13392
0.865625 0.81875 13392
0.865625 0.81875 13392
0.865625 0.81875 13392
0.865625 0.81875 13392
0.865625 0.81875 13392
0.865625 0.81875 13392
0.865625 0.81875 13392
0.865625 0.81875 13392
0.865625 0.81875 13392
0.865625 0.81875 13392
0.865625 0.81875 13392
0.865625 0.81875 13392
0.865625 0.81875 13392
0.865625 0.81875 13392
0.865625 0.81875 13392
0.865625 0.81875 13392
0.865625 0.81875 13392
0.865625 0.81875 13392
0.865625 0.81875 13392
0.865625 0.81875 13392
0.865625 0.81875 13392
0.865625 0.81875 13392
0.865625 0.81875 13392
0.865625 0.81875 13392
0.865625 0.81875 13392
0.865625 0.81875 13392
0.865625 0.81875 13392
0.865625 0.81875 13392
0.865625 0.81875 13392
0.865625 0.81875 13392
0.865625 0.81875 13392
0.865625 0.81875 13392
0.865625 0.81875 13392
0.865625 0.81875 13392
0.865625 0.81875 13392
0.865625 0.81875 13392
0.865625 0.81875 13392
0.865625 0.81875 13392
0.865625 0.81875 13392
0.865625 0.81875 13392
0.865625 0.81875 13392
0.865625 0.81875 13392
0.865625 0.81875 13392
0.865625 0.81875 13392
0.865625 0.81875 13392
0.865625 0.81875 13392
0.865625 0.81875 13392
0.865625 0.81875 13392
0.865625 0.81875 13392
0.865625 0.81875 13392
0.865625 0.81875 13392
0.865625 0.81875 13392
0.865625 0.81875 13392
0.865625 0.81875 13392
0.865625 0.81875 13392
0.865625 0.81875 13392
0.865625 0.81875 13392
0.865625 0.81875 13392
0.865625 0.81875 13392
0.865625 0.81875 13392
0.865625 0.81875 13392
0.865625 0.81875 13392
0.865625 0.81875 13392
0.865625 0.81875 13392
0.865625 0.81875 13392
0.865625 0.81875 13392
0.865625 0.81875 13392
0.865625 0.81875 13392
0.865625 0.81875 13392
0.865625 0.81875 13392
0.865625 0.81875 13392
0.865625 0.81875 13392
0.865625 0.81875 13392
0.865625 0.81875 13392
0.865625 0.81875 13392
0.865625 0.81875 13392
0.865625 0.81875 13392
0.865625 0.81875 13392
0.865625 0.81875 13392
0.865625 0.81875 13392
0.865625 0.81875 13392
0.865625 0.81875 13392
0.865625 0.81875 13392
0.865625 0.81875 13392
0.865625 0.81875 13392
0.865625 0.81875 13392
0.865625 0.81875 13392
0.865625 0.81875 13392
0.865625 0.81875 13392
0.865625 0.81875 13392
0.865625 0.81875 13392
0.865625 0.81875 13392
0.865625 0.81875 13392
0.865625 0.81875 13392
0.865625 0.81875 13392
0.865625 0.81875 13392
0.865625 0.81875 13392
0.865625 0.81875 13392
0.865625 0.81875 13392
0.865625 0.81875 13392
0.865625 0.81875 13392
0.865625 0.81875 13392
0.865625 0.81875 13392
0.865625 0.81875 13392
0.865625 0.81875 13392
0.865625 0.81875 13392
0.865625 0.81875 13392
0.865625 0.81875 13392
0.865625 0.81875 13392
0.865625 0.81875 13392
0.865625 0.81875 13392
0.865625 0.81875 13392
0.865625 0.81875 13392
0.865625 0.81875 13392
0.865625 0.81875 13392
0.865625 0.81875 13392
0.865625 0.81875 13392
0.865625 0.81875 13392
0.865625 0.81875 13392
0.865625 0.81875 13392
0.865625 0.81875 13392
0.865625 0.81875 13392
0.865625 0.81875 13392
0.865625 0.81875 13392
0.865625 0.81875 13392
0.865625 0.81875 13392
0.865625 0.81875 13392
0.865625 0.81875 13392
0.865625 0.81875 13392
0.865625 0.81875 13392
0.865625 0.81875 13392
0.865625 0.81875 13392
0.865625 0.81875 13392
0.865625 0.81875 13392
0.865625 0.81875 13392
0.865625 0.81875 13392
0.865625 0.81875 13392
0.865625 0.81875 13392
0.865625 0.81875 13392
0.865625 0.81875 13392
0.865625 0.81875 13392
0.865625 0.81875 13392
0.865625 0.81875 13392
0.865625 0.81875 13392
0.865625 0.81875 13392
0.865625 0.81875 13392
0.865625 0.81875 13392
0.865625 0.81875 13392
0.865625 0.81875 13392
0.865625 0.81875 13392
0.865625 0.81875 13392
0.865625 0.81875 13392
0.865625 0.81875 13392
0.865625 0.81875 13392
0.865625 0.81875 13392
0.865625 0.81875 13392
0.865625 0.81875 13392
0.865625 0.81875 13392
0.865625 0.81875 13392
0.865625 0.81875 13392
0.865625 0.81875 13392
0.865625 0.81875 13392
0.865625 0.81875 13392
0.865625 0.81875 13392
0.865625 0.81875 13392
0.865625 0.81875 13392
0.865625 0.81875 13392
0.865625 0.81875 13392
0.865625 0.81875 13392
0.865625 0.81875 13392
0.865625 0.81875 13392
0.865625 0.81875 13392
0.865625 0.81875 13392
0.865625 0.81875 13392
0.865625 0.81875 13392
0.865625 0.81875 13392
0.865625 0.81875 13392
0.865625 0.81875 13392
0.865625 0.81875 13392
0.865625 0.81875 13392
0.865625 0.81875 13392
0.865625 0.81875 13392
0.865625 0.81875 13392
0.865625 0.81875 13392
0.865625 0.81875 13392
0.865625 0.81875 13392
0.865625 0.81875 13392
0.865625 0.81875 13392
0.865625 0.81875 13392
0.865625 0.81875 13392
0.865625 0.81875 13392
0.865625 0.825 13392
0.865625 0.825 13392
0.865625 0.825 13392
0.865625 0.825 13392
0.865625 0.825 13392
0.865625 0.825 13392
0.865625 0.825 13392
0.865625 0.825 13392
0.865625 0.825 13392
0.865625 0.825 13392
0.865625 0.825 13392
0.865625 0.825 13392
0.865625 0.825 13392
0.865625 0.825 13392
0.865625 0.825 13392
0.865625 0.825 13392
0.865625 0.825 13392
0.865625 0.825 13392
0.865625 0.825 13392
0.865625 0.825 13392
0.865625 0.825 13392
0.865625 0.83125 13392
0.865625 0.83125 13392
0.865625 0.83125 13392
0.865625 0.83125 13392
0.865625 0.83125 13392
0.865625 0.83125 13392
0.865625 0.83125 13392
0.865625 0.83125 13392
0.865625 0.83125 13392
0.865625 0.83125 13392
0.865625 0.83125 13392
0.865625 0.83125 13392
0.865625 0.83125 13392
0.865625 0.83125 13392
0.865625 0.83125 13392
0.865625 0.83125 13392
0.865625 0.83125 13392
0.865625 0.83125 13392
0.865625 0.83125 13392
0.865625 0.83125 13392
0.865625 0.83125 13392
0.865625 0.83125 13392
0.865625 0.83125 13392
0.865625 0.83125 13392
0.865625 0.83125 13392
0.865625 0.83125 13392
0.865625 0.83125 13392
0.865625 0.83125 13392
0.865625 0.83125 13392
0.865625 0.83125 13392
0.865625 0.83125 13392
0.865625 0.83125 13392
0.865625 0.83125 13392
0.865625 0.83125 13392
0.865625 0.83125 13392
0.865625 0.83125 13392
0.865625 0.83125 13392
0.865625 0.83125 13392
0.865625 0.83125 13392
0.865625 0.83125 13392
0.865625 0.83125 13392
0.865625 0.83125 13392
0.865625 0.83125 13392
0.865625 0.83125 13392
0.865625 0.83125 13392
0.865625 0.83125 13392
0.865625 0.83125 13392
0.865625 0.83125 13392
0.865625 0.83125 13392
0.865625 0.83125 13392
0.865625 0.83125 13392
0.865625 0.8375 13392
0.865625 0.8375 13392
0.865625 0.8375 13392
0.865625 0.8375 13392
0.865625 0.8375 13392
0.865625 0.8375 13392
0.865625 0.8375 13392
0.865625 0.8375 13392
0.865625 0.8375 13392
0.865625 0.8375 13392
0.865625 0.8375 13392
0.865625 0.8375 13392
0.865625 0.8375 13392
0.865625 0.8375 13392
0.865625 0.8375 13392
0.865625 0.8375 13392
0.865625 0.8375 13392
0.865625 0.8375 13392
0.865625 0.8375 13392
0.865625 0.8375 13392
0.865625 0.8375 13392
0.865625 0.8375 13392
0.865625 0.8375 13392
0.865625 0.8375 13392
0.865625 0.8375 13392
0.865625 0.8375 13392
0.865625 0.8375 13392
0.865625 0.8375 13392
0.865625 0.8375 13392
0.865625 0.8375 13392
0.865625 0.8375 13392
0.865625 0.8375 13392
0.865625 0.8375 13392
0.865625 0.8375 13392
0.865625 0.8375 13392
0.865625 0.8375 13392
0.865625 0.8375 13392
0.865625 0.8375 13392
0.865625 0.8375 13392
0.865625 0.8375 13392
0.865625 0.8375 13392
0.865625 0.8375 13392
0.865625 0.8375 13392
0.865625 0.8375 13392
0.865625 0.8375 13392
0.865625 0.8375 13392
0.865625 0.8375 13392
0.865625 0.8375 13392
0.865625 0.8375 13392
0.865625 0.8375 13392
0.865625 0.8375 13392
0.865625 0.8375 13392
0.865625 0.8375 13392
0.865625 0.8375 13392
0.865625 0.8375 13392
0.865625 0.8375 13392
0.865625 0.8375 13392
0.865625 0.8375 13392
0.865625 0.8375 13392
0.865625 0.8375 13392
0.865625 0.8375 13392
0.865625 0.8375 13392
0.865625 0.8375 13392
0.865625 0.8375 13392
0.865625 0.8375 13392
0.865625 0.8375 13392
0.865625 0.8375 13392
0.865625 0.8375 13392
0.865625 0.8375 13392
0.865625 0.8375 13392
0.865625 0.8375 13392
0.865625 0.8375 13392
0.865625 0.8375 13392
0.865625 0.8375 13392
0.865625 0.8375 13392
0.865625 0.8375 13392
0.865625 0.8375 13392
0.865625 0.8375 13392
0.865625 0.8375 13392
0.865625 0.8375 13392
0.865625 0.8375 13392
0.865625 0.8375 13392
0.865625 0.8375 13392
0.865625 0.8375 13392
0.865625 0.8375 13392
0.865625 0.8375 13392
0.865625 0.8375 13392
0.865625 0.8375 13392
0.865625 0.8375 13392
0.865625 0.8375 13392
0.865625 0.8375 13392
0.865625 0.8375 13392
0.865625 0.8375 13392
0.865625 0.8375 13392
0.865625 0.8375 13392
0.865625 0.8375 13392
0.865625 0.8375 13392
0.865625 0.8375 13392
0.865625 0.8375 13392
0.865625 0.8375 13392
0.865625 0.8375 13392
0.865625 0.8375 13392
0.865625 0.8375 13392
0.865625 0.8375 13392
0.865625 0.8375 13392
0.865625 0.8375 13392
0.865625 0.8375 13392
0.865625 0.8375 13392
0.865625 0.8375 13392
0.865625 0.8375 13392
0.865625 0.8375 13392
0.865625 0.8375 13392
0.865625 0.8375 13392
0.865625 0.8375 13392
0.865625 0.8375 13392
0.865625 0.8375 13392
0.865625 0.8375 13392
0.865625 0.8375 13392
0.865625 0.8375 13392
0.865625 0.8375 13392
0.865625 0.8375 13392
0.865625 0.8375 13392
0.865625 0.8375 13392
0.865625 0.8375 13392
0.865625 0.8375 13392
0.865625 0.8375 13392
0.865625 0.8375 13392
0.865625 0.8375 13392
0.865625 0.8375 13392
0.865625 0.8375 13392
0.865625 0.8375 13392
0.865625 0.8375 13392
0.865625 0.8375 13392
0.865625 0.8375 13392
0.865625 0.8375 13392
0.865625 0.8375 13392
0.865625 0.8375 13392
0.865625 0.8375 13392
0.865625 0.8375 13392
0.865625 0.8375 13392
0.865625 0.8375 13392
0.865625 0.8375 13392
0.865625 0.8375 13392
0.865625 0.8375 13392
0.865625 0.8375 13392
0.865625 0.8375 13392
0.865625 0.8375 13392
0.865625 0.8375 13392
0.865625 0.8375 13392
0.865625 0.8375 13392
0.865625 0.8375 13392
0.865625 0.8375 13392
0.865625 0.8375 13392
0.865625 0.8375 13392
0.865625 0.8375 13392
0.865625 0.8375 13392
0.865625 0.8375 13392
0.865625 0.8375 13392
0.865625 0.8375 13392
0.865625 0.8375 13392
0.865625 0.8375 13392
0.865625 0.8375 13392
0.865625 0.8375 13392
0.865625 0.8375 13392
0.865625 0.8375 13392
0.865625 0.8375 13392
0.865625 0.8375 13392
0.865625 0.8375 13392
0.865625 0.8375 13392
0.865625 0.8375 13392
0.865625 0.8375 13392
0.865625 0.8375 13392
0.865625 0.8375 13392
0.865625 0.8375 13392
0.865625 0.8375 13392
0.865625 0.8375 13392
0.865625 0.8375 13392
0.865625 0.8375 13392
0.865625 0.8375 13392
0.865625 0.8375 13392
0.865625 0.8375 13392
0.865625 0.8375 13392
0.865625 0.8375 13392
0.865625 0.8375 13392
0.865625 0.8375 13392
0.865625 0.8375 13392
0.865625 0.8375 13392
0.865625 0.8375 13392
0.865625 0.8375 13392
0.865625 0.8375 13392
0.865625 0.8375 13392
0.865625 0.8375 13392
0.865625 0.8375 13392
0.865625 0.8375 13392
0.865625 0.8375 13392
0.865625 0.8375 13392
0.865625 0.8375 13392
0.865625 0.8375 13392
0.865625 0.8375 13392
0.865625 0.8375 13392
0.865625 0.8375 13392
0.865625 0.8375 13392
0.865625 0.8375 13392
0.865625 0.8375 13392
0.865625 0.8375 13392
0.865625 0.8375 13392
0.865625 0.8375 13392
0.865625 0.8375 13392
0.865625 0.83125 13392
0.865625 0.83125 13392
0.865625 0.83125 13392
0.865625 0.83125 13392
0.865625 0.83125 13392
0.865625 0.83125 13392
0.865625 0.83125 13392
0.865625 0.83125 13392
0.865625 0.83125 13392
0.865625 0.83125 13392
0.865625 0.83125 13392
0.865625 0.83125 13392
0.865625 0.83125 13392
0.865625 0.83125 13392
0.865625 0.83125 13392
0.865625 0.83125 13392
0.865625 0.83125 13392
0.865625 0.83125 13392
0.865625 0.83125 13392
0.865625 0.83125 13392
0.865625 0.83125 13392
0.865625 0.83125 13392
0.865625 0.83125 13392
0.865625 0.83125 13392
0.865625 0.83125 13392
0.865625 0.83125 13392
0.865625 0.83125 13392
0.865625 0.83125 13392
0.865625 0.83125 13392
0.865625 0.83125 13392
0.865625 0.83125 13392
0.865625 0.83125 13392
0.865625 0.83125 13392
0.865625 0.83125 13392
0.865625 0.83125 13392
0.865625 0.83125 13392
0.865625 0.83125 13392
0.865625 0.83125 13392
0.865625 0.83125 13392
0.865625 0.83125 13392
0.865625 0.83125 13392
0.865625 0.83125 13392
0.865625 0.83125 13392
0.865625 0.83125 13392
0.865625 0.83125 13392
0.865625 0.83125 13392
0.865625 0.83125 13392
0.865625 0.83125 13392
0.865625 0.83125 13392
0.865625 0.83125 13392
0.865625 0.83125 13392
0.865625 0.83125 13392
0.865625 0.83125 13392
0.865625 0.83125 13392
0.865625 0.83125 13392
0.865625 0.83125 13392
0.865625 0.83125 13392
0.865625 0.83125 13392
0.865625 0.83125 13392
0.865625 0.83125 13392
0.865625 0.83125 13392
0.865625 0.83125 13392
0.865625 0.83125 13392
0.865625 0.83125 13392
0.865625 0.83125 13392
0.865625 0.83125 13392
0.865625 0.83125 13392
0.865625 0.83125 13392
0.865625 0.83125 13392
0.865625 0.83125 13392
0.865625 0.83125 13392
0.865625 0.83125 13392
0.865625 0.83125 13392
0.865625 0.83125 13392
0.865625 0.83125 13392
0.865625 0.83125 13392
0.865625 0.83125 13392
0.865625 0.83125 13392
0.865625 0.83125 13392
0.865625 0.83125 13392
0.865625 0.83125 13392
0.865625 0.83125 13392
0.865625 0.83125 13392
0.865625 0.83125 13392
0.865625 0.83125 13392
0.865625 0.83125 13392
0.865625 0.83125 13392
0.865625 0.83125 13392
0.865625 0.83125 13392
0.865625 0.83125 13392
0.865625 0.83125 13392
0.865625 0.83125 13392
0.865625 0.83125 13392
0.865625 0.83125 13392
0.865625 0.83125 13392
0.865625 0.83125 13392
0.865625 0.83125 13392
0.865625 0.83125 13392
0.865625 0.83125 13392
0.865625 0.83125 13392
0.865625 0.83125 13392
0.865625 0.83125 13392
0.865625 0.83125 13392
0.865625 0.83125 13392
0.865625 0.83125 13392
0.865625 0.83125 13392
0.865625 0.83125 13392
0.865625 0.83125 13392
0.865625 0.83125 13392
0.865625 0.83125 13392
0.865625 0.83125 13392
0.865625 0.83125 13392
0.865625 0.83125 13392
0.865625 0.83125 13392
0.865625 0.83125 13392
0.865625 0.83125 13392
0.865625 0.83125 13392
0.865625 0.83125 13392
0.865625 0.83125 13392
0.865625 0.83125 13392
0.865625 0.83125 13392
0.865625 0.83125 13392
0.865625 0.83125 13392
0.865625 0.83125 13392
0.865625 0.83125 13392
0.865625 0.83125 13392
0.865625 0.83125 13392
0.865625 0.83125 13392
0.865625 0.83125 13392
0.865625 0.83125 13392
0.865625 0.83125 13392
0.865625 0.83125 13392
0.865625 0.83125 13392
0.865625 0.83125 13392
0.865625 0.83125 13392
0.865625 0.83125 13392
0.865625 0.83125 13392
0.865625 0.83125 13392
0.865625 0.83125 13392
0.865625 0.83125 13392
0.865625 0.83125 13392
0.865625 0.83125 13392
0.865625 0.83125 13392
0.865625 0.83125 13392
0.865625 0.83125 13392
0.865625 0.83125 13392
0.865625 0.83125 13392
0.865625 0.83125 13392
0.865625 0.83125 13392
0.865625 0.83125 13392
0.865625 0.83125 13392
0.865625 0.83125 13392
0.865625 0.83125 13392
0.865625 0.83125 13392
0.865625 0.83125 13392
0.865625 0.83125 13392
0.865625 0.83125 13392
0.865625 0.83125 13392
0.865625 0.83125 13392
0.865625 0.83125 13392
0.865625 0.83125 13392
0.865625 0.83125 13392
0.865625 0.83125 13392
0.865625 0.83125 13392
0.865625 0.83125 13392
0.865625 0.83125 13392
0.865625 0.83125 13392
0.865625 0.83125 13392
0.865625 0.83125 13392
0.865625 0.83125 13392
0.865625 0.83125 13392
0.865625 0.83125 13392
0.865625 0.83125 13392
0.865625 0.83125 13392
0.865625 0.83125 13392
0.865625 0.83125 13392
0.865625 0.83125 13392
0.865625 0.83125 13392
0.865625 0.83125 13392
0.865625 0.83125 13392
0.865625 0.83125 13392
0.865625 0.83125 13392
0.865625 0.83125 13392
0.865625 0.83125 13392
0.865625 0.83125 13392
0.865625 0.83125 13392
0.865625 0.83125 13392
0.865625 0.83125 13392
0.865625 0.83125 13392
0.865625 0.83125 13392
0.865625 0.83125 13392
0.865625 0.83125 13392
0.865625 0.83125 13392
0.865625 0.83125 13392
0.865625 0.83125 13392
0.865625 0.83125 13392
0.865625 0.83125 13392
0.865625 0.83125 13392
0.865625 0.83125 13392
0.865625 0.83125 13392
0.865625 0.83125 13392
0.865625 0.83125 13392
0.865625 0.83125 13392
0.865625 0.83125 13392
0.865625 0.83125 13392
0.865625 0.83125 13392
0.865625 0.83125 13392
0.865625 0.83125 13392
0.865625 0.83125 13392
0.865625 0.83125 13392
0.865625 0.83125 13392
0.865625 0.83125 13392
0.865625 0.83125 13392
0.865625 0.83125 13392
0.865625 0.83125 13392
0.865625 0.83125 13392
0.865625 0.83125 13392
0.865625 0.83125 13392
0.865625 0.83125 13392
0.865625 0.83125 13392
0.865625 0.83125 13392
0.865625 0.83125 13392
0.865625 0.83125 13392
0.865625 0.83125 13392
0.865625 0.83125 13392
0.865625 0.83125 13392
0.865625 0.83125 13392
0.865625 0.83125 13392
0.865625 0.83125 13392
0.865625 0.83125 13392
0.865625 0.83125 13392
0.865625 0.83125 13392
0.865625 0.83125 13392
0.865625 0.83125 13392
0.865625 0.83125 13392
0.865625 0.83125 13392
0.865625 0.83125 13392
0.865625 0.83125 13392
0.865625 0.83125 13392
0.865625 0.83125 13392
0.865625 0.83125 13392
0.865625 0.83125 13392
0.865625 0.83125 13392
0.865625 0.83125 13392
0.865625 0.83125 13392
0.865625 0.83125 13392
0.865625 0.83125 13392
0.865625 0.83125 13392
0.865625 0.83125 13392
0.865625 0.83125 13392
0.865625 0.83125 13392
0.865625 0.83125 13392
0.865625 0.83125 13392
0.865625 0.83125 13392
0.865625 0.83125 13392
0.865625 0.83125 13392
0.865625 0.83125 13392
0.865625 0.83125 13392
0.865625 0.83125 13392
0.865625 0.83125 13392
0.865625 0.83125 13392
0.865625 0.83125 13392
0.865625 0.83125 13392
0.865625 0.83125 13392
0.865625 0.83125 13392
0.865625 0.83125 13392
0.865625 0.83125 13392
0.865625 0.83125 13392
0.865625 0.83125 13392
0.865625 0.83125 13392
0.865625 0.83125 13392
0.865625 0.83125 13392
0.865625 0.83125 13392
0.865625 0.83125 13392
0.865625 0.83125 13392
0.865625 0.83125 13392
0.865625 0.83125 13392
0.865625 0.83125 13392
0.865625 0.83125 13392
0.865625 0.83125 13392
0.865625 0.83125 13392
0.865625 0.83125 13392
0.865625 0.83125 13392
0.865625 0.83125 13392
0.865625 0.83125 13392
0.865625 0.83125 13392
0.865625 0.83125 13392
0.865625 0.83125 13392
0.865625 0.83125 13392
0.865625 0.83125 13392
0.865625 0.83125 13392
0.865625 0.83125 13392
0.865625 0.83125 13392
0.865625 0.83125 13392
0.865625 0.83125 13392
0.865625 0.83125 13392
0.865625 0.83125 13392
0.865625 0.83125 13392
0.865625 0.83125 13392
0.865625 0.83125 13392
0.865625 0.83125 13392
0.865625 0.83125 13392
0.865625 0.83125 13392
0.865625 0.83125 13392
0.865625 0.83125 13392
0.865625 0.83125 13392
0.865625 0.83125 13392
0.865625 0.83125 13392
0.865625 0.83125 13392
0.865625 0.83125 13392
0.865625 0.83125 13392
0.865625 0.83125 13392
0.865625 0.83125 13392
0.865625 0.83125 13392
0.865625 0.83125 13392
0.865625 0.8375 13392
0.865625 0.8375 13392
0.865625 0.8375 13392
0.865625 0.8375 13392
0.865625 0.8375 13392
0.865625 0.8375 13392
0.865625 0.8375 13392
0.865625 0.8375 13392
0.865625 0.8375 13392
0.865625 0.8375 13392
0.865625 0.8375 13392
0.865625 0.8375 13392
0.865625 0.8375 13392
0.865625 0.8375 13392
0.865625 0.8375 13392
0.865625 0.8375 13392
0.865625 0.8375 13392
0.865625 0.8375 13392
0.865625 0.8375 13392
0.865625 0.8375 13392
0.865625 0.8375 13392
0.865625 0.8375 13392
0.865625 0.8375 13392
0.865625 0.8375 13392
0.865625 0.8375 13392
0.865625 0.8375 13392
0.865625 0.8375 13392
0.865625 0.8375 13392
0.865625 0.8375 13392
0.865625 0.8375 13392
0.865625 0.8375 13392
0.865625 0.8375 13392
0.865625 0.8375 13392
0.865625 0.8375 13392
0.865625 0.8375 13392
0.865625 0.8375 13392
0.865625 0.8375 13392
0.865625 0.8375 13392
0.865625 0.8375 13392
0.865625 0.8375 13392
0.865625 0.8375 13392
0.865625 0.8375 13392
0.865625 0.8375 13392
0.865625 0.8375 13392
0.865625 0.8375 13392
0.865625 0.8375 13392
0.865625 0.8375 13392
0.865625 0.8375 13392
0.865625 0.8375 13392
0.865625 0.8375 13392
0.865625 0.8375 13392
0.865625 0.8375 13392
0.865625 0.8375 13392
0.865625 0.8375 13392
0.865625 0.8375 13392
0.865625 0.8375 13392
0.865625 0.8375 13392
0.865625 0.8375 13392
0.865625 0.8375 13392
0.865625 0.8375 13392
0.865625 0.8375 13392
0.865625 0.8375 13392
0.865625 0.8375 13392
0.865625 0.8375 13392
0.865625 0.8375 13392
0.865625 0.8375 13392
0.865625 0.8375 13392
0.865625 0.8375 13392
0.865625 0.8375 13392
0.865625 0.8375 13392
0.865625 0.8375 13392
0.865625 0.8375 13392
0.865625 0.8375 13392
0.865625 0.8375 13392
0.865625 0.8375 13392
0.865625 0.8375 13392
0.865625 0.8375 13392
0.865625 0.8375 13392
0.865625 0.8375 13392
0.865625 0.8375 13392
0.865625 0.8375 13392
0.865625 0.8375 13392
0.865625 0.8375 13392
0.865625 0.8375 13392
0.865625 0.8375 13392
0.865625 0.8375 13392
0.865625 0.8375 13392
0.865625 0.8375 13392
0.865625 0.8375 13392
0.865625 0.8375 13392
0.865625 0.8375 13392
0.865625 0.8375 13392
0.865625 0.8375 13392
0.865625 0.8375 13392
0.865625 0.8375 13392
0.865625 0.8375 13392
0.865625 0.8375 13392
0.865625 0.8375 13392
0.865625 0.8375 13392
0.865625 0.8375 13392
0.865625 0.8375 13392
0.865625 0.8375 13392
0.865625 0.8375 13392
0.865625 0.8375 13392
0.865625 0.8375 13392
0.865625 0.8375 13392
0.865625 0.8375 13392
0.865625 0.8375 13392
0.865625 0.8375 13392
0.865625 0.8375 13392
0.865625 0.8375 13392
0.865625 0.8375 13392
0.865625 0.8375 13392
0.865625 0.8375 13392
0.865625 0.8375 13392
0.865625 0.8375 13392
0.865625 0.8375 13392
0.865625 0.8375 13392
0.865625 0.8375 13392
0.865625 0.8375 13392
0.865625 0.8375 13392
0.865625 0.8375 13392
0.865625 0.8375 13392
0.865625 0.8375 13392
0.865625 0.8375 13392
0.865625 0.8375 13392
0.865625 0.8375 13392
0.865625 0.8375 13392
0.865625 0.8375 13392
0.865625 0.8375 13392
0.865625 0.8375 13392
0.865625 0.8375 13392
0.865625 0.8375 13392
0.865625 0.8375 13392
0.865625 0.8375 13392
0.865625 0.8375 13392
0.865625 0.8375 13392
0.865625 0.8375 13392
0.865625 0.8375 13392
0.865625 0.8375 13392
0.865625 0.8375 13392
0.865625 0.8375 13392
