0.83125 0.834375 596
0.809375 0.821875 1102
0.746875 0.771875 1564
0.76875 0.81875 1720
0.7375 0.784375 1876
0.71875 0.75625 2008
0.70625 0.759375 2140
0.703125 0.746875 2272
0.703125 0.740625 2404
0.70625 0.74375 2536
0.703125 0.75625 2668
0.70625 0.75 2778
0.70625 0.753125 2888
0.696875 0.746875 2998
0.70625 0.75625 3108
0.715625 0.759375 3198
0.715625 0.76875 3288
0.725 0.778125 3378
0.725 0.778125 3450
0.725 0.7875 3522
0.721875 0.7875 3594
0.721875 0.790625 3666
0.721875 0.796875 3738
0.7375 0.809375 3810
0.728125 0.809375 3882
0.721875 0.81875 3954
0.725 0.803125 4026
0.725 0.79375 4082
0.721875 0.790625 4138
0.7375 0.790625 4194
0.7375 0.78125 4250
0.7375 0.784375 4306
0.7375 0.78125 4362
0.7375 0.790625 4418
0.7375 0.796875 4474
0.7375 0.796875 4530
0.734375 0.778125 4586
0.734375 0.78125 4642
0.734375 0.784375 4698
0.73125 0.778125 4754
0.73125 0.784375 4810
0.73125 0.790625 4866
0.73125 0.790625 4922
0.73125 0.790625 4964
0.734375 0.796875 5006
0.753125 0.83125 5048
0.753125 0.834375 5090
0.75 0.834375 5132
0.75 0.834375 5174
0.75 0.834375 5216
0.74375 0.840625 5258
0.74375 0.840625 5300
0.74375 0.846875 5342
0.74375 0.846875 5384
0.740625 0.846875 5426
0.740625 0.84375 5468
0.7375 0.84375 5510
0.7375 0.84375 5552
0.740625 0.83125 5594
0.740625 0.821875 5636
0.740625 0.83125 5678
0.740625 0.83125 5720
0.740625 0.83125 5762
0.746875 0.84375 5804
0.765625 0.84375 5846
0.765625 0.85 5888
0.765625 0.85 5930
0.765625 0.85625 5972
0.765625 0.8625 6002
0.765625 0.8625 6032
0.765625 0.85625 6062
0.7625 0.85625 6092
0.7625 0.85625 6122
0.7625 0.85 6152
0.7625 0.84375 6182
0.775 0.85625 6212
0.775 0.85625 6242
0.771875 0.85625 6272
0.771875 0.846875 6302
0.771875 0.846875 6332
0.771875 0.85 6362
0.771875 0.853125 6392
0.778125 0.859375 6422
0.778125 0.86875 6452
0.778125 0.871875 6482
0.778125 0.875 6512
0.778125 0.875 6542
0.778125 0.875 6572
0.775 0.875 6602
0.775 0.875 6632
0.775 0.8625 6662
0.775 0.8625 6692
0.775 0.859375 6722
0.775 0.85 6752
0.775 0.85 6782
0.778125 0.88125 6812
0.778125 0.8875 6842
0.778125 0.8875 6872
0.778125 0.8875 6902
0.778125 0.8875 6932
0.78125 0.8875 6962
0.796875 0.8875 6992
0.796875 0.8875 7022
0.8 0.8875 7052
0.803125 0.88125 7082
0.803125 0.88125 7112
0.80625 0.8875 7142
0.80625 0.88125 7172
0.803125 0.8875 7202
0.803125 0.8875 7232
0.80625 0.89375 7262
0.803125 0.89375 7292
0.803125 0.89375 7312
0.803125 0.8875 7332
0.803125 0.884375 7352
0.803125 0.884375 7372
0.803125 0.884375 7392
0.8 0.884375 7412
0.8 0.88125 7432
0.8 0.88125 7452
0.796875 0.88125 7472
0.796875 0.88125 7492
0.796875 0.88125 7512
0.796875 0.875 7532
0.796875 0.875 7552
0.8 0.88125 7572
0.8 0.875 7592
0.8 0.88125 7612
0.8 0.88125 7632
0.8 0.88125 7652
0.8 0.88125 7672
0.8 0.875 7692
0.8 0.875 7712
0.8 0.88125 7732
0.8 0.88125 7752
0.8 0.88125 7772
0.8 0.88125 7792
0.8 0.88125 7812
0.8 0.88125 7832
0.8 0.88125 7852
0.8 0.88125 7872
0.8 0.88125 7892
0.8 0.88125 7912
0.8 0.88125 7932
0.8 0.88125 7952
0.8 0.88125 7972
0.8 0.875 7992
0.8 0.875 8012
0.8 0.875 8032
0.8 0.875 8052
0.8 0.875 8072
0.8 0.875 8092
0.8 0.875 8112
0.803125 0.86875 8132
0.803125 0.871875 8152
0.803125 0.875 8172
0.803125 0.88125 8192
0.809375 0.875 8212
0.809375 0.875 8232
0.809375 0.875 8252
0.809375 0.88125 8272
0.809375 0.875 8292
0.809375 0.88125 8312
0.809375 0.88125 8332
0.809375 0.88125 8352
0.8125 0.88125 8372
0.8125 0.88125 8392
0.8125 0.88125 8412
0.8125 0.88125 8432
0.8125 0.88125 8452
0.81875 0.88125 8472
0.821875 0.88125 8492
0.825 0.871875 8512
0.825 0.871875 8532
0.825 0.878125 8552
0.825 0.865625 8572
0.825 0.859375 8592
0.825 0.859375 8612
0.825 0.859375 8632
0.825 0.859375 8652
0.828125 0.865625 8672
0.828125 0.859375 8692
0.828125 0.871875 8712
0.828125 0.871875 8732
0.828125 0.871875 8752
0.828125 0.871875 8772
0.828125 0.871875 8792
0.828125 0.871875 8812
0.828125 0.871875 8832
0.828125 0.871875 8852
0.828125 0.871875 8872
0.828125 0.871875 8892
0.825 0.871875 8912
0.81875 0.871875 8932
0.81875 0.878125 8944
0.821875 0.878125 8956
0.821875 0.878125 8968
0.821875 0.875 8980
0.821875 0.875 8992
0.821875 0.875 9004
0.821875 0.875 9016
0.821875 0.875 9028
0.821875 0.875 9040
0.821875 0.875 9052
0.821875 0.88125 9064
0.821875 0.88125 9076
0.821875 0.88125 9088
0.821875 0.884375 9100
0.81875 0.8875 9112
0.81875 0.88125 9124
0.81875 0.8875 9136
0.81875 0.8875 9148
0.81875 0.88125 9160
0.815625 0.88125 9172
0.815625 0.88125 9184
0.815625 0.88125 9196
0.815625 0.88125 9208
0.815625 0.88125 9220
0.815625 0.88125 9232
0.815625 0.88125 9244
0.815625 0.88125 9256
0.815625 0.88125 9268
0.815625 0.88125 9280
0.815625 0.88125 9292
0.815625 0.88125 9304
0.815625 0.88125 9316
0.815625 0.88125 9328
0.815625 0.88125 9340
0.815625 0.88125 9352
0.815625 0.88125 9364
0.815625 0.88125 9376
0.815625 0.88125 9388
0.815625 0.88125 9400
0.815625 0.88125 9412
0.815625 0.88125 9424
0.8125 0.88125 9436
0.8125 0.88125 9448
0.8125 0.88125 9460
0.8125 0.88125 9472
0.8125 0.88125 9484
0.8125 0.88125 9496
0.8125 0.88125 9508
0.8125 0.875 9520
0.8125 0.875 9532
0.8125 0.88125 9544
0.825 0.89375 9556
0.825 0.89375 9568
0.825 0.896875 9580
0.825 0.9 9592
0.825 0.9 9604
0.825 0.9 9616
0.825 0.9 9628
0.825 0.9 9640
0.825 0.9 9652
0.825 0.9 9664
0.825 0.9 9676
0.825 0.9 9688
0.825 0.89375 9700
0.825 0.9 9712
0.825 0.9 9724
0.828125 0.89375 9736
0.834375 0.89375 9748
0.8375 0.89375 9760
0.8375 0.88125 9772
0.8375 0.88125 9784
0.8375 0.88125 9796
0.84375 0.8875 9808
0.846875 0.89375 9820
0.846875 0.89375 9832
0.846875 0.89375 9844
0.846875 0.89375 9856
0.846875 0.89375 9868
0.846875 0.89375 9880
0.846875 0.89375 9892
0.846875 0.9 9904
0.846875 0.9 9916
0.846875 0.89375 9928
0.846875 0.890625 9940
0.846875 0.890625 9952
0.846875 0.89375 9964
0.846875 0.89375 9976
0.846875 0.89375 9988
0.846875 0.89375 10000
0.846875 0.89375 10012
0.846875 0.89375 10024
0.846875 0.89375 10036
0.846875 0.890625 10048
0.846875 0.89375 10060
0.846875 0.890625 10072
0.846875 0.8875 10084
0.846875 0.8875 10096
0.846875 0.8875 10108
0.846875 0.8875 10120
0.846875 0.8875 10132
0.846875 0.8875 10144
0.846875 0.8875 10156
0.846875 0.8875 10168
0.846875 0.8875 10180
0.846875 0.8875 10192
0.846875 0.8875 10204
0.846875 0.8875 10216
0.846875 0.8875 10228
0.846875 0.8875 10240
0.846875 0.8875 10252
0.846875 0.8875 10264
0.846875 0.8875 10276
0.846875 0.8875 10288
0.846875 0.8875 10300
0.846875 0.8875 10312
0.846875 0.8875 10324
0.846875 0.8875 10336
0.846875 0.8875 10348
0.846875 0.8875 10360
0.846875 0.8875 10372
0.846875 0.8875 10384
0.846875 0.8875 10396
0.846875 0.8875 10408
0.846875 0.8875 10420
0.846875 0.8875 10432
0.846875 0.8875 10444
0.846875 0.8875 10456
0.846875 0.8875 10468
0.846875 0.8875 10480
0.846875 0.8875 10492
0.846875 0.8875 10504
0.846875 0.8875 10516
0.846875 0.8875 10528
0.846875 0.8875 10540
0.846875 0.8875 10552
0.846875 0.8875 10564
0.846875 0.8875 10576
0.846875 0.8875 10588
0.846875 0.8875 10600
0.846875 0.8875 10612
0.846875 0.8875 10624
0.846875 0.8875 10636
0.846875 0.8875 10648
0.846875 0.8875 10660
0.846875 0.8875 10672
0.846875 0.8875 10684
0.846875 0.8875 10696
0.846875 0.8875 10708
0.846875 0.8875 10720
0.846875 0.8875 10732
0.846875 0.8875 10744
0.846875 0.8875 10756
0.846875 0.8875 10762
0.846875 0.8875 10768
0.846875 0.8875 10774
0.846875 0.8875 10780
0.846875 0.8875 10786
0.846875 0.8875 10792
0.846875 0.8875 10798
0.846875 0.8875 10804
0.846875 0.8875 10810
0.846875 0.8875 10816
0.846875 0.8875 10822
0.846875 0.8875 10828
0.846875 0.8875 10834
0.846875 0.8875 10840
0.846875 0.8875 10846
0.846875 0.8875 10852
0.846875 0.8875 10858
0.846875 0.8875 10864
0.846875 0.8875 10870
0.846875 0.8875 10876
0.846875 0.8875 10882
0.846875 0.8875 10888
0.846875 0.8875 10894
0.846875 0.8875 10900
0.846875 0.8875 10906
0.846875 0.8875 10912
0.846875 0.8875 10918
0.846875 0.8875 10924
0.846875 0.8875 10930
0.846875 0.8875 10936
0.846875 0.89375 10942
0.846875 0.89375 10948
0.846875 0.89375 10954
0.846875 0.89375 10960
0.846875 0.89375 10966
0.846875 0.89375 10972
0.846875 0.89375 10978
0.846875 0.89375 10984
0.846875 0.89375 10990
0.846875 0.89375 10996
0.846875 0.89375 11002
0.846875 0.89375 11008
0.846875 0.89375 11014
0.846875 0.89375 11020
0.846875 0.89375 11026
0.846875 0.89375 11032
0.846875 0.89375 11038
0.846875 0.89375 11044
0.846875 0.89375 11050
0.846875 0.89375 11056
0.846875 0.89375 11062
0.846875 0.890625 11068
0.846875 0.884375 11074
0.846875 0.88125 11080
0.846875 0.88125 11086
0.846875 0.88125 11092
0.846875 0.88125 11098
0.846875 0.884375 11104
0.846875 0.884375 11110
0.846875 0.8875 11116
0.846875 0.896875 11122
0.846875 0.9 11128
0.846875 0.9 11134
0.846875 0.9 11140
0.846875 0.9 11146
0.846875 0.9 11152
0.846875 0.9 11158
0.846875 0.9 11164
0.846875 0.9 11170
0.846875 0.9 11176
0.846875 0.9 11182
0.846875 0.9 11188
0.846875 0.896875 11194
0.846875 0.896875 11200
0.846875 0.890625 11206
0.846875 0.890625 11212
0.846875 0.884375 11218
0.846875 0.88125 11224
0.846875 0.88125 11230
0.846875 0.878125 11236
0.846875 0.875 11242
0.846875 0.875 11248
0.846875 0.871875 11254
0.846875 0.871875 11260
0.846875 0.86875 11266
0.846875 0.86875 11272
0.846875 0.86875 11278
0.846875 0.86875 11284
0.846875 0.86875 11290
0.846875 0.86875 11296
0.846875 0.86875 11302
0.846875 0.86875 11308
0.846875 0.86875 11314
0.846875 0.86875 11320
0.846875 0.86875 11326
0.846875 0.86875 11332
0.846875 0.86875 11338
0.846875 0.86875 11344
0.846875 0.86875 11350
0.846875 0.86875 11356
0.846875 0.86875 11362
0.846875 0.86875 11368
0.846875 0.86875 11374
0.846875 0.86875 11380
0.846875 0.86875 11386
0.846875 0.86875 11392
0.846875 0.86875 11398
0.846875 0.86875 11404
0.846875 0.86875 11410
0.846875 0.86875 11416
0.846875 0.86875 11422
0.846875 0.86875 11428
0.846875 0.86875 11434
0.846875 0.86875 11440
0.846875 0.86875 11446
0.846875 0.86875 11452
0.846875 0.86875 11458
0.846875 0.86875 11464
0.846875 0.86875 11470
0.846875 0.86875 11476
0.846875 0.86875 11482
0.846875 0.86875 11488
0.846875 0.86875 11494
0.846875 0.86875 11500
0.846875 0.86875 11506
0.846875 0.86875 11512
0.846875 0.86875 11518
0.846875 0.86875 11524
0.846875 0.86875 11530
0.846875 0.86875 11536
0.846875 0.86875 11542
0.846875 0.875 11548
0.846875 0.875 11554
0.846875 0.875 11560
0.846875 0.875 11566
0.846875 0.875 11572
0.846875 0.875 11578
0.846875 0.875 11584
0.846875 0.875 11590
0.846875 0.875 11596
0.846875 0.875 11602
0.846875 0.875 11608
0.846875 0.875 11614
0.846875 0.875 11620
0.846875 0.875 11626
0.846875 0.875 11632
0.846875 0.875 11638
0.846875 0.875 11644
0.846875 0.875 11650
0.846875 0.875 11656
0.846875 0.875 11662
0.846875 0.878125 11668
0.846875 0.88125 11674
0.846875 0.88125 11680
0.846875 0.88125 11686
0.846875 0.88125 11692
0.846875 0.88125 11698
0.846875 0.88125 11704
0.846875 0.88125 11710
0.846875 0.88125 11716
0.846875 0.88125 11722
0.846875 0.88125 11728
0.846875 0.88125 11734
0.846875 0.88125 11740
0.846875 0.88125 11746
0.846875 0.88125 11752
0.846875 0.88125 11758
0.846875 0.88125 11764
0.846875 0.88125 11770
0.846875 0.88125 11776
0.846875 0.88125 11782
0.846875 0.88125 11788
0.846875 0.88125 11794
0.846875 0.88125 11800
0.846875 0.88125 11806
0.84375 0.88125 11812
0.84375 0.88125 11818
0.84375 0.88125 11824
0.84375 0.88125 11830
0.840625 0.88125 11836
0.840625 0.88125 11842
0.840625 0.88125 11848
0.840625 0.88125 11854
0.840625 0.88125 11860
0.840625 0.88125 11866
0.840625 0.88125 11872
0.840625 0.88125 11878
0.840625 0.88125 11884
0.840625 0.88125 11890
0.840625 0.88125 11896
0.840625 0.88125 11902
0.840625 0.88125 11908
0.840625 0.88125 11914
0.840625 0.88125 11920
0.840625 0.88125 11926
0.840625 0.88125 11932
0.840625 0.88125 11938
0.840625 0.88125 11944
0.840625 0.88125 11950
0.840625 0.88125 11956
0.840625 0.88125 11962
0.840625 0.88125 11968
0.840625 0.88125 11974
0.840625 0.88125 11980
0.840625 0.88125 11986
0.840625 0.88125 11992
0.840625 0.88125 11998
0.840625 0.88125 12004
0.840625 0.88125 12010
0.840625 0.88125 12016
0.840625 0.88125 12022
0.840625 0.88125 12028
0.840625 0.875 12034
0.840625 0.875 12040
0.840625 0.875 12046
0.840625 0.875 12052
0.840625 0.875 12058
0.840625 0.875 12064
0.840625 0.875 12070
0.840625 0.88125 12076
0.840625 0.88125 12082
0.840625 0.88125 12088
0.840625 0.88125 12094
0.840625 0.88125 12100
0.840625 0.88125 12106
0.840625 0.88125 12112
0.840625 0.88125 12118
0.840625 0.88125 12124
0.840625 0.88125 12130
0.840625 0.875 12136
0.840625 0.875 12142
0.840625 0.875 12148
0.840625 0.875 12154
0.840625 0.875 12160
0.840625 0.875 12166
0.840625 0.875 12172
0.840625 0.875 12178
0.840625 0.875 12184
0.840625 0.875 12190
0.840625 0.875 12196
0.840625 0.875 12202
0.840625 0.875 12208
0.840625 0.875 12214
0.840625 0.875 12220
0.840625 0.875 12226
0.840625 0.875 12232
0.840625 0.875 12238
0.840625 0.88125 12244
0.840625 0.88125 12246
0.840625 0.88125 12248
0.840625 0.878125 12250
0.840625 0.878125 12252
0.840625 0.878125 12254
0.840625 0.878125 12256
0.840625 0.875 12258
0.840625 0.875 12260
0.840625 0.875 12262
0.840625 0.875 12264
0.840625 0.875 12266
0.840625 0.875 12268
0.840625 0.875 12270
0.840625 0.875 12272
0.840625 0.875 12274
0.840625 0.875 12276
0.840625 0.875 12278
0.840625 0.875 12280
0.840625 0.875 12282
0.840625 0.875 12284
0.840625 0.875 12286
0.840625 0.875 12288
0.840625 0.875 12290
0.840625 0.875 12292
0.840625 0.875 12294
0.840625 0.875 12296
0.840625 0.875 12298
0.840625 0.875 12300
0.840625 0.875 12302
0.840625 0.875 12304
0.840625 0.875 12306
0.840625 0.875 12308
0.840625 0.875 12310
0.840625 0.875 12312
0.840625 0.875 12314
0.840625 0.875 12316
0.840625 0.875 12318
0.840625 0.875 12320
0.840625 0.875 12322
0.840625 0.875 12324
0.840625 0.875 12326
0.840625 0.875 12328
0.840625 0.875 12330
0.840625 0.875 12332
0.840625 0.875 12334
0.840625 0.875 12336
0.840625 0.875 12338
0.840625 0.875 12340
0.840625 0.875 12342
0.840625 0.875 12344
0.840625 0.875 12346
0.840625 0.875 12348
0.840625 0.875 12350
0.840625 0.875 12352
0.840625 0.875 12354
0.840625 0.875 12356
0.840625 0.875 12358
0.840625 0.875 12360
0.840625 0.875 12362
0.840625 0.875 12364
0.840625 0.875 12366
0.840625 0.875 12368
0.840625 0.875 12370
0.840625 0.875 12372
0.840625 0.875 12374
0.840625 0.875 12376
0.840625 0.875 12378
0.840625 0.875 12380
0.840625 0.875 12382
0.840625 0.875 12384
0.840625 0.875 12386
0.840625 0.875 12388
0.840625 0.875 12390
0.840625 0.875 12392
0.840625 0.875 12394
0.840625 0.875 12396
0.840625 0.875 12398
0.840625 0.875 12400
0.840625 0.875 12402
0.840625 0.875 12404
0.840625 0.871875 12406
0.840625 0.86875 12408
0.840625 0.86875 12410
0.840625 0.86875 12412
0.840625 0.86875 12414
0.840625 0.86875 12416
0.840625 0.86875 12418
0.840625 0.86875 12420
0.840625 0.86875 12422
0.840625 0.86875 12424
0.840625 0.86875 12426
0.84375 0.86875 12428
0.85 0.86875 12430
0.85 0.86875 12432
0.85 0.86875 12434
0.85 0.86875 12436
0.85 0.86875 12438
0.85 0.86875 12440
0.85 0.86875 12442
0.85 0.86875 12444
0.85 0.86875 12446
0.85 0.86875 12448
0.85 0.86875 12450
0.85 0.86875 12452
0.85 0.86875 12454
0.85 0.86875 12456
0.85 0.86875 12458
0.85 0.86875 12460
0.85 0.86875 12462
0.85 0.86875 12464
0.85 0.865625 12466
0.85 0.865625 12468
0.85 0.865625 12470
0.85 0.865625 12472
0.85 0.865625 12474
0.85 0.865625 12476
0.85 0.865625 12478
0.85 0.8625 12480
0.85 0.8625 12482
0.85 0.8625 12484
0.85 0.8625 12486
0.85 0.8625 12488
0.85 0.8625 12490
0.85 0.8625 12492
0.85 0.8625 12494
0.85 0.8625 12496
0.85 0.8625 12498
0.85 0.8625 12500
0.85 0.8625 12502
0.85 0.8625 12504
0.85 0.8625 12506
0.85 0.8625 12508
0.85 0.8625 12510
0.85 0.8625 12512
0.85 0.8625 12514
0.85 0.8625 12516
0.85 0.8625 12518
0.85 0.8625 12520
0.85 0.8625 12522
0.85 0.8625 12524
0.85 0.8625 12526
0.85 0.8625 12528
0.85 0.8625 12530
0.85 0.8625 12532
0.85 0.8625 12534
0.85 0.8625 12536
0.85 0.8625 12538
0.85 0.8625 12540
0.85 0.8625 12542
0.85 0.8625 12544
0.85 0.8625 12546
0.85 0.8625 12548
0.85 0.8625 12550
0.85 0.8625 12552
0.85 0.8625 12554
0.85 0.8625 12556
0.85 0.8625 12558
0.85 0.8625 12560
0.85 0.8625 12562
0.85 0.8625 12564
0.85 0.8625 12566
0.85 0.8625 12568
0.85 0.8625 12570
0.85 0.8625 12572
0.85 0.8625 12574
0.85 0.85625 12576
0.85 0.85625 12578
0.85 0.85625 12580
0.85 0.85625 12582
0.85 0.85625 12584
0.85 0.85625 12586
0.85 0.85 12588
0.85 0.85 12590
0.85 0.85 12592
0.85 0.85 12594
0.85 0.85 12596
0.85 0.85 12598
0.85 0.85 12600
0.85 0.85 12602
0.85 0.85 12604
0.85 0.85 12606
0.85 0.85 12608
0.85 0.85625 12610
0.85 0.85625 12612
0.85 0.85625 12614
0.85 0.85625 12616
0.85 0.85625 12618
0.85 0.85625 12620
0.85 0.85625 12622
0.85 0.85625 12624
0.85 0.85625 12626
0.85 0.85625 12628
0.85 0.85625 12630
0.85 0.85625 12632
0.85 0.85625 12634
0.85 0.85 12636
0.85 0.85 12638
0.85 0.85 12640
0.85 0.85 12642
0.85 0.85 12644
0.85 0.85 12646
0.85 0.85 12648
0.85 0.85 12650
0.85 0.85 12652
0.85 0.85 12654
0.85 0.85 12656
0.85 0.85 12658
0.85 0.85 12660
0.85 0.85 12662
0.85 0.85 12664
0.85 0.85 12666
0.85 0.85 12668
0.85 0.85 12670
0.85 0.85 12672
0.85 0.85 12674
0.85 0.84375 12676
0.85 0.84375 12678
0.85 0.84375 12680
0.85 0.84375 12682
0.85 0.840625 12684
0.85 0.8375 12686
0.85 0.8375 12688
0.85 0.8375 12690
0.85 0.834375 12692
0.85 0.834375 12694
0.85 0.83125 12696
0.85 0.83125 12698
0.85 0.83125 12700
0.85 0.83125 12702
0.85 0.83125 12704
0.85 0.83125 12706
0.85 0.83125 12708
0.85 0.83125 12710
0.85 0.83125 12712
0.85 0.83125 12714
0.85 0.83125 12716
0.85 0.83125 12718
0.85 0.83125 12720
0.85 0.83125 12722
0.85 0.83125 12724
0.85 0.83125 12726
0.85 0.8375 12728
0.85 0.8375 12730
0.85 0.8375 12732
0.85 0.8375 12734
0.85 0.84375 12736
0.85 0.84375 12738
0.85 0.85 12740
0.85 0.85 12742
0.85 0.85 12744
0.85 0.85 12746
0.85 0.85 12748
0.85 0.85 12750
0.85 0.85 12752
0.85 0.85 12754
0.85 0.853125 12756
0.85 0.853125 12758
0.85 0.853125 12760
0.85 0.853125 12762
0.85 0.853125 12764
0.85 0.853125 12766
0.85 0.853125 12768
0.85 0.853125 12770
0.85 0.853125 12772
0.85 0.853125 12774
0.85 0.853125 12776
0.85 0.853125 12778
0.85 0.859375 12780
0.85 0.859375 12782
0.85 0.859375 12784
0.85 0.859375 12786
0.85 0.859375 12788
0.85 0.859375 12790
0.85 0.859375 12792
0.85 0.859375 12794
0.85 0.859375 12796
0.85 0.859375 12798
0.85 0.859375 12800
0.85 0.859375 12802
0.85 0.859375 12804
0.85 0.859375 12806
0.85 0.859375 12808
0.85 0.859375 12810
0.85 0.859375 12812
0.85 0.859375 12814
0.85 0.859375 12816
0.85 0.859375 12818
0.85 0.859375 12820
0.85 0.859375 12822
0.85 0.859375 12824
0.85 0.859375 12826
0.85 0.859375 12828
0.85 0.859375 12830
0.85 0.859375 12832
0.85 0.859375 12834
0.85 0.85625 12836
0.85 0.85625 12838
0.846875 0.85 12840
0.846875 0.85 12842
0.846875 0.85 12844
0.846875 0.853125 12846
0.846875 0.853125 12848
0.846875 0.853125 12850
0.846875 0.853125 12852
0.846875 0.85625 12854
0.846875 0.859375 12856
0.846875 0.859375 12858
0.846875 0.859375 12860
0.846875 0.859375 12862
0.846875 0.859375 12864
0.846875 0.859375 12866
0.846875 0.859375 12868
0.846875 0.859375 12870
0.846875 0.8625 12872
0.846875 0.8625 12874
0.846875 0.8625 12876
0.846875 0.8625 12878
0.846875 0.8625 12880
0.846875 0.8625 12882
0.846875 0.8625 12884
0.846875 0.8625 12886
0.846875 0.8625 12888
0.846875 0.8625 12890
0.846875 0.8625 12892
0.846875 0.8625 12894
0.846875 0.8625 12896
0.846875 0.8625 12898
0.846875 0.8625 12900
0.846875 0.8625 12902
0.846875 0.8625 12904
0.846875 0.8625 12906
0.846875 0.8625 12908
0.846875 0.8625 12910
0.846875 0.859375 12912
0.846875 0.859375 12914
0.846875 0.859375 12916
0.846875 0.859375 12918
0.846875 0.85625 12920
0.846875 0.85625 12922
0.846875 0.85625 12924
0.846875 0.85625 12926
0.846875 0.85625 12928
0.846875 0.85625 12930
0.846875 0.85625 12932
0.846875 0.859375 12934
0.846875 0.8625 12936
0.846875 0.8625 12938
0.846875 0.8625 12940
0.846875 0.8625 12942
0.846875 0.8625 12944
0.846875 0.8625 12946
0.846875 0.8625 12948
0.846875 0.8625 12950
0.846875 0.8625 12952
0.846875 0.8625 12954
0.846875 0.86875 12956
0.846875 0.86875 12958
0.846875 0.86875 12960
0.846875 0.86875 12962
0.846875 0.8625 12964
0.846875 0.8625 12966
0.846875 0.8625 12968
0.846875 0.8625 12970
0.846875 0.8625 12972
0.846875 0.8625 12974
0.846875 0.8625 12976
0.846875 0.8625 12978
0.846875 0.8625 12980
0.846875 0.8625 12982
0.846875 0.8625 12984
0.846875 0.8625 12986
0.846875 0.8625 12988
0.846875 0.8625 12990
0.846875 0.8625 12992
0.846875 0.86875 12994
0.846875 0.86875 12996
0.846875 0.86875 12998
0.846875 0.86875 13000
0.846875 0.86875 13002
0.846875 0.86875 13004
0.846875 0.86875 13006
0.846875 0.86875 13008
0.846875 0.86875 13010
0.846875 0.86875 13012
0.846875 0.86875 13014
0.846875 0.86875 13016
0.846875 0.86875 13018
0.846875 0.86875 13020
0.846875 0.86875 13022
0.846875 0.86875 13024
0.846875 0.86875 13026
0.846875 0.86875 13028
0.846875 0.86875 13030
0.846875 0.86875 13032
0.846875 0.86875 13034
0.846875 0.86875 13036
0.846875 0.86875 13038
0.846875 0.86875 13040
0.846875 0.86875 13042
0.846875 0.86875 13044
0.846875 0.86875 13046
0.846875 0.86875 13048
0.846875 0.86875 13050
0.846875 0.86875 13052
0.846875 0.8625 13054
0.846875 0.8625 13056
0.846875 0.8625 13058
0.846875 0.859375 13060
0.846875 0.85625 13062
0.846875 0.85625 13064
0.846875 0.85625 13066
0.846875 0.85625 13068
0.846875 0.85625 13070
0.846875 0.85625 13072
0.846875 0.85625 13074
0.846875 0.85625 13076
0.846875 0.85625 13078
0.846875 0.85625 13080
0.846875 0.85625 13082
0.846875 0.85625 13084
0.846875 0.85625 13086
0.846875 0.85625 13088
0.846875 0.85625 13090
0.846875 0.85625 13092
0.846875 0.85625 13094
0.846875 0.85625 13096
0.846875 0.85625 13098
0.846875 0.85625 13100
0.846875 0.85625 13102
0.846875 0.85625 13104
0.846875 0.85625 13106
0.846875 0.85625 13108
0.846875 0.85625 13110
0.846875 0.85625 13112
0.846875 0.85625 13114
0.846875 0.85625 13116
0.846875 0.85625 13118
0.846875 0.85625 13120
0.846875 0.85625 13122
0.846875 0.85625 13124
0.846875 0.85625 13126
0.846875 0.85625 13128
0.846875 0.85625 13130
0.846875 0.85 13132
0.846875 0.85 13134
0.846875 0.85 13136
0.846875 0.85 13138
0.846875 0.85 13140
0.846875 0.85 13142
0.846875 0.85 13144
0.846875 0.85 13146
0.846875 0.85 13148
0.846875 0.85 13150
0.846875 0.85 13152
0.846875 0.84375 13154
0.846875 0.84375 13156
0.846875 0.84375 13158
0.846875 0.84375 13160
0.846875 0.84375 13162
0.846875 0.84375 13164
0.846875 0.84375 13166
0.846875 0.84375 13168
0.846875 0.84375 13170
0.846875 0.84375 13172
0.846875 0.84375 13174
0.846875 0.84375 13176
0.846875 0.84375 13178
0.846875 0.84375 13180
0.846875 0.84375 13182
0.846875 0.84375 13184
0.846875 0.84375 13186
0.846875 0.84375 13188
0.846875 0.84375 13190
0.846875 0.84375 13192
0.846875 0.84375 13194
0.846875 0.84375 13196
0.846875 0.84375 13198
0.846875 0.84375 13200
0.846875 0.84375 13202
0.846875 0.84375 13204
0.846875 0.84375 13206
0.846875 0.84375 13208
0.846875 0.84375 13210
0.846875 0.84375 13212
0.846875 0.84375 13214
0.846875 0.84375 13216
0.846875 0.84375 13218
0.846875 0.84375 13220
0.846875 0.84375 13222
0.846875 0.84375 13224
0.846875 0.84375 13226
0.846875 0.84375 13228
0.846875 0.84375 13230
0.846875 0.84375 13232
0.846875 0.84375 13234
0.846875 0.84375 13236
0.846875 0.84375 13238
0.846875 0.84375 13240
0.846875 0.84375 13242
0.846875 0.84375 13244
0.846875 0.84375 13246
0.846875 0.84375 13248
0.846875 0.84375 13250
0.846875 0.84375 13252
0.846875 0.84375 13254
0.846875 0.84375 13256
0.846875 0.84375 13258
0.846875 0.84375 13260
0.846875 0.84375 13262
0.846875 0.84375 13264
0.846875 0.85 13266
0.846875 0.85 13268
0.846875 0.85 13270
0.846875 0.85 13272
0.846875 0.85 13274
0.846875 0.85 13276
0.846875 0.85 13278
0.846875 0.85 13280
0.846875 0.85 13282
0.846875 0.85625 13284
0.846875 0.85625 13286
0.846875 0.85625 13288
0.846875 0.85625 13290
0.846875 0.85625 13292
0.846875 0.85625 13294
0.846875 0.85625 13296
0.846875 0.85625 13298
0.846875 0.85625 13300
0.846875 0.85625 13302
0.846875 0.85625 13304
0.846875 0.85625 13306
0.846875 0.85625 13308
0.846875 0.85625 13310
0.846875 0.85625 13312
0.846875 0.85625 13314
0.846875 0.85625 13316
0.846875 0.85625 13318
0.846875 0.85625 13320
0.846875 0.85625 13322
0.846875 0.85625 13324
0.846875 0.85625 13326
0.846875 0.85625 13328
0.846875 0.85625 13330
0.846875 0.85625 13332
0.846875 0.85625 13334
0.846875 0.85625 13336
0.846875 0.85625 13338
0.846875 0.85625 13340
0.846875 0.85625 13342
0.846875 0.85625 13344
0.846875 0.85625 13346
0.846875 0.85625 13348
0.846875 0.85625 13350
0.846875 0.85625 13352
0.846875 0.85625 13354
0.846875 0.85625 13356
0.846875 0.85625 13358
0.846875 0.85625 13360
0.846875 0.85625 13362
0.846875 0.85625 13364
0.846875 0.85625 13366
0.846875 0.85625 13368
0.846875 0.85625 13370
0.846875 0.85625 13372
0.846875 0.85625 13374
0.846875 0.85625 13376
0.846875 0.85625 13378
0.846875 0.85625 13380
0.846875 0.85625 13382
0.846875 0.85625 13384
0.846875 0.85625 13386
0.846875 0.85625 13388
0.846875 0.85625 13390
0.846875 0.85625 13392
0.846875 0.85625 13392
0.846875 0.85625 13392
0.846875 0.85625 13392
0.846875 0.85625 13392
0.846875 0.85625 13392
0.846875 0.85625 13392
0.846875 0.85625 13392
0.846875 0.85625 13392
0.846875 0.85625 13392
0.846875 0.85625 13392
0.846875 0.85625 13392
0.846875 0.85625 13392
0.846875 0.85625 13392
0.846875 0.85625 13392
0.846875 0.85625 13392
0.846875 0.85625 13392
0.846875 0.85625 13392
0.846875 0.85625 13392
0.846875 0.85625 13392
0.846875 0.85625 13392
0.846875 0.85625 13392
0.846875 0.85625 13392
0.846875 0.85625 13392
0.846875 0.85625 13392
0.846875 0.85625 13392
0.846875 0.85625 13392
0.846875 0.85625 13392
0.846875 0.85625 13392
0.846875 0.85625 13392
0.846875 0.85625 13392
0.846875 0.85625 13392
0.846875 0.85625 13392
0.846875 0.85625 13392
0.846875 0.85625 13392
0.846875 0.85625 13392
0.846875 0.85625 13392
0.846875 0.85625 13392
0.846875 0.85625 13392
0.846875 0.85625 13392
0.846875 0.85625 13392
0.846875 0.85625 13392
0.846875 0.85625 13392
0.846875 0.85625 13392
0.846875 0.85625 13392
0.846875 0.85625 13392
0.846875 0.85625 13392
0.846875 0.85625 13392
0.846875 0.85625 13392
0.846875 0.85625 13392
0.846875 0.85625 13392
0.846875 0.85625 13392
0.846875 0.85625 13392
0.846875 0.85625 13392
0.846875 0.85625 13392
0.846875 0.85625 13392
0.846875 0.85625 13392
0.846875 0.85625 13392
0.846875 0.85625 13392
0.846875 0.85625 13392
0.846875 0.85625 13392
0.846875 0.85625 13392
0.846875 0.85625 13392
0.846875 0.85625 13392
0.846875 0.85625 13392
0.846875 0.85625 13392
0.846875 0.85625 13392
0.846875 0.85625 13392
0.846875 0.85625 13392
0.846875 0.85625 13392
0.846875 0.85625 13392
0.846875 0.85625 13392
0.846875 0.85625 13392
0.846875 0.85625 13392
0.846875 0.85625 13392
0.846875 0.85625 13392
0.846875 0.85625 13392
0.846875 0.85625 13392
0.846875 0.85625 13392
0.846875 0.85625 13392
0.846875 0.85625 13392
0.846875 0.85625 13392
0.846875 0.85625 13392
0.846875 0.85625 13392
0.846875 0.85625 13392
0.846875 0.85625 13392
0.846875 0.85625 13392
0.846875 0.85625 13392
0.846875 0.85625 13392
0.846875 0.85625 13392
0.846875 0.85625 13392
0.846875 0.85625 13392
0.846875 0.85625 13392
0.846875 0.85625 13392
0.846875 0.85625 13392
0.846875 0.85625 13392
0.846875 0.85625 13392
0.846875 0.85625 13392
0.846875 0.85625 13392
0.846875 0.85625 13392
0.846875 0.85625 13392
0.846875 0.85625 13392
0.846875 0.85625 13392
0.846875 0.85625 13392
0.846875 0.85625 13392
0.846875 0.85625 13392
0.846875 0.85625 13392
0.846875 0.85625 13392
0.846875 0.85625 13392
0.846875 0.85625 13392
0.846875 0.85625 13392
0.846875 0.85625 13392
0.846875 0.85625 13392
0.846875 0.85625 13392
0.846875 0.85625 13392
0.846875 0.85625 13392
0.846875 0.85625 13392
0.846875 0.85625 13392
0.846875 0.85625 13392
0.846875 0.85625 13392
0.846875 0.85625 13392
0.846875 0.85625 13392
0.846875 0.85625 13392
0.846875 0.85625 13392
0.846875 0.85625 13392
0.846875 0.85625 13392
0.846875 0.85625 13392
0.846875 0.85625 13392
0.846875 0.85625 13392
0.846875 0.85625 13392
0.846875 0.85625 13392
0.846875 0.85625 13392
0.846875 0.85625 13392
0.846875 0.85625 13392
0.846875 0.85625 13392
0.846875 0.85625 13392
0.846875 0.85625 13392
0.846875 0.85625 13392
0.846875 0.85625 13392
0.846875 0.85625 13392
0.846875 0.85625 13392
0.846875 0.85625 13392
0.846875 0.85625 13392
0.846875 0.85625 13392
0.846875 0.85625 13392
0.846875 0.85625 13392
0.846875 0.85625 13392
0.846875 0.85625 13392
0.846875 0.85625 13392
0.846875 0.85 13392
0.846875 0.85 13392
0.846875 0.85 13392
0.846875 0.85 13392
0.846875 0.846875 13392
0.846875 0.84375 13392
0.846875 0.84375 13392
0.846875 0.84375 13392
0.846875 0.840625 13392
0.846875 0.840625 13392
0.846875 0.8375 13392
0.846875 0.8375 13392
0.846875 0.8375 13392
0.846875 0.8375 13392
0.846875 0.8375 13392
0.846875 0.8375 13392
0.846875 0.8375 13392
0.846875 0.8375 13392
0.846875 0.8375 13392
0.846875 0.8375 13392
0.846875 0.8375 13392
0.846875 0.8375 13392
0.846875 0.8375 13392
0.846875 0.8375 13392
0.846875 0.8375 13392
0.846875 0.8375 13392
0.846875 0.8375 13392
0.846875 0.8375 13392
0.846875 0.8375 13392
0.846875 0.8375 13392
0.846875 0.8375 13392
0.846875 0.8375 13392
0.846875 0.8375 13392
0.846875 0.8375 13392
0.846875 0.8375 13392
0.846875 0.8375 13392
0.846875 0.83125 13392
0.846875 0.83125 13392
0.846875 0.83125 13392
0.846875 0.83125 13392
0.846875 0.83125 13392
0.846875 0.83125 13392
0.846875 0.83125 13392
0.846875 0.83125 13392
0.846875 0.83125 13392
0.846875 0.83125 13392
0.846875 0.83125 13392
0.846875 0.83125 13392
0.846875 0.83125 13392
0.846875 0.83125 13392
0.846875 0.83125 13392
0.846875 0.83125 13392
0.846875 0.83125 13392
0.846875 0.83125 13392
0.846875 0.83125 13392
0.846875 0.83125 13392
0.846875 0.83125 13392
0.846875 0.825 13392
0.846875 0.825 13392
0.846875 0.825 13392
0.846875 0.825 13392
0.846875 0.825 13392
0.846875 0.825 13392
0.846875 0.825 13392
0.846875 0.81875 13392
0.846875 0.81875 13392
0.846875 0.81875 13392
0.846875 0.81875 13392
0.846875 0.81875 13392
0.846875 0.81875 13392
0.846875 0.81875 13392
0.846875 0.81875 13392
0.846875 0.81875 13392
0.846875 0.81875 13392
0.846875 0.81875 13392
0.846875 0.81875 13392
0.846875 0.81875 13392
0.846875 0.81875 13392
0.846875 0.81875 13392
0.846875 0.81875 13392
0.846875 0.81875 13392
0.846875 0.81875 13392
0.846875 0.81875 13392
0.846875 0.81875 13392
0.846875 0.81875 13392
0.846875 0.81875 13392
0.846875 0.81875 13392
0.846875 0.81875 13392
0.846875 0.81875 13392
0.846875 0.81875 13392
0.846875 0.81875 13392
0.846875 0.81875 13392
0.846875 0.81875 13392
0.846875 0.81875 13392
0.846875 0.81875 13392
0.846875 0.81875 13392
0.846875 0.81875 13392
0.846875 0.81875 13392
0.846875 0.81875 13392
0.846875 0.81875 13392
0.846875 0.81875 13392
0.846875 0.81875 13392
0.846875 0.81875 13392
0.846875 0.81875 13392
0.846875 0.81875 13392
0.846875 0.81875 13392
0.846875 0.81875 13392
0.846875 0.81875 13392
0.846875 0.81875 13392
0.846875 0.81875 13392
0.846875 0.81875 13392
0.846875 0.81875 13392
0.846875 0.81875 13392
0.846875 0.81875 13392
0.846875 0.81875 13392
0.846875 0.81875 13392
0.846875 0.81875 13392
0.846875 0.81875 13392
0.846875 0.81875 13392
0.846875 0.81875 13392
0.846875 0.81875 13392
0.846875 0.81875 13392
0.846875 0.81875 13392
0.846875 0.81875 13392
0.846875 0.81875 13392
0.846875 0.81875 13392
0.846875 0.81875 13392
0.846875 0.81875 13392
0.846875 0.81875 13392
0.846875 0.81875 13392
0.846875 0.81875 13392
0.846875 0.81875 13392
0.846875 0.81875 13392
0.846875 0.81875 13392
0.846875 0.81875 13392
0.846875 0.81875 13392
0.846875 0.81875 13392
0.846875 0.81875 13392
0.846875 0.81875 13392
0.846875 0.81875 13392
0.846875 0.81875 13392
0.846875 0.81875 13392
0.846875 0.81875 13392
0.846875 0.81875 13392
0.846875 0.81875 13392
0.846875 0.81875 13392
0.846875 0.81875 13392
0.846875 0.81875 13392
0.846875 0.81875 13392
0.846875 0.81875 13392
0.846875 0.81875 13392
0.846875 0.81875 13392
0.846875 0.81875 13392
0.846875 0.81875 13392
0.846875 0.81875 13392
0.846875 0.81875 13392
0.846875 0.81875 13392
0.846875 0.81875 13392
0.846875 0.81875 13392
0.846875 0.81875 13392
0.846875 0.81875 13392
0.846875 0.81875 13392
0.846875 0.81875 13392
0.846875 0.81875 13392
0.846875 0.81875 13392
0.846875 0.81875 13392
0.846875 0.81875 13392
0.846875 0.81875 13392
0.846875 0.81875 13392
0.846875 0.81875 13392
0.846875 0.81875 13392
0.846875 0.81875 13392
0.846875 0.81875 13392
0.846875 0.81875 13392
0.846875 0.81875 13392
0.846875 0.81875 13392
0.846875 0.81875 13392
0.846875 0.81875 13392
0.846875 0.81875 13392
0.846875 0.81875 13392
0.846875 0.81875 13392
0.846875 0.81875 13392
0.846875 0.81875 13392
0.846875 0.81875 13392
0.846875 0.81875 13392
0.846875 0.81875 13392
0.846875 0.81875 13392
0.846875 0.81875 13392
0.846875 0.81875 13392
0.846875 0.81875 13392
0.846875 0.81875 13392
0.846875 0.81875 13392
0.846875 0.81875 13392
0.846875 0.81875 13392
0.846875 0.81875 13392
0.846875 0.81875 13392
0.846875 0.81875 13392
0.846875 0.81875 13392
0.846875 0.81875 13392
0.846875 0.81875 13392
0.846875 0.81875 13392
0.846875 0.81875 13392
0.846875 0.81875 13392
0.846875 0.81875 13392
0.846875 0.81875 13392
0.846875 0.81875 13392
0.846875 0.81875 13392
0.846875 0.81875 13392
0.846875 0.81875 13392
0.846875 0.81875 13392
0.846875 0.81875 13392
0.846875 0.81875 13392
0.846875 0.81875 13392
0.846875 0.81875 13392
0.846875 0.81875 13392
0.846875 0.81875 13392
0.846875 0.81875 13392
0.846875 0.81875 13392
0.846875 0.81875 13392
0.846875 0.81875 13392
0.846875 0.81875 13392
0.846875 0.81875 13392
0.846875 0.815625 13392
0.846875 0.8125 13392
0.846875 0.8125 13392
0.846875 0.8125 13392
0.846875 0.8125 13392
0.846875 0.8125 13392
0.846875 0.8125 13392
0.846875 0.8125 13392
0.846875 0.8125 13392
0.846875 0.8125 13392
0.846875 0.8125 13392
0.846875 0.8125 13392
0.846875 0.8125 13392
0.846875 0.8125 13392
0.846875 0.8125 13392
0.846875 0.8125 13392
0.846875 0.8125 13392
0.846875 0.8125 13392
0.846875 0.8125 13392
0.846875 0.8125 13392
0.846875 0.8125 13392
0.846875 0.8125 13392
0.846875 0.8125 13392
0.846875 0.8125 13392
0.846875 0.8125 13392
0.846875 0.8125 13392
0.846875 0.8125 13392
0.846875 0.8125 13392
0.846875 0.8125 13392
0.846875 0.8125 13392
0.846875 0.8125 13392
0.846875 0.8125 13392
0.846875 0.8125 13392
0.846875 0.8125 13392
0.846875 0.8125 13392
0.846875 0.8125 13392
0.846875 0.8125 13392
0.846875 0.8125 13392
0.846875 0.8125 13392
0.846875 0.8125 13392
0.846875 0.8125 13392
0.846875 0.8125 13392
0.846875 0.8125 13392
0.846875 0.8125 13392
0.846875 0.8125 13392
0.846875 0.8125 13392
0.846875 0.8125 13392
0.846875 0.8125 13392
0.846875 0.8125 13392
0.846875 0.8125 13392
0.846875 0.8125 13392
0.846875 0.8125 13392
0.846875 0.8125 13392
0.846875 0.8125 13392
0.846875 0.8125 13392
0.846875 0.8125 13392
0.846875 0.8125 13392
0.846875 0.8125 13392
0.846875 0.8125 13392
0.846875 0.8125 13392
0.846875 0.8125 13392
0.846875 0.8125 13392
0.846875 0.8125 13392
0.846875 0.8125 13392
0.846875 0.8125 13392
0.846875 0.81875 13392
0.846875 0.81875 13392
0.846875 0.81875 13392
0.846875 0.81875 13392
0.846875 0.81875 13392
0.846875 0.81875 13392
0.846875 0.81875 13392
0.846875 0.81875 13392
0.846875 0.81875 13392
0.846875 0.81875 13392
0.846875 0.81875 13392
0.846875 0.81875 13392
0.846875 0.81875 13392
0.846875 0.81875 13392
0.846875 0.81875 13392
0.846875 0.81875 13392
0.846875 0.81875 13392
0.846875 0.81875 13392
0.846875 0.81875 13392
0.846875 0.81875 13392
0.846875 0.81875 13392
0.846875 0.81875 13392
0.846875 0.81875 13392
0.846875 0.81875 13392
0.846875 0.81875 13392
0.846875 0.81875 13392
0.846875 0.81875 13392
0.846875 0.81875 13392
0.846875 0.81875 13392
0.846875 0.81875 13392
0.846875 0.81875 13392
0.846875 0.81875 13392
0.846875 0.81875 13392
0.846875 0.81875 13392
0.846875 0.81875 13392
0.846875 0.81875 13392
0.846875 0.81875 13392
0.846875 0.81875 13392
0.846875 0.81875 13392
0.846875 0.81875 13392
0.846875 0.81875 13392
0.846875 0.81875 13392
0.846875 0.81875 13392
0.846875 0.81875 13392
0.846875 0.81875 13392
0.846875 0.81875 13392
0.846875 0.81875 13392
0.846875 0.81875 13392
0.846875 0.81875 13392
0.846875 0.81875 13392
0.846875 0.81875 13392
0.846875 0.81875 13392
0.846875 0.81875 13392
0.846875 0.81875 13392
0.846875 0.81875 13392
0.846875 0.81875 13392
0.846875 0.81875 13392
0.846875 0.81875 13392
0.846875 0.81875 13392
0.846875 0.81875 13392
0.846875 0.81875 13392
0.846875 0.81875 13392
0.846875 0.81875 13392
0.846875 0.81875 13392
0.846875 0.81875 13392
0.846875 0.81875 13392
0.846875 0.81875 13392
0.846875 0.81875 13392
0.846875 0.81875 13392
0.846875 0.8125 13392
0.846875 0.8125 13392
0.846875 0.8125 13392
0.846875 0.8125 13392
0.846875 0.8125 13392
0.846875 0.8125 13392
0.846875 0.8125 13392
0.846875 0.8125 13392
0.846875 0.8125 13392
0.846875 0.8125 13392
0.846875 0.8125 13392
0.846875 0.8125 13392
0.846875 0.8125 13392
0.846875 0.8125 13392
0.846875 0.8125 13392
0.846875 0.8125 13392
0.846875 0.8125 13392
0.846875 0.8125 13392
0.846875 0.8125 13392
0.846875 0.8125 13392
0.846875 0.8125 13392
0.846875 0.8125 13392
0.846875 0.8125 13392
0.846875 0.8125 13392
0.846875 0.8125 13392
0.846875 0.8125 13392
0.846875 0.8125 13392
0.846875 0.8125 13392
0.846875 0.8125 13392
0.846875 0.8125 13392
0.846875 0.8125 13392
0.846875 0.8125 13392
0.846875 0.8125 13392
0.846875 0.8125 13392
0.846875 0.8125 13392
0.846875 0.8125 13392
0.846875 0.8125 13392
0.846875 0.8125 13392
0.846875 0.8125 13392
0.846875 0.8125 13392
0.846875 0.8125 13392
0.846875 0.8125 13392
0.846875 0.8125 13392
0.846875 0.8125 13392
0.846875 0.8125 13392
0.846875 0.8125 13392
0.846875 0.8125 13392
0.846875 0.8125 13392
0.846875 0.8125 13392
0.846875 0.8125 13392
0.846875 0.8125 13392
0.846875 0.8125 13392
0.846875 0.8125 13392
0.846875 0.8125 13392
0.846875 0.8125 13392
0.846875 0.8125 13392
0.846875 0.8125 13392
0.846875 0.8125 13392
0.846875 0.8125 13392
0.846875 0.8125 13392
0.846875 0.8125 13392
0.846875 0.8125 13392
0.846875 0.8125 13392
0.846875 0.8125 13392
0.846875 0.8125 13392
0.846875 0.8125 13392
0.846875 0.8125 13392
0.846875 0.8125 13392
0.846875 0.8125 13392
0.846875 0.8125 13392
0.846875 0.8125 13392
0.846875 0.8125 13392
0.846875 0.8125 13392
0.846875 0.8125 13392
0.846875 0.8125 13392
0.846875 0.8125 13392
0.846875 0.8125 13392
0.846875 0.8125 13392
0.846875 0.8125 13392
0.846875 0.8125 13392
0.846875 0.8125 13392
0.846875 0.8125 13392
0.846875 0.8125 13392
0.846875 0.8125 13392
0.846875 0.8125 13392
0.846875 0.8125 13392
0.846875 0.8125 13392
0.846875 0.8125 13392
0.846875 0.8125 13392
0.846875 0.8125 13392
0.846875 0.8125 13392
0.846875 0.8125 13392
0.846875 0.8125 13392
0.846875 0.8125 13392
0.846875 0.8125 13392
0.846875 0.8125 13392
0.846875 0.8125 13392
0.846875 0.8125 13392
0.846875 0.8125 13392
0.846875 0.8125 13392
0.846875 0.8125 13392
0.846875 0.8125 13392
0.846875 0.8125 13392
0.846875 0.8125 13392
0.846875 0.8125 13392
0.846875 0.8125 13392
0.846875 0.8125 13392
0.846875 0.8125 13392
0.846875 0.8125 13392
0.846875 0.8125 13392
0.846875 0.8125 13392
0.846875 0.8125 13392
0.846875 0.8125 13392
0.846875 0.8125 13392
0.846875 0.8125 13392
0.846875 0.8125 13392
0.846875 0.8125 13392
0.846875 0.8125 13392
0.846875 0.8125 13392
0.846875 0.8125 13392
0.846875 0.8125 13392
0.846875 0.8125 13392
0.846875 0.8125 13392
0.846875 0.8125 13392
0.846875 0.8125 13392
0.846875 0.8125 13392
0.846875 0.8125 13392
0.846875 0.8125 13392
0.846875 0.8125 13392
0.846875 0.8125 13392
0.846875 0.8125 13392
0.846875 0.8125 13392
0.846875 0.8125 13392
0.846875 0.8125 13392
0.846875 0.8125 13392
0.846875 0.8125 13392
0.846875 0.8125 13392
0.846875 0.8125 13392
0.846875 0.8125 13392
0.846875 0.8125 13392
0.846875 0.8125 13392
0.846875 0.8125 13392
0.846875 0.8125 13392
0.846875 0.8125 13392
0.846875 0.8125 13392
0.846875 0.8125 13392
0.846875 0.8125 13392
0.846875 0.8125 13392
0.846875 0.8125 13392
0.846875 0.8125 13392
0.846875 0.8125 13392
0.846875 0.8125 13392
0.846875 0.8125 13392
0.846875 0.8125 13392
0.846875 0.8125 13392
0.846875 0.8125 13392
0.846875 0.8125 13392
0.846875 0.8125 13392
0.846875 0.8125 13392
0.846875 0.8125 13392
0.846875 0.8125 13392
0.846875 0.8125 13392
0.846875 0.8125 13392
0.846875 0.8125 13392
0.846875 0.8125 13392
0.846875 0.8125 13392
0.846875 0.8125 13392
0.846875 0.8125 13392
0.846875 0.8125 13392
0.846875 0.8125 13392
0.846875 0.8125 13392
0.846875 0.8125 13392
0.846875 0.8125 13392
0.846875 0.8125 13392
0.846875 0.8125 13392
0.846875 0.8125 13392
0.846875 0.8125 13392
0.846875 0.8125 13392
0.846875 0.8125 13392
0.846875 0.8125 13392
0.846875 0.8125 13392
0.846875 0.8125 13392
0.846875 0.8125 13392
0.846875 0.80625 13392
0.846875 0.80625 13392
0.846875 0.80625 13392
0.846875 0.80625 13392
0.846875 0.80625 13392
0.846875 0.80625 13392
0.846875 0.80625 13392
0.846875 0.80625 13392
0.846875 0.80625 13392
0.846875 0.80625 13392
0.846875 0.80625 13392
0.846875 0.80625 13392
0.846875 0.803125 13392
0.846875 0.8 13392
0.846875 0.8 13392
0.846875 0.8 13392
0.846875 0.8 13392
0.846875 0.79375 13392
0.846875 0.79375 13392
0.846875 0.79375 13392
0.846875 0.79375 13392
0.846875 0.79375 13392
0.846875 0.79375 13392
0.846875 0.79375 13392
0.846875 0.79375 13392
0.846875 0.79375 13392
0.846875 0.79375 13392
0.846875 0.79375 13392
0.846875 0.79375 13392
0.846875 0.79375 13392
0.846875 0.79375 13392
0.846875 0.79375 13392
0.846875 0.79375 13392
0.846875 0.79375 13392
0.846875 0.79375 13392
0.846875 0.79375 13392
0.846875 0.79375 13392
0.846875 0.79375 13392
0.846875 0.79375 13392
0.846875 0.79375 13392
0.846875 0.79375 13392
0.846875 0.79375 13392
0.846875 0.79375 13392
0.846875 0.79375 13392
0.846875 0.79375 13392
0.846875 0.79375 13392
0.846875 0.79375 13392
0.846875 0.79375 13392
0.846875 0.79375 13392
0.846875 0.79375 13392
0.846875 0.79375 13392
0.846875 0.79375 13392
0.846875 0.79375 13392
0.846875 0.79375 13392
0.846875 0.79375 13392
0.846875 0.79375 13392
0.846875 0.79375 13392
0.846875 0.79375 13392
0.846875 0.79375 13392
0.846875 0.79375 13392
0.846875 0.79375 13392
0.846875 0.79375 13392
0.846875 0.79375 13392
0.846875 0.7875 13392
0.846875 0.7875 13392
0.846875 0.7875 13392
0.846875 0.7875 13392
0.846875 0.7875 13392
0.846875 0.7875 13392
0.846875 0.7875 13392
0.846875 0.7875 13392
0.846875 0.7875 13392
0.846875 0.7875 13392
0.846875 0.7875 13392
0.846875 0.7875 13392
0.846875 0.7875 13392
0.846875 0.7875 13392
0.846875 0.7875 13392
0.846875 0.7875 13392
0.846875 0.7875 13392
0.846875 0.7875 13392
0.846875 0.7875 13392
0.846875 0.7875 13392
0.846875 0.7875 13392
0.846875 0.7875 13392
0.846875 0.7875 13392
0.846875 0.7875 13392
0.846875 0.7875 13392
0.846875 0.7875 13392
0.846875 0.7875 13392
0.846875 0.7875 13392
0.846875 0.7875 13392
0.846875 0.7875 13392
0.846875 0.7875 13392
0.846875 0.7875 13392
0.846875 0.7875 13392
0.846875 0.7875 13392
0.846875 0.7875 13392
0.846875 0.7875 13392
0.846875 0.7875 13392
0.846875 0.7875 13392
0.846875 0.7875 13392
0.846875 0.7875 13392
0.846875 0.7875 13392
0.846875 0.7875 13392
0.846875 0.7875 13392
0.846875 0.7875 13392
0.846875 0.7875 13392
0.846875 0.7875 13392
0.846875 0.7875 13392
0.846875 0.7875 13392
0.846875 0.7875 13392
0.846875 0.7875 13392
0.846875 0.7875 13392
0.846875 0.7875 13392
0.846875 0.7875 13392
0.846875 0.7875 13392
0.846875 0.7875 13392
0.846875 0.7875 13392
0.846875 0.7875 13392
0.846875 0.7875 13392
0.846875 0.7875 13392
0.846875 0.7875 13392
0.846875 0.7875 13392
0.846875 0.7875 13392
0.846875 0.7875 13392
0.846875 0.7875 13392
0.846875 0.7875 13392
0.846875 0.7875 13392
0.846875 0.7875 13392
0.846875 0.7875 13392
0.846875 0.7875 13392
0.846875 0.7875 13392
0.846875 0.7875 13392
0.846875 0.7875 13392
0.846875 0.7875 13392
0.846875 0.7875 13392
0.846875 0.7875 13392
0.846875 0.7875 13392
0.846875 0.7875 13392
0.846875 0.7875 13392
0.846875 0.7875 13392
0.846875 0.7875 13392
0.846875 0.7875 13392
0.846875 0.7875 13392
0.846875 0.7875 13392
0.846875 0.7875 13392
0.846875 0.7875 13392
0.846875 0.7875 13392
0.846875 0.7875 13392
0.846875 0.7875 13392
0.846875 0.7875 13392
0.846875 0.7875 13392
0.846875 0.7875 13392
0.846875 0.7875 13392
0.846875 0.7875 13392
0.846875 0.7875 13392
0.846875 0.7875 13392
0.846875 0.7875 13392
0.846875 0.7875 13392
0.846875 0.7875 13392
0.846875 0.7875 13392
0.846875 0.7875 13392
0.846875 0.7875 13392
0.846875 0.7875 13392
0.846875 0.7875 13392
0.846875 0.7875 13392
0.846875 0.7875 13392
0.846875 0.7875 13392
0.846875 0.7875 13392
0.846875 0.7875 13392
0.846875 0.7875 13392
0.846875 0.7875 13392
0.846875 0.7875 13392
0.846875 0.7875 13392
0.846875 0.7875 13392
0.846875 0.7875 13392
0.846875 0.7875 13392
0.846875 0.7875 13392
0.846875 0.7875 13392
0.846875 0.7875 13392
0.846875 0.7875 13392
0.846875 0.7875 13392
0.846875 0.7875 13392
0.846875 0.7875 13392
0.846875 0.7875 13392
0.846875 0.7875 13392
0.846875 0.7875 13392
0.846875 0.7875 13392
0.846875 0.7875 13392
0.846875 0.79375 13392
0.846875 0.79375 13392
0.846875 0.79375 13392
0.846875 0.79375 13392
0.846875 0.79375 13392
0.846875 0.79375 13392
0.846875 0.79375 13392
0.846875 0.79375 13392
0.846875 0.79375 13392
0.846875 0.79375 13392
0.846875 0.79375 13392
0.846875 0.79375 13392
0.846875 0.79375 13392
0.846875 0.79375 13392
0.846875 0.79375 13392
0.846875 0.79375 13392
0.846875 0.79375 13392
0.846875 0.79375 13392
0.846875 0.79375 13392
0.846875 0.79375 13392
0.846875 0.79375 13392
0.846875 0.79375 13392
0.846875 0.79375 13392
0.846875 0.79375 13392
0.846875 0.79375 13392
0.846875 0.79375 13392
0.846875 0.79375 13392
0.846875 0.79375 13392
0.846875 0.79375 13392
0.846875 0.79375 13392
0.846875 0.79375 13392
0.846875 0.79375 13392
0.846875 0.79375 13392
0.846875 0.79375 13392
0.846875 0.79375 13392
0.846875 0.79375 13392
0.846875 0.79375 13392
0.846875 0.79375 13392
0.846875 0.79375 13392
0.846875 0.79375 13392
0.846875 0.79375 13392
0.846875 0.79375 13392
0.846875 0.79375 13392
0.846875 0.79375 13392
0.846875 0.79375 13392
0.846875 0.79375 13392
0.846875 0.79375 13392
0.846875 0.79375 13392
0.846875 0.79375 13392
0.846875 0.79375 13392
0.846875 0.79375 13392
0.846875 0.79375 13392
0.846875 0.79375 13392
0.846875 0.79375 13392
0.846875 0.79375 13392
0.846875 0.79375 13392
0.846875 0.79375 13392
0.846875 0.79375 13392
0.846875 0.79375 13392
0.846875 0.7875 13392
0.846875 0.7875 13392
0.846875 0.7875 13392
0.846875 0.7875 13392
0.846875 0.7875 13392
0.846875 0.7875 13392
0.846875 0.7875 13392
0.846875 0.7875 13392
0.846875 0.7875 13392
0.846875 0.7875 13392
0.846875 0.7875 13392
0.846875 0.7875 13392
0.846875 0.7875 13392
0.846875 0.7875 13392
0.846875 0.7875 13392
0.846875 0.7875 13392
0.846875 0.7875 13392
0.846875 0.7875 13392
0.846875 0.7875 13392
0.846875 0.7875 13392
0.846875 0.7875 13392
0.846875 0.7875 13392
0.846875 0.7875 13392
0.846875 0.7875 13392
0.846875 0.7875 13392
0.846875 0.7875 13392
0.846875 0.7875 13392
0.846875 0.7875 13392
0.846875 0.7875 13392
0.846875 0.7875 13392
0.846875 0.7875 13392
0.846875 0.7875 13392
0.846875 0.7875 13392
0.846875 0.7875 13392
0.846875 0.7875 13392
0.846875 0.7875 13392
0.846875 0.7875 13392
0.846875 0.7875 13392
0.846875 0.7875 13392
0.846875 0.7875 13392
0.846875 0.7875 13392
0.846875 0.7875 13392
0.846875 0.7875 13392
0.846875 0.7875 13392
0.846875 0.7875 13392
0.846875 0.7875 13392
0.846875 0.7875 13392
0.846875 0.7875 13392
0.846875 0.7875 13392
0.846875 0.7875 13392
0.846875 0.7875 13392
0.846875 0.7875 13392
0.846875 0.7875 13392
0.846875 0.7875 13392
0.846875 0.7875 13392
0.846875 0.7875 13392
0.846875 0.7875 13392
0.846875 0.7875 13392
0.846875 0.7875 13392
0.846875 0.7875 13392
0.846875 0.7875 13392
0.846875 0.7875 13392
0.846875 0.7875 13392
0.846875 0.7875 13392
0.846875 0.7875 13392
0.846875 0.7875 13392
0.846875 0.7875 13392
0.846875 0.7875 13392
0.846875 0.7875 13392
0.846875 0.7875 13392
0.846875 0.7875 13392
0.846875 0.7875 13392
0.846875 0.7875 13392
0.846875 0.7875 13392
0.846875 0.7875 13392
0.846875 0.7875 13392
0.846875 0.7875 13392
0.846875 0.7875 13392
0.846875 0.7875 13392
0.846875 0.7875 13392
0.846875 0.7875 13392
0.846875 0.7875 13392
0.846875 0.7875 13392
0.846875 0.7875 13392
0.846875 0.7875 13392
0.846875 0.7875 13392
0.846875 0.7875 13392
0.846875 0.7875 13392
0.846875 0.7875 13392
0.846875 0.7875 13392
0.846875 0.7875 13392
0.846875 0.7875 13392
0.846875 0.7875 13392
0.846875 0.7875 13392
0.846875 0.7875 13392
0.846875 0.7875 13392
0.846875 0.7875 13392
0.846875 0.7875 13392
0.846875 0.7875 13392
0.846875 0.7875 13392
0.846875 0.7875 13392
0.846875 0.7875 13392
0.846875 0.7875 13392
0.846875 0.7875 13392
0.846875 0.7875 13392
0.846875 0.7875 13392
0.846875 0.7875 13392
0.846875 0.7875 13392
0.846875 0.7875 13392
0.846875 0.7875 13392
0.846875 0.7875 13392
0.846875 0.7875 13392
0.846875 0.7875 13392
0.846875 0.7875 13392
0.846875 0.7875 13392
0.846875 0.7875 13392
0.846875 0.7875 13392
0.846875 0.7875 13392
0.846875 0.7875 13392
0.846875 0.7875 13392
0.846875 0.7875 13392
0.846875 0.7875 13392
0.846875 0.7875 13392
0.846875 0.7875 13392
0.846875 0.7875 13392
0.846875 0.7875 13392
0.846875 0.7875 13392
0.846875 0.7875 13392
0.846875 0.7875 13392
0.846875 0.7875 13392
0.846875 0.7875 13392
0.846875 0.7875 13392
0.846875 0.7875 13392
0.846875 0.7875 13392
0.846875 0.7875 13392
0.846875 0.7875 13392
0.846875 0.7875 13392
0.846875 0.7875 13392
0.846875 0.7875 13392
0.846875 0.7875 13392
0.846875 0.7875 13392
0.846875 0.7875 13392
0.846875 0.7875 13392
0.846875 0.7875 13392
0.846875 0.7875 13392
0.846875 0.7875 13392
0.846875 0.7875 13392
0.846875 0.7875 13392
0.846875 0.7875 13392
0.846875 0.7875 13392
0.846875 0.7875 13392
0.846875 0.7875 13392
0.846875 0.7875 13392
0.846875 0.7875 13392
0.846875 0.7875 13392
0.846875 0.7875 13392
0.846875 0.7875 13392
0.846875 0.7875 13392
0.846875 0.784375 13392
0.846875 0.78125 13392
0.846875 0.78125 13392
0.846875 0.78125 13392
0.846875 0.78125 13392
0.846875 0.78125 13392
0.846875 0.78125 13392
0.846875 0.78125 13392
0.846875 0.78125 13392
0.846875 0.78125 13392
0.846875 0.78125 13392
0.846875 0.78125 13392
0.846875 0.78125 13392
0.846875 0.78125 13392
0.846875 0.78125 13392
0.846875 0.78125 13392
0.846875 0.78125 13392
0.846875 0.78125 13392
0.846875 0.78125 13392
0.846875 0.78125 13392
0.846875 0.78125 13392
0.846875 0.78125 13392
0.846875 0.78125 13392
0.846875 0.78125 13392
0.846875 0.78125 13392
0.846875 0.78125 13392
0.846875 0.78125 13392
0.846875 0.78125 13392
0.846875 0.78125 13392
0.846875 0.78125 13392
0.846875 0.775 13392
0.846875 0.775 13392
0.846875 0.775 13392
0.846875 0.775 13392
0.846875 0.775 13392
0.846875 0.775 13392
0.846875 0.775 13392
0.846875 0.775 13392
0.846875 0.775 13392
0.846875 0.775 13392
0.846875 0.775 13392
0.846875 0.775 13392
0.846875 0.775 13392
0.846875 0.775 13392
0.846875 0.775 13392
0.846875 0.775 13392
0.846875 0.775 13392
0.846875 0.775 13392
0.846875 0.775 13392
0.846875 0.775 13392
0.846875 0.775 13392
0.846875 0.775 13392
0.846875 0.76875 13392
0.846875 0.76875 13392
0.846875 0.76875 13392
0.846875 0.76875 13392
0.846875 0.76875 13392
0.846875 0.76875 13392
0.846875 0.76875 13392
0.846875 0.76875 13392
0.846875 0.76875 13392
0.846875 0.76875 13392
0.846875 0.76875 13392
0.846875 0.76875 13392
0.846875 0.76875 13392
0.846875 0.76875 13392
0.846875 0.76875 13392
0.846875 0.76875 13392
0.846875 0.76875 13392
0.846875 0.76875 13392
0.846875 0.76875 13392
0.846875 0.76875 13392
0.846875 0.76875 13392
0.846875 0.76875 13392
0.846875 0.76875 13392
0.846875 0.76875 13392
0.846875 0.76875 13392
0.846875 0.76875 13392
0.846875 0.76875 13392
0.846875 0.76875 13392
0.846875 0.76875 13392
0.846875 0.76875 13392
0.846875 0.76875 13392
0.846875 0.76875 13392
0.846875 0.76875 13392
0.846875 0.76875 13392
0.846875 0.7625 13392
0.846875 0.7625 13392
0.846875 0.7625 13392
0.846875 0.7625 13392
0.846875 0.7625 13392
0.846875 0.7625 13392
0.846875 0.7625 13392
0.846875 0.7625 13392
0.846875 0.7625 13392
0.846875 0.7625 13392
0.846875 0.7625 13392
0.846875 0.7625 13392
0.846875 0.7625 13392
0.846875 0.7625 13392
0.846875 0.7625 13392
0.846875 0.7625 13392
0.846875 0.7625 13392
0.846875 0.7625 13392
0.846875 0.7625 13392
0.846875 0.7625 13392
0.846875 0.7625 13392
0.846875 0.7625 13392
0.846875 0.7625 13392
0.846875 0.7625 13392
0.846875 0.7625 13392
0.846875 0.7625 13392
0.846875 0.7625 13392
0.846875 0.7625 13392
0.846875 0.7625 13392
0.846875 0.7625 13392
0.846875 0.7625 13392
0.846875 0.7625 13392
0.846875 0.7625 13392
0.846875 0.7625 13392
0.846875 0.7625 13392
0.846875 0.7625 13392
0.846875 0.7625 13392
0.846875 0.7625 13392
0.846875 0.7625 13392
0.846875 0.7625 13392
0.846875 0.7625 13392
0.846875 0.7625 13392
0.846875 0.7625 13392
0.846875 0.7625 13392
0.846875 0.7625 13392
0.846875 0.7625 13392
0.846875 0.7625 13392
0.846875 0.7625 13392
0.846875 0.7625 13392
0.846875 0.7625 13392
0.846875 0.7625 13392
0.846875 0.7625 13392
0.846875 0.7625 13392
0.846875 0.7625 13392
0.846875 0.7625 13392
0.846875 0.7625 13392
0.846875 0.7625 13392
0.846875 0.7625 13392
0.846875 0.7625 13392
0.846875 0.7625 13392
0.846875 0.7625 13392
0.846875 0.7625 13392
0.846875 0.7625 13392
0.846875 0.7625 13392
0.846875 0.7625 13392
0.846875 0.7625 13392
0.846875 0.7625 13392
0.846875 0.7625 13392
0.846875 0.7625 13392
0.846875 0.7625 13392
0.846875 0.7625 13392
0.846875 0.7625 13392
0.846875 0.7625 13392
0.846875 0.7625 13392
0.846875 0.7625 13392
0.846875 0.7625 13392
0.846875 0.7625 13392
0.846875 0.7625 13392
0.846875 0.7625 13392
0.846875 0.7625 13392
0.846875 0.7625 13392
0.846875 0.7625 13392
0.846875 0.7625 13392
0.846875 0.7625 13392
0.846875 0.7625 13392
0.846875 0.7625 13392
0.846875 0.7625 13392
0.846875 0.7625 13392
0.846875 0.7625 13392
0.846875 0.7625 13392
0.846875 0.7625 13392
0.846875 0.7625 13392
0.846875 0.7625 13392
0.846875 0.7625 13392
0.846875 0.7625 13392
0.846875 0.7625 13392
0.846875 0.7625 13392
0.846875 0.7625 13392
0.846875 0.7625 13392
0.846875 0.7625 13392
0.846875 0.7625 13392
0.846875 0.76875 13392
0.846875 0.76875 13392
0.846875 0.76875 13392
0.846875 0.76875 13392
0.846875 0.76875 13392
0.846875 0.76875 13392
0.846875 0.76875 13392
0.846875 0.76875 13392
0.846875 0.76875 13392
0.846875 0.76875 13392
0.846875 0.76875 13392
0.846875 0.76875 13392
0.846875 0.76875 13392
0.846875 0.76875 13392
0.846875 0.76875 13392
0.846875 0.76875 13392
0.846875 0.76875 13392
0.846875 0.76875 13392
0.846875 0.76875 13392
0.846875 0.76875 13392
0.846875 0.76875 13392
0.846875 0.76875 13392
0.846875 0.76875 13392
0.846875 0.76875 13392
0.846875 0.76875 13392
0.846875 0.76875 13392
0.846875 0.76875 13392
0.846875 0.76875 13392
0.846875 0.76875 13392
0.846875 0.76875 13392
0.846875 0.76875 13392
0.846875 0.76875 13392
0.846875 0.76875 13392
0.846875 0.76875 13392
0.846875 0.76875 13392
0.846875 0.76875 13392
0.846875 0.76875 13392
0.846875 0.76875 13392
0.846875 0.76875 13392
0.846875 0.775 13392
0.846875 0.775 13392
0.846875 0.775 13392
0.846875 0.775 13392
0.846875 0.775 13392
0.846875 0.775 13392
0.846875 0.775 13392
0.846875 0.775 13392
0.846875 0.775 13392
0.846875 0.775 13392
0.846875 0.775 13392
0.846875 0.775 13392
0.846875 0.775 13392
0.846875 0.775 13392
0.846875 0.775 13392
0.846875 0.775 13392
0.846875 0.775 13392
0.846875 0.775 13392
0.846875 0.775 13392
0.846875 0.775 13392
0.846875 0.775 13392
0.846875 0.775 13392
0.846875 0.775 13392
0.846875 0.775 13392
0.846875 0.775 13392
0.846875 0.775 13392
0.846875 0.775 13392
0.846875 0.775 13392
0.846875 0.775 13392
0.846875 0.775 13392
0.846875 0.775 13392
0.846875 0.78125 13392
0.846875 0.78125 13392
0.846875 0.78125 13392
0.846875 0.78125 13392
0.846875 0.78125 13392
0.846875 0.78125 13392
0.846875 0.78125 13392
0.846875 0.78125 13392
0.846875 0.78125 13392
0.846875 0.78125 13392
0.846875 0.78125 13392
0.846875 0.78125 13392
0.846875 0.78125 13392
0.846875 0.78125 13392
0.846875 0.78125 13392
0.846875 0.78125 13392
0.846875 0.78125 13392
0.846875 0.78125 13392
0.846875 0.78125 13392
0.846875 0.78125 13392
0.846875 0.78125 13392
0.846875 0.78125 13392
0.846875 0.78125 13392
0.846875 0.78125 13392
0.846875 0.78125 13392
0.846875 0.78125 13392
0.846875 0.78125 13392
0.846875 0.78125 13392
0.846875 0.78125 13392
0.846875 0.78125 13392
0.846875 0.78125 13392
0.846875 0.78125 13392
0.846875 0.78125 13392
0.846875 0.78125 13392
0.846875 0.78125 13392
0.846875 0.78125 13392
0.846875 0.78125 13392
0.846875 0.78125 13392
0.846875 0.78125 13392
0.846875 0.78125 13392
0.846875 0.78125 13392
0.846875 0.78125 13392
0.846875 0.78125 13392
0.846875 0.78125 13392
0.846875 0.78125 13392
0.846875 0.78125 13392
0.846875 0.78125 13392
0.846875 0.78125 13392
0.846875 0.78125 13392
0.846875 0.78125 13392
0.846875 0.78125 13392
0.846875 0.78125 13392
0.846875 0.78125 13392
0.846875 0.7875 13392
0.846875 0.7875 13392
0.846875 0.7875 13392
0.846875 0.7875 13392
0.846875 0.7875 13392
0.846875 0.7875 13392
0.846875 0.7875 13392
0.846875 0.7875 13392
0.846875 0.7875 13392
0.846875 0.7875 13392
0.846875 0.7875 13392
0.846875 0.7875 13392
0.846875 0.7875 13392
0.846875 0.7875 13392
0.846875 0.7875 13392
0.846875 0.7875 13392
0.846875 0.7875 13392
0.846875 0.7875 13392
0.846875 0.7875 13392
0.846875 0.7875 13392
0.846875 0.7875 13392
0.846875 0.7875 13392
0.846875 0.7875 13392
0.846875 0.7875 13392
0.846875 0.7875 13392
0.846875 0.7875 13392
0.846875 0.7875 13392
0.846875 0.7875 13392
0.846875 0.7875 13392
0.846875 0.7875 13392
0.846875 0.7875 13392
0.846875 0.7875 13392
0.846875 0.7875 13392
0.846875 0.7875 13392
0.846875 0.7875 13392
0.846875 0.7875 13392
0.846875 0.7875 13392
0.846875 0.7875 13392
0.846875 0.7875 13392
0.846875 0.7875 13392
0.846875 0.7875 13392
0.846875 0.7875 13392
0.846875 0.7875 13392
0.846875 0.7875 13392
0.846875 0.7875 13392
0.846875 0.7875 13392
0.846875 0.7875 13392
0.846875 0.7875 13392
0.846875 0.7875 13392
0.846875 0.7875 13392
0.846875 0.7875 13392
0.846875 0.7875 13392
0.846875 0.7875 13392
0.846875 0.7875 13392
0.846875 0.7875 13392
0.846875 0.7875 13392
0.846875 0.7875 13392
0.846875 0.7875 13392
0.846875 0.7875 13392
0.846875 0.7875 13392
0.846875 0.7875 13392
0.846875 0.7875 13392
0.846875 0.7875 13392
0.846875 0.7875 13392
0.846875 0.7875 13392
0.846875 0.7875 13392
0.846875 0.7875 13392
0.846875 0.7875 13392
0.846875 0.7875 13392
0.846875 0.7875 13392
0.846875 0.7875 13392
0.846875 0.7875 13392
0.846875 0.7875 13392
0.846875 0.7875 13392
0.846875 0.7875 13392
0.846875 0.7875 13392
0.846875 0.7875 13392
0.846875 0.7875 13392
0.846875 0.7875 13392
0.846875 0.7875 13392
0.846875 0.7875 13392
0.846875 0.7875 13392
0.846875 0.7875 13392
0.846875 0.7875 13392
0.846875 0.7875 13392
0.846875 0.7875 13392
0.846875 0.7875 13392
0.846875 0.7875 13392
0.846875 0.7875 13392
0.846875 0.7875 13392
0.846875 0.7875 13392
0.846875 0.7875 13392
0.846875 0.7875 13392
0.846875 0.7875 13392
0.846875 0.7875 13392
0.846875 0.7875 13392
0.846875 0.7875 13392
0.846875 0.7875 13392
0.846875 0.7875 13392
0.846875 0.7875 13392
0.846875 0.7875 13392
0.846875 0.7875 13392
0.846875 0.7875 13392
0.846875 0.7875 13392
0.846875 0.7875 13392
0.846875 0.7875 13392
0.846875 0.7875 13392
0.846875 0.7875 13392
0.846875 0.7875 13392
0.846875 0.7875 13392
0.846875 0.7875 13392
0.846875 0.7875 13392
0.846875 0.7875 13392
0.846875 0.7875 13392
0.846875 0.7875 13392
0.846875 0.7875 13392
0.846875 0.7875 13392
0.846875 0.7875 13392
0.846875 0.7875 13392
0.846875 0.7875 13392
0.846875 0.7875 13392
0.846875 0.7875 13392
0.846875 0.7875 13392
0.846875 0.7875 13392
0.846875 0.7875 13392
0.846875 0.7875 13392
0.846875 0.7875 13392
0.846875 0.7875 13392
0.846875 0.7875 13392
0.846875 0.7875 13392
0.846875 0.7875 13392
0.846875 0.7875 13392
0.846875 0.7875 13392
0.846875 0.7875 13392
0.846875 0.7875 13392
0.846875 0.7875 13392
0.846875 0.7875 13392
0.846875 0.7875 13392
0.846875 0.7875 13392
0.846875 0.7875 13392
0.846875 0.7875 13392
0.846875 0.7875 13392
0.846875 0.7875 13392
0.846875 0.7875 13392
0.846875 0.7875 13392
0.846875 0.7875 13392
0.846875 0.7875 13392
0.846875 0.7875 13392
0.846875 0.7875 13392
0.846875 0.7875 13392
0.846875 0.7875 13392
0.846875 0.7875 13392
0.846875 0.7875 13392
0.846875 0.7875 13392
0.846875 0.7875 13392
0.846875 0.7875 13392
0.846875 0.7875 13392
0.846875 0.7875 13392
0.846875 0.7875 13392
0.846875 0.7875 13392
0.846875 0.7875 13392
0.846875 0.7875 13392
0.846875 0.7875 13392
0.846875 0.7875 13392
0.846875 0.7875 13392
0.846875 0.7875 13392
0.846875 0.7875 13392
0.846875 0.7875 13392
0.846875 0.7875 13392
0.846875 0.7875 13392
0.846875 0.7875 13392
0.846875 0.7875 13392
0.846875 0.7875 13392
0.846875 0.7875 13392
0.846875 0.7875 13392
0.846875 0.7875 13392
0.846875 0.7875 13392
0.846875 0.7875 13392
0.846875 0.7875 13392
0.846875 0.7875 13392
0.846875 0.7875 13392
0.846875 0.7875 13392
0.846875 0.7875 13392
0.846875 0.7875 13392
0.846875 0.7875 13392
0.846875 0.7875 13392
0.846875 0.7875 13392
0.846875 0.7875 13392
0.846875 0.7875 13392
0.846875 0.7875 13392
0.846875 0.7875 13392
0.846875 0.7875 13392
0.846875 0.7875 13392
0.846875 0.7875 13392
0.846875 0.7875 13392
0.846875 0.7875 13392
0.846875 0.7875 13392
0.846875 0.7875 13392
0.846875 0.7875 13392
0.846875 0.7875 13392
0.846875 0.7875 13392
0.846875 0.7875 13392
0.846875 0.7875 13392
0.846875 0.7875 13392
0.846875 0.7875 13392
0.846875 0.7875 13392
0.846875 0.7875 13392
0.846875 0.7875 13392
0.846875 0.7875 13392
0.846875 0.7875 13392
0.846875 0.7875 13392
0.846875 0.7875 13392
0.846875 0.7875 13392
0.846875 0.7875 13392
0.846875 0.7875 13392
0.846875 0.7875 13392
0.846875 0.7875 13392
0.846875 0.7875 13392
0.846875 0.7875 13392
0.846875 0.7875 13392
0.846875 0.7875 13392
0.846875 0.7875 13392
0.846875 0.7875 13392
0.846875 0.7875 13392
0.846875 0.7875 13392
0.846875 0.7875 13392
0.846875 0.7875 13392
0.846875 0.7875 13392
0.846875 0.7875 13392
0.846875 0.7875 13392
0.846875 0.7875 13392
0.846875 0.7875 13392
0.846875 0.7875 13392
0.846875 0.7875 13392
0.846875 0.7875 13392
0.846875 0.7875 13392
0.846875 0.7875 13392
0.846875 0.7875 13392
0.846875 0.7875 13392
0.846875 0.7875 13392
0.846875 0.7875 13392
0.846875 0.7875 13392
0.846875 0.7875 13392
0.846875 0.7875 13392
0.846875 0.7875 13392
0.846875 0.7875 13392
0.846875 0.7875 13392
0.846875 0.7875 13392
0.846875 0.7875 13392
0.846875 0.7875 13392
0.846875 0.7875 13392
0.846875 0.7875 13392
0.846875 0.7875 13392
0.846875 0.7875 13392
0.846875 0.7875 13392
0.846875 0.7875 13392
0.846875 0.7875 13392
0.846875 0.7875 13392
0.846875 0.7875 13392
0.846875 0.7875 13392
0.846875 0.7875 13392
0.846875 0.7875 13392
0.846875 0.7875 13392
0.846875 0.7875 13392
0.846875 0.7875 13392
0.846875 0.7875 13392
0.846875 0.7875 13392
0.846875 0.7875 13392
0.846875 0.7875 13392
0.846875 0.7875 13392
0.846875 0.7875 13392
0.846875 0.7875 13392
0.846875 0.7875 13392
0.846875 0.7875 13392
0.846875 0.7875 13392
0.846875 0.7875 13392
0.846875 0.7875 13392
0.846875 0.7875 13392
0.846875 0.7875 13392
0.846875 0.7875 13392
0.846875 0.7875 13392
0.846875 0.7875 13392
0.846875 0.7875 13392
0.846875 0.7875 13392
0.846875 0.7875 13392
0.846875 0.7875 13392
0.846875 0.7875 13392
0.846875 0.7875 13392
0.846875 0.7875 13392
0.846875 0.7875 13392
0.846875 0.7875 13392
0.846875 0.7875 13392
0.846875 0.7875 13392
0.846875 0.7875 13392
0.846875 0.7875 13392
0.846875 0.7875 13392
0.846875 0.7875 13392
0.846875 0.7875 13392
0.846875 0.7875 13392
0.846875 0.7875 13392
0.846875 0.7875 13392
0.846875 0.7875 13392
0.846875 0.7875 13392
0.846875 0.7875 13392
0.846875 0.7875 13392
0.846875 0.7875 13392
0.846875 0.7875 13392
0.846875 0.7875 13392
0.846875 0.7875 13392
0.846875 0.7875 13392
0.846875 0.7875 13392
0.846875 0.7875 13392
0.846875 0.7875 13392
0.846875 0.7875 13392
0.846875 0.7875 13392
0.846875 0.7875 13392
0.846875 0.7875 13392
0.846875 0.7875 13392
0.846875 0.7875 13392
0.846875 0.7875 13392
0.846875 0.7875 13392
0.846875 0.7875 13392
0.846875 0.7875 13392
0.846875 0.7875 13392
0.846875 0.7875 13392
0.846875 0.7875 13392
0.846875 0.7875 13392
0.846875 0.7875 13392
0.846875 0.7875 13392
0.846875 0.7875 13392
0.846875 0.7875 13392
0.846875 0.7875 13392
0.846875 0.7875 13392
0.846875 0.7875 13392
0.846875 0.7875 13392
0.846875 0.7875 13392
0.846875 0.7875 13392
0.846875 0.7875 13392
0.846875 0.7875 13392
0.846875 0.7875 13392
0.846875 0.7875 13392
0.846875 0.7875 13392
0.846875 0.7875 13392
0.846875 0.7875 13392
0.846875 0.7875 13392
0.846875 0.7875 13392
0.846875 0.7875 13392
0.846875 0.7875 13392
0.846875 0.7875 13392
0.846875 0.7875 13392
0.846875 0.7875 13392
0.846875 0.7875 13392
0.846875 0.78125 13392
0.846875 0.78125 13392
0.846875 0.78125 13392
0.846875 0.78125 13392
0.846875 0.78125 13392
0.846875 0.78125 13392
0.846875 0.78125 13392
0.846875 0.78125 13392
0.846875 0.78125 13392
0.846875 0.78125 13392
0.846875 0.78125 13392
0.846875 0.78125 13392
0.846875 0.78125 13392
0.846875 0.78125 13392
0.846875 0.78125 13392
0.846875 0.78125 13392
0.846875 0.78125 13392
0.846875 0.78125 13392
0.846875 0.78125 13392
0.846875 0.78125 13392
0.846875 0.78125 13392
0.846875 0.78125 13392
0.846875 0.78125 13392
0.846875 0.78125 13392
0.846875 0.78125 13392
0.846875 0.78125 13392
0.846875 0.78125 13392
0.846875 0.78125 13392
0.846875 0.78125 13392
0.846875 0.78125 13392
0.846875 0.78125 13392
0.846875 0.78125 13392
0.846875 0.78125 13392
0.846875 0.78125 13392
0.846875 0.78125 13392
0.846875 0.78125 13392
0.846875 0.78125 13392
0.846875 0.78125 13392
0.846875 0.78125 13392
0.846875 0.78125 13392
0.846875 0.78125 13392
0.846875 0.78125 13392
0.846875 0.78125 13392
0.846875 0.78125 13392
0.846875 0.78125 13392
0.846875 0.78125 13392
0.846875 0.78125 13392
0.846875 0.78125 13392
0.846875 0.78125 13392
0.846875 0.78125 13392
0.846875 0.78125 13392
0.846875 0.78125 13392
0.846875 0.78125 13392
0.846875 0.78125 13392
0.846875 0.78125 13392
0.846875 0.78125 13392
0.846875 0.78125 13392
0.846875 0.78125 13392
0.846875 0.78125 13392
0.846875 0.78125 13392
0.846875 0.78125 13392
0.846875 0.78125 13392
0.846875 0.78125 13392
0.846875 0.78125 13392
0.846875 0.78125 13392
0.846875 0.78125 13392
0.846875 0.78125 13392
0.846875 0.78125 13392
0.846875 0.78125 13392
0.846875 0.78125 13392
0.846875 0.78125 13392
0.846875 0.78125 13392
0.846875 0.78125 13392
0.846875 0.78125 13392
0.846875 0.78125 13392
0.846875 0.78125 13392
0.846875 0.78125 13392
0.846875 0.78125 13392
0.846875 0.78125 13392
0.846875 0.78125 13392
0.846875 0.78125 13392
0.846875 0.78125 13392
0.846875 0.78125 13392
0.846875 0.78125 13392
0.846875 0.78125 13392
0.846875 0.78125 13392
0.846875 0.78125 13392
0.846875 0.78125 13392
0.846875 0.78125 13392
0.846875 0.78125 13392
0.846875 0.78125 13392
0.846875 0.78125 13392
0.846875 0.78125 13392
0.846875 0.78125 13392
0.846875 0.78125 13392
0.846875 0.78125 13392
0.846875 0.78125 13392
0.846875 0.78125 13392
0.846875 0.78125 13392
0.846875 0.78125 13392
0.846875 0.78125 13392
0.846875 0.78125 13392
0.846875 0.78125 13392
0.846875 0.78125 13392
0.846875 0.78125 13392
0.846875 0.78125 13392
0.846875 0.78125 13392
0.846875 0.78125 13392
0.846875 0.78125 13392
0.846875 0.78125 13392
0.846875 0.78125 13392
0.846875 0.78125 13392
0.846875 0.78125 13392
0.846875 0.78125 13392
0.846875 0.78125 13392
0.846875 0.78125 13392
0.846875 0.78125 13392
0.846875 0.78125 13392
0.846875 0.78125 13392
0.846875 0.78125 13392
0.846875 0.78125 13392
0.846875 0.78125 13392
0.846875 0.78125 13392
0.846875 0.78125 13392
0.846875 0.78125 13392
0.846875 0.78125 13392
0.846875 0.78125 13392
0.846875 0.78125 13392
0.846875 0.78125 13392
0.846875 0.78125 13392
0.846875 0.78125 13392
0.846875 0.78125 13392
0.846875 0.78125 13392
0.846875 0.78125 13392
0.846875 0.78125 13392
0.846875 0.78125 13392
0.846875 0.78125 13392
0.846875 0.78125 13392
0.846875 0.78125 13392
0.846875 0.78125 13392
0.846875 0.775 13392
0.846875 0.775 13392
0.846875 0.775 13392
0.846875 0.775 13392
0.846875 0.775 13392
0.846875 0.775 13392
0.846875 0.775 13392
0.846875 0.775 13392
0.846875 0.775 13392
0.846875 0.775 13392
0.846875 0.775 13392
0.846875 0.775 13392
0.846875 0.775 13392
0.846875 0.775 13392
0.846875 0.775 13392
0.846875 0.775 13392
0.846875 0.775 13392
0.846875 0.775 13392
0.846875 0.775 13392
0.846875 0.775 13392
0.846875 0.775 13392
0.846875 0.775 13392
0.846875 0.775 13392
0.846875 0.775 13392
0.846875 0.775 13392
0.846875 0.775 13392
0.846875 0.775 13392
0.846875 0.775 13392
0.846875 0.775 13392
0.846875 0.775 13392
0.846875 0.775 13392
0.846875 0.775 13392
0.846875 0.775 13392
0.846875 0.775 13392
0.846875 0.775 13392
0.846875 0.775 13392
0.846875 0.775 13392
0.846875 0.775 13392
0.846875 0.775 13392
0.846875 0.76875 13392
0.846875 0.76875 13392
0.846875 0.76875 13392
0.846875 0.76875 13392
0.846875 0.76875 13392
0.846875 0.76875 13392
0.846875 0.76875 13392
0.846875 0.76875 13392
0.846875 0.76875 13392
0.846875 0.76875 13392
0.846875 0.76875 13392
0.846875 0.76875 13392
0.846875 0.76875 13392
0.846875 0.76875 13392
0.846875 0.76875 13392
0.846875 0.76875 13392
0.846875 0.76875 13392
0.846875 0.76875 13392
0.846875 0.76875 13392
0.846875 0.76875 13392
0.846875 0.76875 13392
0.846875 0.76875 13392
0.846875 0.76875 13392
0.846875 0.76875 13392
0.846875 0.76875 13392
0.846875 0.76875 13392
0.846875 0.76875 13392
0.846875 0.775 13392
0.846875 0.775 13392
0.846875 0.775 13392
0.846875 0.775 13392
0.846875 0.775 13392
0.846875 0.775 13392
0.846875 0.775 13392
0.846875 0.775 13392
0.846875 0.775 13392
0.846875 0.775 13392
0.846875 0.775 13392
0.846875 0.775 13392
0.846875 0.775 13392
0.846875 0.775 13392
0.846875 0.775 13392
0.846875 0.775 13392
0.846875 0.775 13392
0.846875 0.775 13392
0.846875 0.775 13392
0.846875 0.775 13392
0.846875 0.775 13392
0.846875 0.775 13392
0.846875 0.775 13392
0.846875 0.775 13392
0.846875 0.775 13392
0.846875 0.775 13392
0.846875 0.775 13392
0.846875 0.775 13392
0.846875 0.775 13392
0.846875 0.775 13392
0.846875 0.775 13392
0.846875 0.775 13392
0.846875 0.775 13392
0.846875 0.775 13392
0.846875 0.775 13392
0.846875 0.775 13392
0.846875 0.775 13392
0.846875 0.775 13392
0.846875 0.775 13392
0.846875 0.775 13392
0.846875 0.775 13392
0.846875 0.775 13392
0.846875 0.775 13392
0.846875 0.775 13392
0.846875 0.775 13392
0.846875 0.775 13392
0.846875 0.775 13392
0.846875 0.775 13392
0.846875 0.775 13392
0.846875 0.775 13392
0.846875 0.775 13392
0.846875 0.775 13392
0.846875 0.775 13392
0.846875 0.775 13392
0.846875 0.775 13392
0.846875 0.775 13392
0.846875 0.775 13392
0.846875 0.775 13392
0.846875 0.775 13392
0.846875 0.775 13392
0.846875 0.775 13392
0.846875 0.775 13392
0.846875 0.775 13392
0.846875 0.775 13392
0.846875 0.775 13392
0.846875 0.775 13392
0.846875 0.775 13392
0.846875 0.775 13392
0.846875 0.775 13392
0.846875 0.775 13392
0.846875 0.775 13392
0.846875 0.775 13392
0.846875 0.775 13392
0.846875 0.775 13392
0.846875 0.775 13392
0.846875 0.775 13392
0.846875 0.775 13392
0.846875 0.775 13392
0.846875 0.775 13392
0.846875 0.775 13392
0.846875 0.775 13392
0.846875 0.775 13392
0.846875 0.775 13392
0.846875 0.775 13392
0.846875 0.775 13392
0.846875 0.775 13392
0.846875 0.775 13392
0.846875 0.775 13392
0.846875 0.775 13392
0.846875 0.775 13392
0.846875 0.775 13392
0.846875 0.775 13392
0.846875 0.775 13392
0.846875 0.775 13392
0.846875 0.775 13392
0.846875 0.775 13392
0.846875 0.775 13392
0.846875 0.775 13392
0.846875 0.775 13392
0.846875 0.775 13392
0.846875 0.775 13392
0.846875 0.775 13392
0.846875 0.775 13392
0.846875 0.775 13392
0.846875 0.775 13392
0.846875 0.775 13392
0.846875 0.775 13392
0.846875 0.775 13392
0.846875 0.775 13392
0.846875 0.775 13392
0.846875 0.775 13392
0.846875 0.775 13392
0.846875 0.775 13392
0.846875 0.775 13392
0.846875 0.775 13392
0.846875 0.775 13392
0.846875 0.775 13392
0.846875 0.775 13392
0.846875 0.775 13392
0.846875 0.775 13392
0.846875 0.775 13392
0.846875 0.775 13392
0.846875 0.775 13392
0.846875 0.775 13392
0.846875 0.775 13392
0.846875 0.775 13392
0.846875 0.775 13392
0.846875 0.775 13392
0.846875 0.775 13392
0.846875 0.775 13392
0.846875 0.775 13392
0.846875 0.775 13392
0.846875 0.775 13392
0.846875 0.78125 13392
0.846875 0.78125 13392
0.846875 0.78125 13392
0.846875 0.78125 13392
0.846875 0.78125 13392
0.846875 0.78125 13392
0.846875 0.78125 13392
0.846875 0.78125 13392
0.846875 0.78125 13392
0.846875 0.78125 13392
0.846875 0.78125 13392
0.846875 0.78125 13392
0.846875 0.78125 13392
0.846875 0.78125 13392
0.846875 0.78125 13392
0.846875 0.78125 13392
0.846875 0.78125 13392
0.846875 0.78125 13392
0.846875 0.78125 13392
0.846875 0.78125 13392
0.846875 0.78125 13392
0.846875 0.78125 13392
0.846875 0.78125 13392
0.846875 0.78125 13392
0.846875 0.78125 13392
0.846875 0.78125 13392
0.846875 0.78125 13392
0.846875 0.78125 13392
0.846875 0.78125 13392
0.846875 0.78125 13392
0.846875 0.78125 13392
0.846875 0.78125 13392
0.846875 0.78125 13392
0.846875 0.78125 13392
0.846875 0.78125 13392
0.846875 0.78125 13392
0.846875 0.78125 13392
0.846875 0.78125 13392
0.846875 0.78125 13392
0.846875 0.78125 13392
0.846875 0.78125 13392
0.846875 0.78125 13392
0.846875 0.78125 13392
0.846875 0.78125 13392
0.846875 0.78125 13392
0.846875 0.78125 13392
0.846875 0.78125 13392
0.846875 0.78125 13392
0.846875 0.78125 13392
0.846875 0.78125 13392
0.846875 0.78125 13392
0.846875 0.78125 13392
0.846875 0.78125 13392
0.846875 0.78125 13392
0.846875 0.78125 13392
0.846875 0.78125 13392
0.846875 0.78125 13392
0.846875 0.78125 13392
0.846875 0.78125 13392
0.846875 0.78125 13392
0.846875 0.78125 13392
0.846875 0.78125 13392
0.846875 0.78125 13392
0.846875 0.78125 13392
0.846875 0.78125 13392
0.846875 0.78125 13392
0.846875 0.78125 13392
0.846875 0.78125 13392
0.846875 0.78125 13392
0.846875 0.78125 13392
0.846875 0.78125 13392
0.846875 0.78125 13392
0.846875 0.78125 13392
0.846875 0.78125 13392
0.846875 0.78125 13392
0.846875 0.78125 13392
0.846875 0.78125 13392
0.846875 0.78125 13392
0.846875 0.78125 13392
0.846875 0.78125 13392
0.846875 0.78125 13392
0.846875 0.78125 13392
0.846875 0.78125 13392
0.846875 0.78125 13392
0.846875 0.78125 13392
0.846875 0.78125 13392
0.846875 0.78125 13392
0.846875 0.78125 13392
0.846875 0.78125 13392
0.846875 0.78125 13392
0.846875 0.78125 13392
0.846875 0.78125 13392
0.846875 0.78125 13392
0.846875 0.78125 13392
0.846875 0.78125 13392
0.846875 0.78125 13392
0.846875 0.78125 13392
0.846875 0.78125 13392
0.846875 0.78125 13392
0.846875 0.78125 13392
0.846875 0.78125 13392
0.846875 0.78125 13392
0.846875 0.78125 13392
0.846875 0.78125 13392
0.846875 0.78125 13392
0.846875 0.78125 13392
0.846875 0.78125 13392
0.846875 0.78125 13392
0.846875 0.78125 13392
0.846875 0.78125 13392
0.846875 0.78125 13392
0.846875 0.78125 13392
0.846875 0.78125 13392
0.846875 0.78125 13392
0.846875 0.78125 13392
0.846875 0.78125 13392
0.846875 0.78125 13392
0.846875 0.78125 13392
0.846875 0.78125 13392
0.846875 0.78125 13392
0.846875 0.78125 13392
0.846875 0.78125 13392
0.846875 0.78125 13392
0.846875 0.78125 13392
0.846875 0.78125 13392
0.846875 0.78125 13392
0.846875 0.78125 13392
0.846875 0.78125 13392
0.846875 0.78125 13392
0.846875 0.78125 13392
0.846875 0.78125 13392
0.846875 0.78125 13392
0.846875 0.78125 13392
0.846875 0.78125 13392
0.846875 0.78125 13392
0.846875 0.78125 13392
0.846875 0.78125 13392
0.846875 0.78125 13392
0.846875 0.78125 13392
0.846875 0.78125 13392
0.846875 0.78125 13392
0.846875 0.78125 13392
0.846875 0.78125 13392
0.846875 0.78125 13392
0.846875 0.78125 13392
0.846875 0.78125 13392
0.846875 0.78125 13392
0.846875 0.775 13392
0.846875 0.775 13392
0.846875 0.775 13392
0.846875 0.775 13392
0.846875 0.78125 13392
0.846875 0.78125 13392
0.846875 0.78125 13392
0.846875 0.78125 13392
0.846875 0.78125 13392
0.846875 0.78125 13392
0.846875 0.78125 13392
0.846875 0.78125 13392
0.846875 0.78125 13392
0.846875 0.78125 13392
0.846875 0.78125 13392
0.846875 0.78125 13392
0.846875 0.7875 13392
0.846875 0.7875 13392
0.846875 0.7875 13392
0.846875 0.7875 13392
0.846875 0.7875 13392
0.846875 0.7875 13392
0.846875 0.7875 13392
0.846875 0.7875 13392
0.846875 0.7875 13392
0.846875 0.7875 13392
0.846875 0.7875 13392
0.846875 0.7875 13392
0.846875 0.7875 13392
0.846875 0.7875 13392
0.846875 0.7875 13392
0.846875 0.7875 13392
0.846875 0.7875 13392
0.846875 0.7875 13392
0.846875 0.7875 13392
0.846875 0.7875 13392
0.846875 0.7875 13392
0.846875 0.7875 13392
0.846875 0.79375 13392
0.846875 0.79375 13392
0.846875 0.79375 13392
0.846875 0.79375 13392
0.846875 0.79375 13392
0.846875 0.79375 13392
0.846875 0.79375 13392
0.846875 0.79375 13392
0.846875 0.79375 13392
0.846875 0.79375 13392
0.846875 0.79375 13392
0.846875 0.79375 13392
0.846875 0.79375 13392
0.846875 0.79375 13392
0.846875 0.79375 13392
0.846875 0.79375 13392
0.846875 0.79375 13392
0.846875 0.79375 13392
0.846875 0.79375 13392
0.846875 0.79375 13392
0.846875 0.79375 13392
0.846875 0.79375 13392
0.846875 0.79375 13392
0.846875 0.79375 13392
0.846875 0.79375 13392
0.846875 0.79375 13392
0.846875 0.79375 13392
0.846875 0.79375 13392
0.846875 0.79375 13392
0.846875 0.79375 13392
0.846875 0.79375 13392
0.846875 0.79375 13392
0.846875 0.79375 13392
0.846875 0.79375 13392
0.846875 0.79375 13392
0.846875 0.79375 13392
0.846875 0.79375 13392
0.846875 0.79375 13392
0.846875 0.79375 13392
0.846875 0.79375 13392
0.846875 0.79375 13392
0.846875 0.79375 13392
0.846875 0.79375 13392
0.846875 0.79375 13392
0.846875 0.79375 13392
0.846875 0.79375 13392
0.846875 0.79375 13392
0.846875 0.79375 13392
0.846875 0.79375 13392
0.846875 0.79375 13392
0.846875 0.79375 13392
0.846875 0.79375 13392
0.846875 0.79375 13392
0.846875 0.79375 13392
0.846875 0.79375 13392
0.846875 0.79375 13392
0.846875 0.79375 13392
0.846875 0.79375 13392
0.846875 0.79375 13392
0.846875 0.79375 13392
0.846875 0.79375 13392
0.846875 0.79375 13392
0.846875 0.79375 13392
0.846875 0.79375 13392
0.846875 0.79375 13392
0.846875 0.79375 13392
0.846875 0.79375 13392
0.846875 0.79375 13392
0.846875 0.79375 13392
0.846875 0.79375 13392
0.846875 0.79375 13392
0.846875 0.79375 13392
0.846875 0.79375 13392
0.846875 0.79375 13392
0.846875 0.79375 13392
0.846875 0.79375 13392
0.846875 0.79375 13392
0.846875 0.79375 13392
0.846875 0.79375 13392
0.846875 0.79375 13392
0.846875 0.79375 13392
0.846875 0.79375 13392
0.846875 0.79375 13392
0.846875 0.79375 13392
0.846875 0.79375 13392
0.846875 0.79375 13392
0.846875 0.79375 13392
0.846875 0.79375 13392
0.846875 0.79375 13392
0.846875 0.79375 13392
0.846875 0.79375 13392
0.846875 0.79375 13392
0.846875 0.79375 13392
0.846875 0.79375 13392
0.846875 0.79375 13392
0.846875 0.79375 13392
0.846875 0.79375 13392
0.846875 0.79375 13392
0.846875 0.79375 13392
0.846875 0.79375 13392
0.846875 0.79375 13392
0.846875 0.79375 13392
0.846875 0.79375 13392
0.846875 0.79375 13392
0.846875 0.79375 13392
0.846875 0.79375 13392
0.846875 0.79375 13392
0.846875 0.79375 13392
0.846875 0.79375 13392
0.846875 0.79375 13392
0.846875 0.79375 13392
0.846875 0.79375 13392
0.846875 0.79375 13392
0.846875 0.79375 13392
0.846875 0.79375 13392
0.846875 0.79375 13392
0.846875 0.79375 13392
0.846875 0.79375 13392
0.846875 0.79375 13392
0.846875 0.79375 13392
0.846875 0.79375 13392
0.846875 0.79375 13392
0.846875 0.79375 13392
0.846875 0.79375 13392
0.846875 0.79375 13392
0.846875 0.79375 13392
0.846875 0.79375 13392
0.846875 0.79375 13392
0.846875 0.79375 13392
0.846875 0.79375 13392
0.846875 0.79375 13392
0.846875 0.79375 13392
0.846875 0.79375 13392
0.846875 0.79375 13392
0.846875 0.79375 13392
0.846875 0.79375 13392
0.846875 0.79375 13392
0.846875 0.79375 13392
0.846875 0.79375 13392
0.846875 0.79375 13392
0.846875 0.79375 13392
0.846875 0.79375 13392
0.846875 0.79375 13392
0.846875 0.79375 13392
0.846875 0.79375 13392
0.846875 0.79375 13392
0.846875 0.79375 13392
0.846875 0.79375 13392
0.846875 0.79375 13392
0.846875 0.79375 13392
0.846875 0.79375 13392
0.846875 0.79375 13392
0.846875 0.79375 13392
0.846875 0.79375 13392
0.846875 0.79375 13392
0.846875 0.79375 13392
0.846875 0.79375 13392
0.846875 0.79375 13392
0.846875 0.79375 13392
0.846875 0.79375 13392
0.846875 0.79375 13392
0.846875 0.79375 13392
0.846875 0.79375 13392
0.846875 0.79375 13392
0.846875 0.79375 13392
0.846875 0.79375 13392
0.846875 0.79375 13392
0.846875 0.79375 13392
0.846875 0.79375 13392
0.846875 0.79375 13392
0.846875 0.79375 13392
0.846875 0.79375 13392
0.846875 0.79375 13392
0.846875 0.79375 13392
0.846875 0.79375 13392
0.846875 0.79375 13392
0.846875 0.79375 13392
0.846875 0.79375 13392
0.846875 0.79375 13392
0.846875 0.79375 13392
0.846875 0.79375 13392
0.846875 0.79375 13392
0.846875 0.79375 13392
0.846875 0.79375 13392
0.846875 0.79375 13392
0.846875 0.79375 13392
0.846875 0.79375 13392
0.846875 0.79375 13392
0.846875 0.79375 13392
0.846875 0.79375 13392
0.846875 0.79375 13392
0.846875 0.79375 13392
0.846875 0.79375 13392
0.846875 0.79375 13392
0.846875 0.79375 13392
0.846875 0.79375 13392
0.846875 0.79375 13392
0.846875 0.79375 13392
0.846875 0.79375 13392
0.846875 0.79375 13392
0.846875 0.79375 13392
0.846875 0.79375 13392
0.846875 0.79375 13392
0.846875 0.79375 13392
0.846875 0.79375 13392
0.846875 0.79375 13392
0.846875 0.79375 13392
0.846875 0.79375 13392
0.846875 0.79375 13392
0.846875 0.79375 13392
0.846875 0.79375 13392
0.846875 0.79375 13392
0.846875 0.79375 13392
0.846875 0.79375 13392
0.846875 0.79375 13392
0.846875 0.79375 13392
0.846875 0.79375 13392
0.846875 0.79375 13392
0.846875 0.79375 13392
0.846875 0.79375 13392
0.846875 0.79375 13392
0.846875 0.79375 13392
0.846875 0.79375 13392
0.846875 0.79375 13392
0.846875 0.79375 13392
0.846875 0.79375 13392
0.846875 0.79375 13392
0.846875 0.79375 13392
0.846875 0.79375 13392
0.846875 0.79375 13392
0.846875 0.79375 13392
0.846875 0.79375 13392
0.846875 0.79375 13392
0.846875 0.79375 13392
0.846875 0.79375 13392
0.846875 0.79375 13392
0.846875 0.79375 13392
0.846875 0.79375 13392
0.846875 0.79375 13392
0.846875 0.79375 13392
0.846875 0.79375 13392
0.846875 0.79375 13392
0.846875 0.79375 13392
0.846875 0.79375 13392
0.846875 0.79375 13392
0.846875 0.79375 13392
0.846875 0.79375 13392
0.846875 0.79375 13392
0.846875 0.79375 13392
0.846875 0.79375 13392
0.846875 0.79375 13392
0.846875 0.79375 13392
0.846875 0.79375 13392
0.846875 0.79375 13392
0.846875 0.79375 13392
0.846875 0.79375 13392
0.846875 0.79375 13392
0.846875 0.79375 13392
0.846875 0.79375 13392
0.846875 0.79375 13392
0.846875 0.79375 13392
0.846875 0.79375 13392
0.846875 0.79375 13392
0.846875 0.79375 13392
0.846875 0.79375 13392
0.846875 0.79375 13392
0.846875 0.79375 13392
0.846875 0.79375 13392
0.846875 0.79375 13392
0.846875 0.79375 13392
0.846875 0.79375 13392
0.846875 0.79375 13392
0.846875 0.79375 13392
0.846875 0.79375 13392
0.846875 0.79375 13392
0.846875 0.79375 13392
0.846875 0.79375 13392
0.846875 0.79375 13392
0.846875 0.79375 13392
0.846875 0.79375 13392
0.846875 0.79375 13392
0.846875 0.79375 13392
0.846875 0.79375 13392
0.846875 0.79375 13392
0.846875 0.79375 13392
0.846875 0.79375 13392
0.846875 0.79375 13392
0.846875 0.79375 13392
0.846875 0.79375 13392
0.846875 0.79375 13392
0.846875 0.79375 13392
0.846875 0.79375 13392
0.846875 0.79375 13392
0.846875 0.79375 13392
0.846875 0.79375 13392
0.846875 0.79375 13392
0.846875 0.79375 13392
0.846875 0.79375 13392
0.846875 0.79375 13392
0.846875 0.79375 13392
0.846875 0.79375 13392
0.846875 0.79375 13392
0.846875 0.79375 13392
0.846875 0.79375 13392
0.846875 0.79375 13392
0.846875 0.79375 13392
0.846875 0.79375 13392
0.846875 0.79375 13392
0.846875 0.79375 13392
0.846875 0.79375 13392
0.846875 0.79375 13392
0.846875 0.79375 13392
0.846875 0.79375 13392
0.846875 0.79375 13392
0.846875 0.79375 13392
0.846875 0.79375 13392
0.846875 0.79375 13392
0.846875 0.79375 13392
0.846875 0.79375 13392
0.846875 0.79375 13392
0.846875 0.79375 13392
0.846875 0.79375 13392
0.846875 0.79375 13392
0.846875 0.79375 13392
0.846875 0.79375 13392
0.846875 0.79375 13392
0.846875 0.79375 13392
0.846875 0.79375 13392
0.846875 0.79375 13392
0.846875 0.79375 13392
0.846875 0.79375 13392
0.846875 0.79375 13392
0.846875 0.79375 13392
0.846875 0.79375 13392
0.846875 0.79375 13392
0.846875 0.79375 13392
0.846875 0.79375 13392
0.846875 0.79375 13392
0.846875 0.79375 13392
0.846875 0.79375 13392
0.846875 0.79375 13392
0.846875 0.79375 13392
0.846875 0.79375 13392
0.846875 0.79375 13392
0.846875 0.79375 13392
0.846875 0.79375 13392
0.846875 0.79375 13392
0.846875 0.79375 13392
0.846875 0.79375 13392
0.846875 0.79375 13392
0.846875 0.79375 13392
0.846875 0.79375 13392
0.846875 0.79375 13392
0.846875 0.79375 13392
0.846875 0.79375 13392
0.846875 0.79375 13392
0.846875 0.79375 13392
0.846875 0.79375 13392
0.846875 0.79375 13392
0.846875 0.79375 13392
0.846875 0.79375 13392
0.846875 0.79375 13392
0.846875 0.79375 13392
0.846875 0.79375 13392
0.846875 0.79375 13392
0.846875 0.79375 13392
0.846875 0.79375 13392
0.846875 0.79375 13392
0.846875 0.79375 13392
0.846875 0.79375 13392
0.846875 0.79375 13392
0.846875 0.79375 13392
0.846875 0.79375 13392
0.846875 0.79375 13392
0.846875 0.79375 13392
0.846875 0.79375 13392
0.846875 0.79375 13392
0.846875 0.79375 13392
0.846875 0.79375 13392
0.846875 0.79375 13392
0.846875 0.79375 13392
0.846875 0.79375 13392
0.846875 0.79375 13392
0.846875 0.79375 13392
0.846875 0.79375 13392
0.846875 0.79375 13392
0.846875 0.79375 13392
0.846875 0.79375 13392
0.846875 0.79375 13392
0.846875 0.79375 13392
0.846875 0.79375 13392
0.846875 0.79375 13392
0.846875 0.79375 13392
0.846875 0.79375 13392
0.846875 0.79375 13392
0.846875 0.79375 13392
0.846875 0.79375 13392
0.846875 0.79375 13392
0.846875 0.79375 13392
0.846875 0.79375 13392
0.846875 0.79375 13392
0.846875 0.79375 13392
0.846875 0.79375 13392
0.846875 0.79375 13392
0.846875 0.79375 13392
0.846875 0.79375 13392
0.846875 0.79375 13392
0.846875 0.79375 13392
0.846875 0.79375 13392
0.846875 0.79375 13392
0.846875 0.79375 13392
0.846875 0.79375 13392
0.846875 0.79375 13392
0.846875 0.79375 13392
0.846875 0.79375 13392
0.846875 0.79375 13392
0.846875 0.79375 13392
0.846875 0.79375 13392
0.846875 0.79375 13392
0.846875 0.79375 13392
0.846875 0.79375 13392
0.846875 0.79375 13392
0.846875 0.79375 13392
0.846875 0.79375 13392
0.846875 0.79375 13392
0.846875 0.79375 13392
0.846875 0.79375 13392
0.846875 0.79375 13392
0.846875 0.79375 13392
0.846875 0.79375 13392
0.846875 0.79375 13392
0.846875 0.79375 13392
0.846875 0.79375 13392
0.846875 0.79375 13392
0.846875 0.79375 13392
0.846875 0.79375 13392
0.846875 0.79375 13392
0.846875 0.79375 13392
0.846875 0.79375 13392
0.846875 0.79375 13392
0.846875 0.79375 13392
0.846875 0.79375 13392
0.846875 0.79375 13392
0.846875 0.79375 13392
0.846875 0.79375 13392
0.846875 0.79375 13392
0.846875 0.79375 13392
0.846875 0.79375 13392
0.846875 0.79375 13392
0.846875 0.79375 13392
0.846875 0.79375 13392
0.846875 0.79375 13392
0.846875 0.79375 13392
0.846875 0.79375 13392
0.846875 0.79375 13392
0.846875 0.79375 13392
0.846875 0.79375 13392
0.846875 0.79375 13392
0.846875 0.79375 13392
0.846875 0.79375 13392
0.846875 0.79375 13392
0.846875 0.79375 13392
0.846875 0.79375 13392
0.846875 0.79375 13392
0.846875 0.79375 13392
0.846875 0.79375 13392
0.846875 0.79375 13392
0.846875 0.79375 13392
0.846875 0.79375 13392
0.846875 0.79375 13392
0.846875 0.79375 13392
0.846875 0.79375 13392
0.846875 0.79375 13392
0.846875 0.79375 13392
0.846875 0.79375 13392
0.846875 0.79375 13392
0.846875 0.79375 13392
0.846875 0.79375 13392
0.846875 0.79375 13392
0.846875 0.79375 13392
0.846875 0.79375 13392
0.846875 0.79375 13392
0.846875 0.79375 13392
0.846875 0.79375 13392
0.846875 0.79375 13392
0.846875 0.79375 13392
0.846875 0.79375 13392
0.846875 0.79375 13392
0.846875 0.79375 13392
0.846875 0.79375 13392
0.846875 0.79375 13392
0.846875 0.79375 13392
0.846875 0.79375 13392
0.846875 0.79375 13392
0.846875 0.79375 13392
0.846875 0.79375 13392
0.846875 0.79375 13392
0.846875 0.79375 13392
0.846875 0.79375 13392
0.846875 0.79375 13392
0.846875 0.79375 13392
0.846875 0.79375 13392
0.846875 0.79375 13392
0.846875 0.79375 13392
0.846875 0.79375 13392
0.846875 0.79375 13392
0.846875 0.79375 13392
0.846875 0.79375 13392
0.846875 0.79375 13392
0.846875 0.79375 13392
0.846875 0.79375 13392
0.846875 0.79375 13392
0.846875 0.79375 13392
0.846875 0.79375 13392
0.846875 0.79375 13392
0.846875 0.79375 13392
0.846875 0.79375 13392
0.846875 0.79375 13392
0.846875 0.79375 13392
0.846875 0.79375 13392
0.846875 0.79375 13392
0.846875 0.79375 13392
0.846875 0.79375 13392
0.846875 0.79375 13392
0.846875 0.79375 13392
0.846875 0.79375 13392
0.846875 0.79375 13392
0.846875 0.79375 13392
0.846875 0.79375 13392
0.846875 0.79375 13392
0.846875 0.79375 13392
0.846875 0.79375 13392
0.846875 0.79375 13392
0.846875 0.79375 13392
0.846875 0.79375 13392
0.846875 0.79375 13392
0.846875 0.79375 13392
0.846875 0.79375 13392
0.846875 0.79375 13392
0.846875 0.79375 13392
0.846875 0.79375 13392
0.846875 0.79375 13392
0.846875 0.79375 13392
0.846875 0.79375 13392
0.846875 0.79375 13392
0.846875 0.79375 13392
0.846875 0.79375 13392
0.846875 0.79375 13392
0.846875 0.79375 13392
0.846875 0.79375 13392
0.846875 0.79375 13392
0.846875 0.79375 13392
0.846875 0.79375 13392
0.846875 0.79375 13392
0.846875 0.79375 13392
0.846875 0.79375 13392
0.846875 0.79375 13392
0.846875 0.79375 13392
0.846875 0.79375 13392
0.846875 0.79375 13392
0.846875 0.79375 13392
0.846875 0.79375 13392
0.846875 0.79375 13392
0.846875 0.79375 13392
0.846875 0.79375 13392
0.846875 0.79375 13392
0.846875 0.79375 13392
0.846875 0.79375 13392
0.846875 0.79375 13392
0.846875 0.79375 13392
0.846875 0.79375 13392
0.846875 0.79375 13392
0.846875 0.79375 13392
0.846875 0.79375 13392
0.846875 0.79375 13392
0.846875 0.79375 13392
0.846875 0.79375 13392
0.846875 0.79375 13392
0.846875 0.79375 13392
0.846875 0.79375 13392
0.846875 0.79375 13392
0.846875 0.79375 13392
0.846875 0.79375 13392
0.846875 0.79375 13392
0.846875 0.79375 13392
0.846875 0.7875 13392
0.846875 0.7875 13392
0.846875 0.7875 13392
0.846875 0.7875 13392
0.846875 0.7875 13392
0.846875 0.7875 13392
0.846875 0.7875 13392
0.846875 0.7875 13392
0.846875 0.7875 13392
0.846875 0.7875 13392
0.846875 0.7875 13392
0.846875 0.7875 13392
0.846875 0.7875 13392
0.846875 0.7875 13392
0.846875 0.7875 13392
0.846875 0.7875 13392
0.846875 0.7875 13392
0.846875 0.7875 13392
0.846875 0.7875 13392
0.846875 0.7875 13392
0.846875 0.7875 13392
0.846875 0.7875 13392
0.846875 0.7875 13392
0.846875 0.7875 13392
0.846875 0.7875 13392
0.846875 0.7875 13392
0.846875 0.7875 13392
0.846875 0.7875 13392
0.846875 0.7875 13392
0.846875 0.7875 13392
0.846875 0.7875 13392
0.846875 0.7875 13392
0.846875 0.7875 13392
0.846875 0.7875 13392
0.846875 0.7875 13392
0.846875 0.7875 13392
0.846875 0.7875 13392
0.846875 0.7875 13392
0.846875 0.7875 13392
0.846875 0.7875 13392
0.846875 0.7875 13392
0.846875 0.7875 13392
0.846875 0.7875 13392
0.846875 0.7875 13392
0.846875 0.7875 13392
0.846875 0.7875 13392
0.846875 0.7875 13392
0.846875 0.7875 13392
0.846875 0.7875 13392
0.846875 0.7875 13392
0.846875 0.7875 13392
0.846875 0.7875 13392
0.846875 0.7875 13392
0.846875 0.7875 13392
0.846875 0.7875 13392
0.846875 0.7875 13392
0.846875 0.7875 13392
0.846875 0.7875 13392
0.846875 0.7875 13392
0.846875 0.7875 13392
0.846875 0.7875 13392
0.846875 0.7875 13392
0.846875 0.7875 13392
0.846875 0.7875 13392
0.846875 0.7875 13392
0.846875 0.7875 13392
0.846875 0.7875 13392
0.846875 0.7875 13392
0.846875 0.7875 13392
0.846875 0.7875 13392
0.846875 0.7875 13392
0.846875 0.7875 13392
0.846875 0.7875 13392
0.846875 0.7875 13392
0.846875 0.7875 13392
0.846875 0.7875 13392
0.846875 0.7875 13392
0.846875 0.7875 13392
0.846875 0.7875 13392
0.846875 0.7875 13392
0.846875 0.7875 13392
0.846875 0.7875 13392
0.846875 0.7875 13392
0.846875 0.7875 13392
0.846875 0.7875 13392
0.846875 0.7875 13392
0.846875 0.7875 13392
0.846875 0.7875 13392
0.846875 0.7875 13392
0.846875 0.7875 13392
0.846875 0.7875 13392
0.846875 0.7875 13392
0.846875 0.7875 13392
0.846875 0.7875 13392
0.846875 0.7875 13392
0.846875 0.7875 13392
0.846875 0.7875 13392
0.846875 0.7875 13392
0.846875 0.7875 13392
0.846875 0.7875 13392
0.846875 0.7875 13392
0.846875 0.7875 13392
0.846875 0.7875 13392
0.846875 0.7875 13392
0.846875 0.7875 13392
0.846875 0.7875 13392
0.846875 0.7875 13392
0.846875 0.7875 13392
0.846875 0.7875 13392
0.846875 0.7875 13392
0.846875 0.7875 13392
0.846875 0.7875 13392
0.846875 0.7875 13392
0.846875 0.7875 13392
0.846875 0.79375 13392
0.846875 0.79375 13392
0.846875 0.79375 13392
0.846875 0.79375 13392
0.846875 0.79375 13392
0.846875 0.79375 13392
0.846875 0.79375 13392
0.846875 0.79375 13392
0.846875 0.79375 13392
0.846875 0.79375 13392
0.846875 0.79375 13392
0.846875 0.79375 13392
0.846875 0.79375 13392
0.846875 0.79375 13392
0.846875 0.79375 13392
0.846875 0.79375 13392
0.846875 0.79375 13392
0.846875 0.79375 13392
0.846875 0.79375 13392
0.846875 0.79375 13392
0.846875 0.79375 13392
0.846875 0.79375 13392
0.846875 0.79375 13392
0.846875 0.79375 13392
0.846875 0.79375 13392
0.846875 0.79375 13392
0.846875 0.79375 13392
0.846875 0.79375 13392
0.846875 0.79375 13392
0.846875 0.79375 13392
0.846875 0.79375 13392
0.846875 0.79375 13392
0.846875 0.79375 13392
0.846875 0.79375 13392
0.846875 0.79375 13392
0.846875 0.79375 13392
0.846875 0.79375 13392
0.846875 0.79375 13392
0.846875 0.79375 13392
0.846875 0.79375 13392
0.846875 0.79375 13392
0.846875 0.79375 13392
0.846875 0.79375 13392
0.846875 0.79375 13392
0.846875 0.79375 13392
0.846875 0.79375 13392
0.846875 0.79375 13392
0.846875 0.79375 13392
0.846875 0.79375 13392
0.846875 0.79375 13392
0.846875 0.79375 13392
0.846875 0.79375 13392
0.846875 0.79375 13392
0.846875 0.79375 13392
0.846875 0.79375 13392
0.846875 0.79375 13392
0.846875 0.79375 13392
0.846875 0.79375 13392
0.846875 0.79375 13392
0.846875 0.79375 13392
0.846875 0.79375 13392
0.846875 0.79375 13392
0.846875 0.79375 13392
0.846875 0.79375 13392
0.846875 0.79375 13392
0.846875 0.79375 13392
0.846875 0.79375 13392
0.846875 0.79375 13392
0.846875 0.79375 13392
0.846875 0.79375 13392
0.846875 0.79375 13392
0.846875 0.79375 13392
0.846875 0.79375 13392
0.846875 0.79375 13392
0.846875 0.79375 13392
0.846875 0.79375 13392
0.846875 0.79375 13392
0.846875 0.79375 13392
0.846875 0.79375 13392
0.846875 0.79375 13392
0.846875 0.79375 13392
0.846875 0.79375 13392
0.846875 0.79375 13392
0.846875 0.79375 13392
0.846875 0.79375 13392
0.846875 0.79375 13392
0.846875 0.79375 13392
0.846875 0.79375 13392
0.846875 0.79375 13392
0.846875 0.79375 13392
0.846875 0.79375 13392
0.846875 0.79375 13392
0.846875 0.79375 13392
0.846875 0.79375 13392
0.846875 0.79375 13392
0.846875 0.79375 13392
0.846875 0.79375 13392
0.846875 0.79375 13392
0.846875 0.79375 13392
0.846875 0.79375 13392
0.846875 0.79375 13392
0.846875 0.79375 13392
0.846875 0.79375 13392
0.846875 0.79375 13392
0.846875 0.79375 13392
0.846875 0.79375 13392
0.846875 0.79375 13392
0.846875 0.79375 13392
0.846875 0.79375 13392
0.846875 0.79375 13392
0.846875 0.79375 13392
0.846875 0.79375 13392
0.846875 0.79375 13392
0.846875 0.79375 13392
0.846875 0.79375 13392
0.846875 0.79375 13392
0.846875 0.79375 13392
0.846875 0.79375 13392
0.846875 0.79375 13392
0.846875 0.79375 13392
0.846875 0.79375 13392
0.846875 0.79375 13392
0.846875 0.79375 13392
0.846875 0.79375 13392
0.846875 0.79375 13392
0.846875 0.79375 13392
0.846875 0.79375 13392
0.846875 0.79375 13392
0.846875 0.79375 13392
0.846875 0.79375 13392
0.846875 0.79375 13392
0.846875 0.79375 13392
0.846875 0.79375 13392
0.846875 0.79375 13392
0.846875 0.79375 13392
0.846875 0.79375 13392
0.846875 0.79375 13392
0.846875 0.79375 13392
0.846875 0.79375 13392
0.846875 0.79375 13392
0.846875 0.79375 13392
0.846875 0.79375 13392
0.846875 0.79375 13392
0.846875 0.79375 13392
0.846875 0.79375 13392
0.846875 0.79375 13392
0.846875 0.79375 13392
0.846875 0.79375 13392
0.846875 0.79375 13392
0.846875 0.79375 13392
0.846875 0.79375 13392
0.846875 0.79375 13392
0.846875 0.79375 13392
0.846875 0.79375 13392
0.846875 0.79375 13392
0.846875 0.79375 13392
0.846875 0.79375 13392
0.846875 0.79375 13392
0.846875 0.79375 13392
0.846875 0.79375 13392
0.846875 0.79375 13392
0.846875 0.79375 13392
0.846875 0.79375 13392
0.846875 0.79375 13392
0.846875 0.79375 13392
0.846875 0.79375 13392
0.846875 0.79375 13392
0.846875 0.79375 13392
0.846875 0.79375 13392
0.846875 0.79375 13392
0.846875 0.79375 13392
0.846875 0.79375 13392
0.846875 0.79375 13392
0.846875 0.79375 13392
0.846875 0.79375 13392
0.846875 0.79375 13392
0.846875 0.79375 13392
0.846875 0.79375 13392
0.846875 0.79375 13392
0.846875 0.79375 13392
0.846875 0.79375 13392
0.846875 0.79375 13392
0.846875 0.79375 13392
0.846875 0.79375 13392
0.846875 0.79375 13392
0.846875 0.79375 13392
0.846875 0.79375 13392
0.846875 0.79375 13392
0.846875 0.79375 13392
0.846875 0.79375 13392
0.846875 0.79375 13392
0.846875 0.79375 13392
0.846875 0.79375 13392
0.846875 0.79375 13392
0.846875 0.79375 13392
0.846875 0.79375 13392
0.846875 0.79375 13392
0.846875 0.79375 13392
0.846875 0.79375 13392
0.846875 0.79375 13392
0.846875 0.79375 13392
0.846875 0.79375 13392
0.846875 0.79375 13392
0.846875 0.79375 13392
0.846875 0.79375 13392
0.846875 0.79375 13392
0.846875 0.79375 13392
0.846875 0.79375 13392
0.846875 0.79375 13392
0.846875 0.79375 13392
0.846875 0.79375 13392
0.846875 0.79375 13392
0.846875 0.79375 13392
0.846875 0.79375 13392
0.846875 0.79375 13392
0.846875 0.79375 13392
0.846875 0.79375 13392
0.846875 0.79375 13392
0.846875 0.79375 13392
0.846875 0.79375 13392
0.846875 0.79375 13392
0.846875 0.79375 13392
0.846875 0.79375 13392
0.846875 0.79375 13392
0.846875 0.79375 13392
0.846875 0.79375 13392
0.846875 0.79375 13392
0.846875 0.79375 13392
0.846875 0.79375 13392
0.846875 0.79375 13392
0.846875 0.79375 13392
0.846875 0.79375 13392
0.846875 0.79375 13392
0.846875 0.79375 13392
0.846875 0.79375 13392
0.846875 0.79375 13392
0.846875 0.79375 13392
0.846875 0.79375 13392
0.846875 0.79375 13392
0.846875 0.79375 13392
0.846875 0.79375 13392
0.846875 0.79375 13392
0.846875 0.79375 13392
0.846875 0.79375 13392
0.846875 0.79375 13392
0.846875 0.79375 13392
0.846875 0.79375 13392
0.846875 0.79375 13392
0.846875 0.79375 13392
0.846875 0.79375 13392
0.846875 0.79375 13392
0.846875 0.79375 13392
0.846875 0.79375 13392
0.846875 0.79375 13392
0.846875 0.79375 13392
0.846875 0.79375 13392
0.846875 0.79375 13392
0.846875 0.79375 13392
0.846875 0.79375 13392
0.846875 0.79375 13392
0.846875 0.79375 13392
0.846875 0.79375 13392
0.846875 0.79375 13392
0.846875 0.79375 13392
0.846875 0.79375 13392
0.846875 0.79375 13392
0.846875 0.79375 13392
0.846875 0.79375 13392
0.846875 0.79375 13392
0.846875 0.79375 13392
0.846875 0.79375 13392
0.846875 0.79375 13392
0.846875 0.79375 13392
0.846875 0.79375 13392
0.846875 0.79375 13392
0.846875 0.79375 13392
0.846875 0.79375 13392
0.846875 0.79375 13392
0.846875 0.79375 13392
0.846875 0.79375 13392
0.846875 0.79375 13392
0.846875 0.79375 13392
0.846875 0.79375 13392
0.846875 0.79375 13392
0.846875 0.79375 13392
0.846875 0.79375 13392
0.846875 0.79375 13392
0.846875 0.79375 13392
0.846875 0.79375 13392
0.846875 0.79375 13392
0.846875 0.79375 13392
0.846875 0.79375 13392
0.846875 0.79375 13392
0.846875 0.79375 13392
0.846875 0.79375 13392
0.846875 0.79375 13392
0.846875 0.79375 13392
0.846875 0.79375 13392
0.846875 0.79375 13392
0.846875 0.79375 13392
0.846875 0.8 13392
0.846875 0.8 13392
0.846875 0.8 13392
0.846875 0.8 13392
0.846875 0.8 13392
0.846875 0.8 13392
0.846875 0.8 13392
0.846875 0.8 13392
0.846875 0.8 13392
