1
2
4
7
8
9
13
20
23
55
128
177
213
275
334
433
634
643
675
676
685
686
855
856
868
912
924
1153
1156
1161
1180
1199
1203
1204
1206
1207
1208
1209
1210
1211
1212
1213
1214
1215
1217
1218
1241
1272
1358
1365
1388
1392
1394
1402
1404
1415
1418
1447
1478
1519
1523
1543
1544
1545
1554
1555
1556
1557
1558
1563
1566
1587
1592
1593
1596
1599
1601
1633
1660
1688
1696
1709
1721
1724
1743
1750
1758
1762
1770
1785
1788
1791
1792
1797
1811
1813
1818
1820
1826
1835
1843
1848
1851
1852
1853
1854
1855
1862
1867
1868
1877
1894
1909
1921
1922
1933
1934
1935
1941
1964
1965
2005
2033
2134
2153
2171
2250
2258
2267
2277
2278
2279
2280
2281
2282
2283
2284
2285
2286
2287
2288
2289
2290
2291
2292
2293
2294
2295
2296
2297
2298
2299
2300
2301
2302
2303
2304
2305
2306
2315
2322
2333
2334
2364
2369
2383
2400
2402
2405
2406
2407
2412
2413
2424
2436
2444
2445
2446
2447
2448
2451
2454
2467
2473
2476
2480
2484
2485
2486
2487
2491
2493
2498
2499
2500
2501
2502
2515
2516
2517
2522
2531
2532
2538
2551
2568
2573
2581
2582
2583
2584
2591
2605
2610
2620
2621
2625
2630
2631
2651
2652
2659
2673
2703
2704
2723
2724
2729
2749
2771
2778
2803
2864
2873
2883
2902
2903
2918
2951
3042
3049
3051
3055
3083
3121
3125
3170
3172
3184
3200
3277
3282
3283
3284
3285
3286
3287
3288
3289
3290
3291
3292
3293
3294
3295
3296
3297
3298
3299
3300
3301
3302
3303
3304
3305
3306
3307
3308
3309
3310
3311
3312
3313
3314
3315
3316
3317
3318
3319
3320
3321
3322
3323
3324
3325
3326
3327
3328
3329
3330
3331
3332
3333
3334
3335
3336
3337
3338
3339
3340
3341
3342
3343
3344
3345
3346
3347
3348
3349
3350
3351
3352
3353
3354
3355
3356
3357
3358
3359
3360
3361
3362
3363
3364
3365
3366
3367
3368
3369
3370
3371
3372
3373
3374
3375
3376
3377
3378
3379
3380
3381
3382
3383
3384
3385
3386
3387
3388
3389
3390
3391
3392
3393
3394
3395
3396
3397
3398
3399
3400
3401
3402
3403
3404
3405
3406
3407
3408
3409
3410
3411
3412
3413
3414
3415
3416
3417
3418
3419
3420
3421
3422
3423
3424
3425
3426
3427
3428
3429
3430
3431
3432
3433
3434
3435
3436
3437
3438
3439
3440
3441
3442
3443
3444
3445
3446
3447
3448
3449
3450
3451
3452
3453
3454
3455
3456
3457
3458
3459
3460
3461
3462
3463
3464
3465
3466
3467
3468
3469
3470
3471
3472
3473
3474
3475
3476
3477
3478
3479
3480
3481
3482
3483
3484
3485
3486
3487
3488
3489
3490
3491
3492
3493
3494
3495
3496
3497
3498
3499
3500
3501
3502
3503
3504
3505
3506
3507
3508
3509
3510
3511
3512
3513
3514
3515
3516
3517
3518
3519
3520
3521
3522
3523
3524
3525
3526
3527
3528
3529
3530
3531
3532
3533
3534
3535
3536
3537
3538
3539
3540
3541
3542
3543
3544
3545
3546
3547
3548
3549
3550
3551
3552
3553
3554
3555
3556
3557
3558
3559
3560
3561
3562
3563
3564
3565
3566
3567
3568
3569
3570
3571
3572
3573
3574
3575
3576
3577
3578
3579
3590
3612
3682
3776
3796
3813
3817
3868
3882
3918
3920
3925
3940
3942
3944
3957
3958
3979
3986
3988
3989
3993
4003
4018
4026
4034
4047
4049
4051
4052
4053
4054
4058
4061
4066
4075
4077
4080
4081
4082
4083
4084
4085
4089
4096
4097
4098
4099
4100
4101
4102
4103
4104
4105
4106
4107
4109
4115
4124
4135
4138
4144
4149
4150
4160
4169
4191
4193
4213
4214
4215
4216
4217
4218
4219
4220
4221
4222
4223
4224
4225
4226
4227
4228
4229
4230
4243
4250
4251
4252
4253
4283
4292
4293
4323
4324
4330
4339
4368
4369
4370
4371
4372
4373
4374
4396
4399
4405
4421
4422
4424
4431
4437
4438
4440
4445
4446
4447
4472
4473
4497
4520
4521
4525
4527
4533
4534
4535
4536
4537
4538
4539
4546
4552
4556
4557
4560
4573
4576
4577
4578
4582
4587
4592
4602
4623
4639
4644
4673
4684
4689
4690
4695
4697
4699
4702
4705
4707
4710
4711
4712
4713
4720
4725
4726
4731
4732
4747
4749
4752
4772
4812
4823
4825
4830
4839
4840
4848
4849
4852
4855
4866
4871
4872
4877
4889
4895
4896
4900
4901
4932
4933
4934
4947
4953
4956
4968
4973
4979
4981
4987
4990
4993
4997
4999
5002
5006
5007
5035
5065
5066
5069
5072
5075
5076
5088
5098
5112
5116
5117
5160
5180
5189
5195
5200
5201
5211
5213
5232
5241
5243
5249
5274
5275
5283
5293
5294
5308
5309
5312
5334
5336
5338
5344
5346
5349
5358
5373
5388
5390
5439
5452
5464
5474
5499
5501
5503
5511
5512
5513
5514
5518
5526
5533
5534
5535
5536
5540
5550
5552
5611
5615
5617
5622
5676
5680
5688
5696
5714
5726
5748
5751
5760
5764
5766
5767
5768
5769
5772
5782
5785
5788
5790
5792
5794
5796
5797
5798
5799
5804
5805
5813
5815
5820
5832
5835
5836
5848
5849
5850
5851
5855
5860
5862
5864
5923
5924
5926
5935
5936
5937
5938
5939
5940
5941
5945
5976
5982
5993
6007
6025
6076
6126
6140
6164
6260
6269
6296
6306
6396
6445
6510
6515
6517
6518
6519
6571
6577
6597
6637
6644
6677
6680
6771
6772
6799
6800
6805
6815
6824
6831
6832
6851
6894
6908
6909
6921
6930
6950
6955
6958
7044
7046
7048
7056
7082
7102
7106
7118
7130
7134
7141
7154
7224
7228
7229
7230
7249
7251
7265
7267
7278
7283
7284
7291
7292
7293
7294
7295
7296
7300
7324
7325
7326
7327
7328
7331
7335
7337
7340
7341
7347
7355
7366
7368
7370
7378
7384
7387
7392
7401
7420
7422
7454
7457
7458
7475
7499
7500
7513
7515
7584
7588
7598
7599
7600
7606
7607
7613
7614
7619
7622
7626
7628
7631
7640
7680
7698
7704
7706
7707
7709
7757
7795
7808
7813
7814
7815
7816
7817
7818
7819
7820
7821
7822
7845
7862
7870
7891
7894
7897
7916
7937
7952
7953
7959
7973
7974
7996
8000
8001
8002
8003
8031
8035
8039
8058
8064
8076
8078
8088
8104
8113
8114
8115
8116
8117
8118
8119
8136
8153
8160
8165
8185
8186
8187
8188
8189
8201
8202
8203
8204
8205
8206
8209
8212
8213
8214
8223
8228
8232
8233
8234
8235
8236
8263
8266
8270
8283
8294
8302
8318
8320
8322
8323
8324
8352
8365
8366
8368
8392
8393
8422
8427
8468
8475
8486
8487
8488
8489
8490
8491
8492
8493
8494
8514
8515
8516
8517
8518
8519
8520
8521
8522
8523
8540
8541
8542
8543
8547
8561
8571
8572
8576
8584
8607
8608
8620
8628
8635
8651
8661
8668
8674
8675
8678
8685
8694
8696
8701
8702
8707
8717
8718
8719
8720
8722
8723
8733
8744
8745
8767
8768
8769
8774
8775
8783
8827
8828
8829
8830
8831
8832
8833
8834
8835
8836
8837
8838
8846
8847
8851
8861
8883
8884
8885
8886
8887
8888
8889
8890
8891
8892
8893
8894
8895
8896
8897
8898
8899
8900
8901
8902
8903
8904
8905
8906
8907
8908
8909
8923
8924
8925
8926
8927
8928
8929
8930
8931
8932
8933
8934
8935
8936
8937
8938
8939
8940
8941
8942
8943
8944
8945
8946
8947
8948
8949
8950
8951
8952
8953
8954
8955
8956
8957
8958
8959
8960
8961
8962
8963
8964
8965
8966
8967
8968
8969
8970
8971
8972
8973
8974
8975
8976
8977
8978
8979
8980
8981
8982
8983
8984
8985
8986
8987
8988
8989
8990
8991
8992
8993
8994
8995
8996
8997
8998
8999
9000
9001
9002
9003
9004
9005
9006
9010
9022
9023
9024
9037
9039
9044
9045
9073
9090
9094
9106
9113
9114
9172
9179
9221
9297
9378
9380
9386
9397
9401
9403
9406
9408
9410
9412
9416
9417
9418
9420
9450
9451
9452
9455
9456
9479
9502
9512
9522
9534
9538
9539
9540
9541
9542
9543
9544
9545
9546
9565
9566
9567
9568
9569
9570
9571
9572
9573
9574
9575
9576
9577
9584
9585
9590
9624
9628
9647
9648
9650
9659
9663
9720
9762
9765
9773
9797
9808
9830
9831
9833
9836
9837
9841
9842
9853
9854
9859
9861
9868
9913
9940
9941
9944
9948
9949
9951
9952
9954
9962
9967
9997
10008
10021
10097
10098
10099
10152
10159
10160
10238
10263
10264
10338
10474
10497
10519
10593
10634
10707
10749
10751
10762
10781
10785
10786
10787
10796
10806
10811
10815
10825
10826
10857
10867
10870
10876
10877
10887
10890
10895
10899
10912
10915
10916
10968
10995
10997
11006
11013
11023
11040
11064
11066
11072
11083
11090
11097
11099
11124
11137
11141
11165
11173
11176
11200
11201
11202
11203
11204
11205
11212
11215
11232
11236
11237
11250
11261
11308
11359
11360
11404
11428
11532
11533
11534
11537
11561
11588
11596
11597
11606
11721
11732
11764
11765
11783
11843
11844
11850
11860
11984
12021
12027
12076
12232
12295
12303
12309
12312
12328
12334
12340
12342
12345
12346
12352
12396
12398
12405
12408
12416
12422
12425
12427
12431
12439
12470
12477
12485
12491
12493
12503
12505
12512
12515
12522
12528
12531
12542
12544
12656
12673
12681
12690
12722
12725
12728
12735
12741
12743
12747
12754
12759
12785
12786
12787
12788
12789
12790
12791
12792
12793
12794
12795
12796
12815
12923
12924
12944
12947
12967
12986
13011
13027
13036
13051
13056
13062
13068
13070
13071
13073
13074
13076
13082
13083
13084
13092
13093
13101
13113
13121
13131
13137
13138
13147
13149
13152
13175
13236
13245
13252
13264
13283
13349
13351
13383
13405
13409
13412
13421
13438
13439
13511
13559
13563
13564
13565
13566
13590
13593
13610
13611
13648
13658
13692
13693
13703
13706
13718
13720
13725
13741
13760
13761
13766
13767
13825
13833
13835
13836
13837
13880
13881
13896
13898
13901
13904
13905
13908
13910
13911
13919
13949
14036
14039
14041
14093
14094
14227
14253
14304
14373
14376
14378
14379
14532
14587
14633
14676
14835
14836
14839
14840
14843
14844
14877
14962
14963
14969
15013
15016
15055
15068
15073
15099
15108
15109
15225
15248
15259
15269
15317
15328
15329
15337
15342
15347
15358
15368
15372
15388
15390
15406
15412
15417
15418
15448
15459
15461
15469
15470
15476
15486
15493
15496
15500
15515
15517
15519
15532
15574
15599
15604
15605
15606
15607
15608
15609
15749
15815
15816
15847
15997
16184
16271
16274
16361
16379
16401
16450
16454
16557
16641
16695
16696
16753
16788
16797
16820
16837
16985
17012
17183
17276
17291
17444
17549
17550
17551
17552
17553
17559
17561
17562
17563
17564
17565
17566
17567
17569
17570
17571
17574
17602
17621
17626
17657
17689
17703
17706
17708
17724
17728
17730
17732
17740
17749
17761
17780
17784
17796
17797
17799
17800
17815
17822
17826
17827
17830
17837
17852
17854
17860
17862
17864
17866
17874
17876
17879
17890
17901
17903
17907
17915
17919
17936
17941
17954
17956
17969
17994
18009
18011
18015
18016
18018
18023
18028
18036
18041
18042
18043
18044
18047
18050
18052
18059
18069
18086
18096
18109
18147
18149
18151
18156
18159
18172
18174
18183
18184
18185
18188
18212
18219
18226
18228
18233
18235
18272
18305
18330
18490
18566
18650
18852
18868
18892
18909
18982
19006
19016
19022
19055
19064
19070
19071
19080
19121
19144
19147
19160
19164
19166
19175
19187
19205
19261
19263
19308
19309
19310
19312
19313
19330
19332
19338
19343
19351
19354
19355
19356
19357
19358
19359
19360
19361
19363
19364
19367
19375
19376
19377
19378
19379
19383
19386
19393
19408
19411
19413
19416
19417
19418
19419
19420
19421
19422
19423
19424
19425
19427
19429
19431
19432
19433
19434
19435
19436
19437
19438
19439
19440
19442
19444
19446
19448
19450
19451
19452
19453
19454
19455
19456
19457
19458
19459
19460
19462
19464
19467
19475
19476
19481
19485
19487
19512
19529
19530
19542
19543
19558
19574
19586
19602
19633
19641
19642
19643
19655
19665
19697
19713
19743
19749
19775
19780
19787
19797
19798
19821
19823
19838
19850
19879
19881
19884
19895
19897
19905
19935
19959
19998
20054
20056
20062
20070
20072
20074
