0.64375 0.5875 536
0.653125 0.609375 1348
0.6875 0.646875 1588
0.7 0.653125 1828
0.703125 0.6625 2038
0.6875 0.6375 2248
0.690625 0.6375 2458
0.684375 0.640625 2640
0.678125 0.6625 2822
0.696875 0.678125 3004
0.69375 0.68125 3160
0.703125 0.678125 3316
0.70625 0.684375 3448
0.728125 0.684375 3580
0.725 0.690625 3712
0.728125 0.6875 3844
0.734375 0.690625 3976
0.734375 0.6875 4108
0.734375 0.696875 4218
0.734375 0.696875 4328
0.734375 0.69375 4418
0.734375 0.69375 4508
0.73125 0.696875 4598
0.73125 0.696875 4688
0.73125 0.696875 4778
0.73125 0.696875 4868
0.73125 0.7 4958
0.73125 0.703125 5048
0.73125 0.703125 5138
0.73125 0.703125 5228
0.73125 0.703125 5318
0.73125 0.703125 5390
0.73125 0.703125 5462
0.73125 0.703125 5534
0.728125 0.703125 5606
0.725 0.703125 5678
0.725 0.703125 5750
0.721875 0.703125 5806
0.721875 0.703125 5862
0.721875 0.703125 5918
0.71875 0.696875 5974
0.71875 0.696875 6030
0.715625 0.69375 6086
0.71875 0.70625 6142
0.71875 0.70625 6198
0.71875 0.70625 6254
0.71875 0.70625 6310
0.71875 0.70625 6366
0.71875 0.703125 6422
0.71875 0.7 6478
0.715625 0.690625 6534
0.715625 0.690625 6576
0.715625 0.696875 6618
0.725 0.709375 6660
0.725 0.7125 6702
0.721875 0.7125 6744
0.721875 0.7125 6786
0.721875 0.7125 6828
0.721875 0.7125 6870
0.721875 0.7125 6912
0.721875 0.7125 6954
0.721875 0.70625 6996
0.721875 0.7125 7038
0.721875 0.7125 7080
0.721875 0.70625 7122
0.721875 0.70625 7164
0.721875 0.70625 7206
0.721875 0.70625 7248
0.721875 0.70625 7290
0.721875 0.69375 7332
0.721875 0.69375 7374
0.721875 0.690625 7416
0.721875 0.69375 7458
0.721875 0.7 7500
0.721875 0.69375 7542
0.721875 0.6875 7584
0.71875 0.6875 7626
0.71875 0.696875 7668
0.71875 0.703125 7710
0.71875 0.7 7752
0.71875 0.7 7794
0.71875 0.7 7836
0.71875 0.7 7878
0.715625 0.7 7920
0.715625 0.70625 7962
0.715625 0.70625 8004
0.715625 0.70625 8046
0.715625 0.703125 8088
0.715625 0.7 8130
0.715625 0.696875 8172
0.715625 0.696875 8202
0.715625 0.69375 8232
0.7125 0.69375 8262
0.7125 0.68125 8292
0.71875 0.6875 8322
0.71875 0.690625 8352
0.71875 0.690625 8382
0.721875 0.7 8412
0.721875 0.703125 8442
0.721875 0.7 8472
0.721875 0.7 8502
0.721875 0.7 8532
0.721875 0.7 8562
0.721875 0.7 8592
0.721875 0.7 8622
0.721875 0.7 8652
0.721875 0.7 8682
0.71875 0.7 8712
0.71875 0.7 8742
0.71875 0.7 8772
0.71875 0.7 8802
0.71875 0.7 8832
0.71875 0.7 8862
0.71875 0.7 8892
0.71875 0.7 8922
0.71875 0.7 8952
0.71875 0.7 8982
0.71875 0.7 9012
0.71875 0.7 9042
0.71875 0.7 9072
0.71875 0.7 9102
0.71875 0.7 9132
0.71875 0.7 9162
0.721875 0.7 9192
0.721875 0.7 9222
0.721875 0.7 9252
0.721875 0.69375 9282
0.721875 0.69375 9312
0.721875 0.69375 9342
0.721875 0.69375 9372
0.721875 0.69375 9402
0.721875 0.69375 9432
0.721875 0.69375 9462
0.721875 0.69375 9492
0.721875 0.696875 9522
0.721875 0.69375 9552
0.721875 0.69375 9582
0.721875 0.69375 9612
0.721875 0.69375 9642
0.721875 0.690625 9672
0.721875 0.696875 9702
0.721875 0.69375 9732
0.721875 0.696875 9762
0.721875 0.7 9792
0.721875 0.69375 9822
0.721875 0.69375 9852
0.721875 0.69375 9882
0.721875 0.7 9912
0.721875 0.70625 9932
0.721875 0.70625 9952
0.721875 0.7 9972
0.725 0.7 9992
0.725 0.7 10012
0.725 0.7 10032
0.725 0.7 10052
0.725 0.7 10072
0.725 0.7 10092
0.725 0.696875 10112
0.725 0.696875 10132
0.725 0.696875 10152
0.725 0.69375 10172
0.725 0.69375 10192
0.725 0.7 10212
0.725 0.7 10232
0.725 0.7 10252
0.725 0.7 10272
0.725 0.696875 10292
0.725 0.69375 10312
0.725 0.69375 10332
0.725 0.69375 10352
0.725 0.69375 10372
0.725 0.690625 10392
0.725 0.6875 10412
0.725 0.6875 10432
0.725 0.6875 10452
0.725 0.6875 10472
0.725 0.6875 10492
0.725 0.6875 10512
0.725 0.6875 10532
0.725 0.6875 10552
0.725 0.6875 10572
0.725 0.6875 10592
0.725 0.6875 10612
0.725 0.6875 10632
0.725 0.68125 10652
0.725 0.68125 10672
0.728125 0.7 10692
0.728125 0.7 10712
0.728125 0.696875 10732
0.728125 0.69375 10752
0.728125 0.69375 10772
0.728125 0.69375 10792
0.728125 0.69375 10812
0.728125 0.69375 10832
0.728125 0.69375 10852
0.728125 0.69375 10872
0.728125 0.69375 10892
0.728125 0.69375 10912
0.728125 0.69375 10932
0.728125 0.69375 10952
0.728125 0.69375 10972
0.728125 0.69375 10992
0.728125 0.69375 11012
0.728125 0.69375 11032
0.728125 0.69375 11052
0.728125 0.69375 11072
0.728125 0.69375 11092
0.728125 0.69375 11112
0.728125 0.69375 11132
0.728125 0.69375 11152
0.728125 0.69375 11172
0.728125 0.69375 11192
0.728125 0.69375 11212
0.728125 0.69375 11232
0.728125 0.69375 11252
0.728125 0.7 11272
0.728125 0.7 11292
0.728125 0.7 11312
0.728125 0.7 11332
0.728125 0.7 11352
0.728125 0.7 11372
0.728125 0.7 11392
0.728125 0.7 11412
0.728125 0.7 11432
0.728125 0.69375 11452
0.728125 0.69375 11472
0.728125 0.69375 11492
0.728125 0.69375 11512
0.728125 0.69375 11532
0.728125 0.6875 11552
0.728125 0.6875 11572
0.728125 0.69375 11592
0.728125 0.69375 11612
0.728125 0.69375 11632
0.728125 0.69375 11652
0.728125 0.69375 11672
0.728125 0.69375 11692
0.728125 0.69375 11712
0.728125 0.69375 11732
0.728125 0.69375 11752
0.728125 0.69375 11772
0.728125 0.69375 11792
0.728125 0.69375 11812
0.728125 0.69375 11832
0.728125 0.69375 11852
0.728125 0.696875 11872
0.728125 0.690625 11892
0.728125 0.6875 11904
0.728125 0.6875 11916
0.725 0.6875 11928
0.725 0.69375 11940
0.725 0.69375 11952
0.725 0.69375 11964
0.725 0.69375 11976
0.725 0.69375 11988
0.725 0.69375 12000
0.725 0.69375 12012
0.725 0.69375 12024
0.725 0.69375 12036
0.725 0.69375 12048
0.725 0.69375 12060
0.725 0.690625 12072
0.725 0.690625 12084
0.725 0.6875 12096
0.725 0.6875 12108
0.725 0.6875 12120
0.725 0.6875 12132
0.725 0.6875 12144
0.725 0.6875 12156
0.725 0.6875 12168
0.725 0.6875 12180
0.725 0.6875 12192
0.725 0.6875 12204
0.725 0.6875 12216
0.725 0.6875 12228
0.725 0.6875 12240
0.725 0.6875 12252
0.721875 0.6875 12264
0.721875 0.6875 12276
0.721875 0.68125 12288
0.721875 0.68125 12300
0.721875 0.68125 12312
0.721875 0.6875 12324
0.721875 0.68125 12336
0.721875 0.68125 12348
0.721875 0.68125 12360
0.721875 0.68125 12372
0.721875 0.68125 12384
0.721875 0.68125 12396
0.721875 0.68125 12408
0.721875 0.68125 12420
0.721875 0.68125 12432
0.721875 0.68125 12444
0.721875 0.68125 12456
0.721875 0.68125 12468
0.721875 0.68125 12480
0.721875 0.68125 12492
0.71875 0.678125 12504
0.71875 0.675 12516
0.71875 0.675 12528
0.71875 0.675 12540
0.71875 0.675 12552
0.71875 0.68125 12564
0.71875 0.68125 12576
0.71875 0.68125 12588
0.71875 0.68125 12600
0.721875 0.6875 12612
0.721875 0.6875 12624
0.721875 0.6875 12636
0.725 0.69375 12648
0.725 0.690625 12660
0.725 0.6875 12672
0.725 0.6875 12684
0.725 0.6875 12696
0.725 0.69375 12708
0.725 0.69375 12720
0.725 0.69375 12732
0.725 0.69375 12744
0.725 0.69375 12756
0.725 0.69375 12768
0.725 0.69375 12780
0.725 0.69375 12792
0.725 0.69375 12804
0.725 0.69375 12816
0.725 0.69375 12828
0.725 0.69375 12840
0.721875 0.69375 12852
0.721875 0.69375 12864
0.721875 0.69375 12876
0.721875 0.69375 12888
0.721875 0.69375 12900
0.721875 0.69375 12912
0.721875 0.69375 12924
0.721875 0.69375 12936
0.721875 0.69375 12948
0.721875 0.69375 12960
0.721875 0.6875 12972
0.721875 0.6875 12984
0.721875 0.6875 12996
0.721875 0.6875 13008
0.721875 0.6875 13020
0.721875 0.6875 13032
0.721875 0.6875 13044
0.721875 0.6875 13056
0.721875 0.6875 13068
0.721875 0.6875 13080
0.721875 0.6875 13092
0.721875 0.6875 13104
0.721875 0.6875 13116
0.721875 0.6875 13128
0.721875 0.6875 13140
0.721875 0.6875 13152
0.721875 0.6875 13164
0.721875 0.6875 13176
0.721875 0.6875 13188
0.721875 0.6875 13200
0.721875 0.6875 13212
0.721875 0.6875 13224
0.721875 0.6875 13236
0.721875 0.6875 13248
0.721875 0.6875 13260
0.721875 0.68125 13272
0.721875 0.68125 13284
0.721875 0.68125 13296
0.721875 0.68125 13308
0.721875 0.68125 13320
0.721875 0.68125 13332
0.721875 0.68125 13344
0.721875 0.68125 13356
0.721875 0.68125 13368
0.721875 0.68125 13380
0.721875 0.68125 13392
0.721875 0.68125 13404
0.721875 0.68125 13416
0.721875 0.68125 13428
0.721875 0.68125 13440
0.721875 0.68125 13452
0.721875 0.68125 13464
0.721875 0.68125 13476
0.721875 0.68125 13488
0.721875 0.68125 13500
0.721875 0.68125 13512
0.721875 0.68125 13524
0.721875 0.68125 13536
0.721875 0.68125 13548
0.71875 0.675 13560
0.715625 0.675 13572
0.715625 0.675 13584
0.715625 0.675 13596
0.715625 0.675 13608
0.715625 0.675 13620
0.715625 0.675 13632
0.715625 0.675 13644
0.715625 0.675 13656
0.715625 0.675 13668
0.715625 0.675 13680
0.715625 0.675 13692
0.715625 0.675 13704
0.715625 0.675 13716
0.715625 0.675 13728
0.715625 0.675 13740
0.715625 0.675 13752
0.715625 0.675 13764
0.715625 0.675 13776
0.715625 0.675 13788
0.715625 0.675 13800
0.715625 0.675 13812
0.715625 0.675 13824
0.715625 0.675 13836
0.715625 0.675 13848
0.715625 0.675 13860
0.715625 0.66875 13866
0.715625 0.66875 13872
0.715625 0.66875 13878
0.715625 0.66875 13884
0.715625 0.66875 13890
0.715625 0.66875 13896
0.715625 0.66875 13902
0.715625 0.66875 13908
0.715625 0.66875 13914
0.715625 0.66875 13920
0.715625 0.66875 13926
0.715625 0.66875 13932
0.715625 0.66875 13938
0.715625 0.66875 13944
0.715625 0.66875 13950
0.715625 0.66875 13956
0.715625 0.66875 13962
0.715625 0.66875 13968
0.715625 0.66875 13974
0.715625 0.66875 13980
0.715625 0.66875 13986
0.715625 0.66875 13992
0.715625 0.66875 13998
0.715625 0.66875 14004
0.715625 0.66875 14010
0.715625 0.66875 14016
0.715625 0.66875 14022
0.715625 0.66875 14028
0.715625 0.66875 14034
0.715625 0.66875 14040
0.715625 0.66875 14046
0.715625 0.66875 14052
0.715625 0.66875 14058
0.715625 0.66875 14064
0.715625 0.66875 14070
0.715625 0.66875 14076
0.715625 0.66875 14082
0.715625 0.66875 14088
0.715625 0.66875 14094
0.715625 0.66875 14100
0.715625 0.66875 14106
0.715625 0.66875 14112
0.715625 0.66875 14118
0.715625 0.66875 14124
0.715625 0.66875 14130
0.715625 0.66875 14136
0.715625 0.66875 14142
0.715625 0.66875 14148
0.715625 0.66875 14154
0.715625 0.66875 14160
0.715625 0.66875 14166
0.715625 0.66875 14172
0.715625 0.66875 14178
0.715625 0.66875 14184
0.715625 0.66875 14190
0.715625 0.66875 14196
0.715625 0.66875 14202
0.715625 0.66875 14208
0.715625 0.66875 14214
0.715625 0.66875 14220
0.715625 0.66875 14226
0.715625 0.66875 14232
0.715625 0.66875 14238
0.715625 0.66875 14244
0.715625 0.671875 14250
0.715625 0.675 14256
0.715625 0.675 14262
0.715625 0.675 14268
0.715625 0.675 14274
0.715625 0.675 14280
0.715625 0.675 14286
0.715625 0.671875 14292
0.715625 0.675 14298
0.715625 0.675 14304
0.715625 0.675 14310
0.715625 0.675 14316
0.715625 0.675 14322
0.715625 0.675 14328
0.715625 0.675 14334
0.715625 0.675 14340
0.715625 0.675 14346
0.715625 0.675 14352
0.715625 0.675 14358
0.715625 0.675 14364
0.715625 0.675 14370
0.715625 0.675 14376
0.715625 0.675 14382
0.715625 0.675 14388
0.715625 0.675 14394
0.715625 0.675 14400
0.715625 0.675 14406
0.715625 0.675 14412
0.715625 0.675 14418
0.715625 0.675 14424
0.715625 0.675 14430
0.715625 0.675 14436
0.715625 0.675 14442
0.715625 0.675 14448
0.715625 0.66875 14454
0.715625 0.66875 14460
0.715625 0.675 14466
0.715625 0.675 14472
0.715625 0.675 14478
0.715625 0.675 14484
0.715625 0.675 14490
0.715625 0.675 14496
0.715625 0.675 14502
0.715625 0.675 14508
0.715625 0.675 14514
0.715625 0.675 14520
0.715625 0.675 14526
0.715625 0.675 14532
0.715625 0.675 14538
0.715625 0.675 14544
0.715625 0.675 14550
0.715625 0.675 14556
0.715625 0.675 14562
0.715625 0.675 14568
0.715625 0.675 14574
0.715625 0.675 14580
0.715625 0.675 14586
0.715625 0.675 14592
0.715625 0.675 14598
0.71875 0.675 14604
0.71875 0.675 14610
0.71875 0.675 14616
0.71875 0.675 14622
0.71875 0.675 14628
0.71875 0.675 14634
0.71875 0.675 14640
0.71875 0.66875 14646
0.71875 0.66875 14652
0.715625 0.66875 14658
0.715625 0.66875 14664
0.715625 0.66875 14670
0.715625 0.66875 14676
0.715625 0.66875 14682
0.715625 0.66875 14688
0.715625 0.66875 14694
0.715625 0.66875 14700
0.715625 0.66875 14706
0.715625 0.66875 14712
0.715625 0.66875 14718
0.715625 0.66875 14724
0.715625 0.66875 14730
0.715625 0.66875 14736
0.715625 0.66875 14742
0.715625 0.66875 14748
0.71875 0.675 14754
0.71875 0.675 14760
0.71875 0.675 14766
0.721875 0.675 14772
0.721875 0.675 14778
0.721875 0.675 14784
0.721875 0.675 14790
0.721875 0.675 14796
0.721875 0.675 14802
0.721875 0.675 14808
0.721875 0.66875 14814
0.721875 0.66875 14820
0.721875 0.66875 14826
0.721875 0.66875 14832
0.721875 0.66875 14838
0.721875 0.66875 14844
0.721875 0.66875 14850
0.721875 0.66875 14856
0.721875 0.66875 14862
0.721875 0.665625 14868
0.721875 0.6625 14874
0.721875 0.6625 14880
0.721875 0.6625 14886
0.721875 0.6625 14892
0.721875 0.6625 14898
0.721875 0.6625 14904
0.71875 0.6625 14910
0.71875 0.6625 14916
0.71875 0.6625 14922
0.71875 0.6625 14928
0.71875 0.66875 14934
0.71875 0.66875 14940
0.71875 0.66875 14946
0.71875 0.665625 14952
0.71875 0.66875 14958
0.71875 0.66875 14964
0.71875 0.66875 14970
0.71875 0.66875 14976
0.71875 0.66875 14982
0.71875 0.66875 14988
0.71875 0.66875 14994
0.71875 0.66875 15000
0.71875 0.66875 15006
0.71875 0.66875 15012
0.71875 0.66875 15018
0.71875 0.66875 15024
0.71875 0.66875 15030
0.71875 0.66875 15036
0.71875 0.66875 15042
0.71875 0.66875 15048
0.71875 0.66875 15054
0.71875 0.66875 15060
0.71875 0.66875 15066
0.71875 0.66875 15072
0.71875 0.66875 15078
0.71875 0.66875 15084
0.71875 0.675 15090
0.71875 0.66875 15096
0.71875 0.66875 15102
0.71875 0.66875 15108
0.71875 0.66875 15114
0.71875 0.66875 15120
0.71875 0.66875 15126
0.71875 0.6625 15132
0.71875 0.6625 15138
0.71875 0.6625 15144
0.71875 0.66875 15150
0.71875 0.66875 15156
0.71875 0.66875 15162
0.71875 0.66875 15168
0.71875 0.66875 15174
0.71875 0.66875 15180
0.71875 0.66875 15186
0.71875 0.66875 15192
0.71875 0.66875 15198
0.71875 0.66875 15204
0.71875 0.66875 15210
0.71875 0.66875 15216
0.71875 0.665625 15222
0.71875 0.665625 15228
0.71875 0.6625 15234
0.71875 0.6625 15240
0.71875 0.6625 15246
0.71875 0.6625 15252
0.71875 0.6625 15258
0.71875 0.6625 15264
0.71875 0.6625 15270
0.71875 0.66875 15276
0.71875 0.66875 15282
0.71875 0.66875 15288
0.71875 0.66875 15294
0.71875 0.66875 15300
0.71875 0.66875 15306
0.71875 0.66875 15312
0.71875 0.66875 15318
0.71875 0.66875 15324
0.71875 0.66875 15330
0.71875 0.66875 15336
0.71875 0.66875 15342
0.71875 0.66875 15348
0.71875 0.66875 15354
0.71875 0.66875 15360
0.71875 0.66875 15366
0.71875 0.66875 15372
0.71875 0.66875 15378
0.71875 0.66875 15384
0.71875 0.66875 15390
0.71875 0.66875 15396
0.71875 0.66875 15402
0.71875 0.66875 15408
0.71875 0.66875 15414
0.71875 0.66875 15420
0.71875 0.66875 15426
0.71875 0.66875 15432
0.71875 0.66875 15438
0.71875 0.66875 15444
0.71875 0.66875 15450
0.71875 0.675 15456
0.71875 0.675 15462
0.71875 0.675 15468
0.71875 0.675 15474
0.71875 0.675 15480
0.71875 0.675 15486
0.71875 0.675 15492
0.71875 0.675 15498
0.71875 0.675 15504
0.71875 0.675 15510
0.71875 0.675 15516
0.71875 0.675 15522
0.71875 0.675 15528
0.71875 0.675 15534
0.721875 0.675 15540
0.721875 0.675 15546
0.721875 0.675 15552
0.721875 0.675 15558
0.721875 0.675 15560
0.721875 0.675 15562
0.721875 0.675 15564
0.721875 0.675 15566
0.721875 0.675 15568
0.721875 0.675 15570
0.721875 0.675 15572
0.721875 0.675 15574
0.721875 0.66875 15576
0.721875 0.66875 15578
0.721875 0.66875 15580
0.721875 0.66875 15582
0.721875 0.66875 15584
0.721875 0.66875 15586
0.721875 0.66875 15588
0.721875 0.66875 15590
0.721875 0.66875 15592
0.721875 0.66875 15594
0.721875 0.66875 15596
0.721875 0.66875 15598
0.721875 0.66875 15600
0.721875 0.66875 15602
0.721875 0.66875 15604
0.721875 0.66875 15606
0.721875 0.66875 15608
0.721875 0.66875 15610
0.721875 0.66875 15612
0.721875 0.66875 15614
0.721875 0.66875 15616
0.721875 0.66875 15618
0.721875 0.66875 15620
0.721875 0.66875 15622
0.721875 0.66875 15624
0.721875 0.66875 15626
0.721875 0.66875 15628
0.721875 0.66875 15630
0.721875 0.66875 15632
0.721875 0.66875 15634
0.721875 0.66875 15636
0.721875 0.66875 15638
0.721875 0.66875 15640
0.721875 0.66875 15642
0.721875 0.66875 15644
0.721875 0.66875 15646
0.721875 0.66875 15648
0.721875 0.66875 15650
0.721875 0.66875 15652
0.721875 0.66875 15654
0.721875 0.66875 15656
0.721875 0.66875 15658
0.721875 0.66875 15660
0.721875 0.66875 15662
0.721875 0.66875 15664
0.721875 0.66875 15666
0.721875 0.66875 15668
0.721875 0.66875 15670
0.721875 0.66875 15672
0.721875 0.66875 15674
0.721875 0.66875 15676
0.721875 0.66875 15678
0.721875 0.66875 15680
0.721875 0.66875 15682
0.721875 0.66875 15684
0.721875 0.66875 15686
0.721875 0.66875 15688
0.721875 0.66875 15690
0.721875 0.66875 15692
0.721875 0.66875 15694
0.721875 0.66875 15696
0.721875 0.66875 15698
0.721875 0.66875 15700
0.721875 0.66875 15702
0.721875 0.66875 15704
0.721875 0.66875 15706
0.721875 0.66875 15708
0.721875 0.66875 15710
0.721875 0.66875 15712
0.721875 0.66875 15714
0.721875 0.66875 15716
0.721875 0.66875 15718
0.721875 0.66875 15720
0.721875 0.66875 15722
0.721875 0.66875 15724
0.721875 0.66875 15726
0.725 0.66875 15728
0.725 0.66875 15730
0.725 0.66875 15732
0.725 0.66875 15734
0.725 0.66875 15736
0.725 0.66875 15738
0.725 0.66875 15740
0.725 0.66875 15742
0.725 0.66875 15744
0.725 0.66875 15746
0.725 0.66875 15748
0.725 0.66875 15750
0.725 0.66875 15752
0.725 0.66875 15754
0.725 0.66875 15756
0.725 0.66875 15758
0.725 0.66875 15760
0.725 0.66875 15762
0.725 0.66875 15764
0.725 0.66875 15766
0.725 0.66875 15768
0.725 0.66875 15770
0.725 0.66875 15772
0.725 0.66875 15774
0.725 0.665625 15776
0.725 0.6625 15778
0.725 0.6625 15780
0.725 0.6625 15782
0.725 0.6625 15784
0.725 0.6625 15786
0.725 0.6625 15788
0.725 0.6625 15790
0.725 0.6625 15792
0.725 0.6625 15794
0.725 0.6625 15796
0.725 0.6625 15798
0.725 0.6625 15800
0.725 0.6625 15802
0.725 0.6625 15804
0.725 0.6625 15806
0.725 0.6625 15808
0.725 0.6625 15810
0.725 0.6625 15812
0.725 0.6625 15814
0.725 0.6625 15816
0.725 0.6625 15818
0.725 0.65625 15820
0.725 0.65625 15822
0.725 0.65625 15824
0.725 0.65625 15826
0.725 0.65625 15828
0.725 0.65625 15830
0.725 0.65625 15832
0.725 0.65625 15834
0.725 0.65625 15836
0.725 0.65625 15838
0.725 0.65625 15840
0.725 0.65625 15842
0.725 0.65625 15844
0.725 0.65625 15846
0.725 0.65625 15848
0.725 0.65625 15850
0.725 0.65625 15852
0.725 0.65625 15854
0.725 0.65625 15856
0.725 0.65625 15858
0.725 0.65625 15860
0.725 0.65625 15862
0.725 0.65625 15864
0.725 0.65625 15866
0.725 0.65625 15868
0.725 0.65625 15870
0.725 0.65625 15872
0.725 0.65625 15874
0.725 0.65625 15876
0.725 0.65625 15878
0.725 0.65625 15880
0.725 0.65625 15882
0.725 0.65625 15884
0.725 0.65625 15886
0.725 0.65625 15888
0.725 0.65625 15890
0.725 0.65625 15892
0.725 0.65625 15894
0.725 0.65625 15896
0.725 0.65625 15898
0.725 0.65625 15900
0.725 0.65625 15902
0.725 0.65625 15904
0.725 0.65625 15906
0.725 0.65625 15908
0.725 0.65625 15910
0.725 0.65625 15912
0.725 0.65625 15914
0.725 0.65625 15916
0.725 0.65625 15918
0.725 0.65625 15920
0.725 0.65625 15922
0.725 0.65625 15924
0.725 0.65625 15926
0.725 0.65625 15928
0.725 0.65625 15930
0.725 0.65625 15932
0.725 0.65625 15934
0.725 0.65625 15936
0.725 0.65625 15938
0.725 0.65625 15940
0.725 0.65625 15942
0.725 0.65625 15944
0.725 0.65625 15946
0.725 0.65625 15948
0.725 0.65625 15950
0.725 0.65625 15952
0.725 0.653125 15954
0.725 0.653125 15956
0.725 0.653125 15958
0.725 0.653125 15960
0.725 0.653125 15962
0.725 0.653125 15964
0.725 0.653125 15966
0.725 0.653125 15968
0.725 0.653125 15970
0.725 0.653125 15972
0.725 0.653125 15974
0.725 0.653125 15976
0.725 0.653125 15978
0.725 0.653125 15980
0.725 0.653125 15982
0.725 0.653125 15984
0.725 0.653125 15986
0.725 0.65 15988
0.725 0.65 15990
0.725 0.65 15992
0.725 0.65 15994
0.725 0.65 15996
0.725 0.65 15998
0.725 0.65 16000
0.725 0.65 16002
0.725 0.65 16004
0.725 0.65 16006
0.725 0.65 16008
0.725 0.65 16010
0.725 0.65 16012
0.725 0.65 16014
0.725 0.65 16016
0.725 0.65 16018
0.725 0.65 16020
0.725 0.65 16022
0.725 0.65 16024
0.725 0.65 16026
0.725 0.65 16028
0.725 0.65 16030
0.725 0.65 16032
0.725 0.65 16034
0.725 0.65 16036
0.725 0.65 16038
0.725 0.653125 16040
0.725 0.653125 16042
0.725 0.653125 16044
0.725 0.653125 16046
0.725 0.653125 16048
0.725 0.653125 16050
0.725 0.653125 16052
0.725 0.65 16054
0.725 0.65 16056
0.725 0.65 16058
0.725 0.65 16060
0.725 0.65 16062
0.725 0.65 16064
0.725 0.65 16066
0.725 0.65 16068
0.725 0.65 16070
0.725 0.65 16072
0.725 0.65 16074
0.725 0.65 16076
0.725 0.65 16078
0.725 0.65 16080
0.725 0.65 16082
0.725 0.65 16084
0.725 0.65 16086
0.725 0.65 16088
0.725 0.65 16090
0.725 0.65 16092
0.725 0.65 16094
0.725 0.65 16096
0.725 0.65 16098
0.725 0.65 16100
0.725 0.65 16102
0.725 0.65 16104
0.725 0.65 16106
0.725 0.65 16108
0.725 0.65 16110
0.725 0.65 16112
0.725 0.65 16114
0.725 0.65 16116
0.725 0.65 16118
0.725 0.65 16120
0.725 0.65 16122
0.725 0.65 16124
0.725 0.65 16126
0.725 0.65 16128
0.725 0.65 16130
0.725 0.65 16132
0.725 0.65 16134
0.725 0.65 16136
0.725 0.65 16138
0.725 0.65 16140
0.725 0.65 16142
0.725 0.65 16144
0.725 0.65 16146
0.725 0.65 16148
0.725 0.65 16150
0.725 0.65 16152
0.725 0.65 16154
0.725 0.65 16156
0.725 0.65 16158
0.725 0.65 16160
0.725 0.65 16162
0.725 0.65 16164
0.725 0.65 16166
0.725 0.65 16168
0.725 0.65625 16170
0.725 0.65625 16172
0.725 0.65625 16174
0.725 0.65625 16176
0.725 0.65625 16178
0.725 0.65625 16180
0.725 0.65625 16182
0.725 0.65625 16184
0.725 0.65625 16186
0.725 0.65625 16188
0.725 0.65625 16190
0.725 0.65625 16192
0.725 0.65625 16194
0.725 0.65625 16196
0.725 0.65625 16198
0.725 0.65625 16200
0.725 0.65625 16202
0.725 0.65625 16204
0.725 0.65625 16206
0.725 0.65625 16208
0.725 0.65625 16210
0.725 0.65625 16212
0.725 0.65625 16214
0.725 0.65625 16216
0.725 0.65625 16218
0.725 0.65625 16220
0.725 0.65625 16222
0.725 0.65625 16224
0.725 0.65625 16226
0.725 0.65625 16228
0.725 0.65625 16230
0.725 0.65625 16232
0.725 0.65625 16234
0.725 0.65625 16236
0.725 0.65625 16238
0.725 0.65625 16240
0.725 0.65625 16242
0.725 0.65625 16244
0.725 0.65625 16246
0.725 0.65625 16248
0.725 0.65625 16250
0.725 0.65625 16252
0.725 0.65625 16254
0.725 0.65625 16256
0.725 0.65625 16258
0.725 0.65625 16260
0.725 0.65625 16262
0.725 0.65625 16264
0.725 0.65625 16266
0.725 0.65625 16268
0.725 0.65625 16270
0.725 0.65625 16272
0.725 0.65625 16274
0.725 0.65625 16276
0.725 0.65625 16278
0.725 0.65625 16280
0.725 0.65625 16282
0.725 0.65625 16284
0.725 0.65625 16286
0.725 0.65625 16288
0.725 0.65625 16290
0.725 0.65625 16292
0.725 0.65625 16294
0.725 0.65625 16296
0.725 0.65625 16298
0.725 0.65625 16300
0.725 0.65625 16302
0.725 0.65625 16304
0.725 0.65625 16306
0.725 0.65625 16308
0.725 0.65625 16310
0.725 0.65625 16312
0.725 0.65625 16314
0.725 0.65625 16316
0.725 0.65625 16318
0.725 0.65625 16320
0.725 0.65625 16322
0.725 0.65625 16324
0.725 0.65625 16326
0.725 0.65625 16328
0.725 0.65625 16330
0.725 0.65625 16332
0.725 0.65625 16334
0.725 0.65625 16336
0.725 0.65625 16338
0.725 0.65625 16340
0.725 0.65625 16342
0.725 0.65625 16344
0.725 0.65625 16346
0.725 0.65625 16348
0.725 0.65625 16350
0.725 0.65625 16352
0.725 0.65625 16354
0.725 0.65625 16356
0.725 0.65625 16358
0.725 0.65625 16360
0.725 0.65625 16362
0.725 0.65625 16364
0.725 0.65625 16366
0.725 0.65625 16368
0.725 0.65625 16370
0.725 0.65625 16372
0.725 0.65625 16374
0.725 0.65625 16376
0.725 0.65625 16378
0.725 0.65625 16380
0.725 0.65625 16382
0.725 0.65625 16384
0.725 0.65625 16386
0.725 0.65625 16388
0.725 0.65625 16390
0.725 0.65625 16392
0.725 0.65625 16394
0.725 0.65625 16396
0.725 0.65625 16398
0.725 0.65625 16400
0.725 0.65 16402
0.725 0.65625 16404
0.725 0.65625 16406
0.725 0.65625 16408
0.725 0.65 16410
0.725 0.65 16412
0.725 0.65 16414
0.725 0.65 16416
0.725 0.65 16418
0.725 0.65 16420
0.725 0.65 16422
0.725 0.65 16424
0.725 0.65 16426
0.725 0.65 16428
0.725 0.65 16430
0.725 0.65 16432
0.725 0.65 16434
0.725 0.65 16436
0.725 0.65 16438
0.725 0.65 16440
0.725 0.65 16442
0.725 0.65 16444
0.725 0.65 16446
0.725 0.65 16448
0.725 0.65 16450
0.725 0.65 16452
0.725 0.65 16454
0.725 0.65 16456
0.725 0.65 16458
0.725 0.65 16460
0.725 0.65 16462
0.725 0.65 16464
0.725 0.65 16466
0.725 0.65 16468
0.725 0.65 16470
0.725 0.65 16472
0.725 0.65 16474
0.725 0.65625 16476
0.725 0.65625 16478
0.725 0.65625 16480
0.725 0.65625 16482
0.725 0.65625 16484
0.725 0.65625 16486
0.725 0.65625 16488
0.725 0.65625 16490
0.725 0.65625 16492
0.725 0.65625 16494
0.725 0.65625 16496
0.725 0.65625 16498
0.725 0.65625 16500
0.725 0.65625 16502
0.725 0.65625 16504
0.725 0.65625 16506
0.725 0.65625 16508
0.725 0.65625 16510
0.725 0.65625 16512
0.725 0.65625 16514
0.725 0.65625 16516
0.725 0.65625 16518
0.725 0.65625 16520
0.725 0.65625 16522
0.725 0.65625 16524
0.725 0.65625 16526
0.725 0.65625 16528
0.725 0.65625 16530
0.725 0.65625 16532
0.725 0.65625 16534
0.725 0.65625 16536
0.725 0.65625 16538
0.725 0.65625 16540
0.725 0.65625 16542
0.725 0.65625 16544
0.725 0.65625 16546
0.725 0.65625 16548
0.725 0.65625 16550
0.725 0.65625 16552
0.725 0.6625 16554
0.725 0.6625 16556
0.725 0.6625 16558
0.725 0.6625 16560
0.725 0.6625 16562
0.725 0.6625 16564
0.725 0.6625 16566
0.725 0.6625 16568
0.725 0.6625 16570
0.725 0.6625 16572
0.725 0.6625 16574
0.725 0.6625 16576
0.725 0.6625 16578
0.725 0.6625 16580
0.725 0.6625 16582
0.725 0.6625 16584
0.725 0.6625 16586
0.725 0.6625 16588
0.725 0.6625 16590
0.725 0.6625 16592
0.725 0.6625 16594
0.725 0.6625 16596
0.725 0.6625 16598
0.725 0.6625 16600
0.725 0.6625 16602
0.725 0.6625 16604
0.725 0.6625 16606
0.725 0.6625 16608
0.725 0.6625 16610
0.725 0.6625 16612
0.725 0.6625 16614
0.725 0.6625 16616
0.725 0.6625 16618
0.725 0.6625 16620
0.725 0.6625 16622
0.725 0.6625 16624
0.725 0.6625 16626
0.725 0.6625 16628
0.725 0.6625 16630
0.725 0.6625 16632
0.725 0.6625 16634
0.725 0.6625 16636
0.725 0.6625 16638
0.725 0.6625 16640
0.725 0.6625 16642
0.725 0.6625 16644
0.725 0.6625 16646
0.725 0.6625 16648
0.725 0.6625 16650
0.725 0.6625 16652
0.725 0.6625 16654
0.725 0.6625 16656
0.725 0.6625 16658
0.725 0.6625 16660
0.725 0.6625 16662
0.725 0.6625 16664
0.725 0.6625 16666
0.725 0.6625 16668
0.725 0.6625 16670
0.725 0.6625 16672
0.725 0.6625 16674
0.725 0.6625 16676
0.725 0.6625 16678
0.725 0.6625 16680
0.725 0.65625 16682
0.725 0.65625 16684
0.725 0.65625 16686
0.725 0.65625 16688
0.725 0.65625 16690
0.725 0.65625 16692
0.725 0.65625 16694
0.725 0.65625 16696
0.725 0.65625 16698
0.725 0.65625 16700
0.725 0.65625 16700
0.725 0.65625 16700
0.725 0.65625 16700
0.725 0.65625 16700
0.725 0.65625 16700
0.725 0.65625 16700
0.725 0.65625 16700
0.725 0.65625 16700
0.725 0.65625 16700
0.725 0.65625 16700
0.725 0.65625 16700
0.725 0.65625 16700
0.725 0.65625 16700
0.725 0.65625 16700
0.725 0.65625 16700
0.725 0.65625 16700
0.725 0.65625 16700
0.725 0.65625 16700
0.725 0.65625 16700
0.725 0.65625 16700
0.725 0.65625 16700
0.725 0.65625 16700
0.725 0.65625 16700
0.725 0.65625 16700
0.725 0.65625 16700
0.725 0.65625 16700
0.725 0.65625 16700
0.725 0.65625 16700
0.725 0.65625 16700
0.725 0.65625 16700
0.725 0.65625 16700
0.725 0.65625 16700
0.725 0.65625 16700
0.725 0.65625 16700
0.725 0.65625 16700
0.725 0.65625 16700
0.725 0.65625 16700
0.725 0.65625 16700
0.725 0.65625 16700
0.725 0.65625 16700
0.725 0.65625 16700
0.725 0.65625 16700
0.725 0.65625 16700
0.725 0.65625 16700
0.725 0.65625 16700
0.725 0.65625 16700
0.725 0.65625 16700
0.725 0.65625 16700
0.725 0.65625 16700
0.725 0.65625 16700
0.725 0.65625 16700
0.725 0.65625 16700
0.725 0.65625 16700
0.725 0.65625 16700
0.725 0.65625 16700
0.725 0.65625 16700
0.725 0.65625 16700
0.725 0.65625 16700
0.725 0.65625 16700
0.725 0.65625 16700
0.725 0.65625 16700
0.725 0.65625 16700
0.725 0.65625 16700
0.725 0.65625 16700
0.725 0.65625 16700
0.725 0.65625 16700
0.725 0.65625 16700
0.725 0.65625 16700
0.725 0.65625 16700
0.725 0.65625 16700
0.725 0.65625 16700
0.725 0.65625 16700
0.725 0.65625 16700
0.725 0.65625 16700
0.725 0.65625 16700
0.725 0.65625 16700
0.725 0.65625 16700
0.725 0.65625 16700
0.725 0.65625 16700
0.725 0.65625 16700
0.725 0.65625 16700
0.725 0.65625 16700
0.725 0.65625 16700
0.725 0.65625 16700
0.725 0.65625 16700
0.725 0.65625 16700
0.725 0.65625 16700
0.725 0.65625 16700
0.725 0.65625 16700
0.725 0.65625 16700
0.725 0.65625 16700
0.725 0.65625 16700
0.725 0.65625 16700
0.725 0.65625 16700
0.725 0.65625 16700
0.725 0.65625 16700
0.725 0.65625 16700
0.725 0.65625 16700
0.725 0.65625 16700
0.725 0.65625 16700
0.725 0.65625 16700
0.725 0.65625 16700
0.725 0.65625 16700
0.725 0.65625 16700
0.725 0.65625 16700
0.725 0.65625 16700
0.725 0.65625 16700
0.725 0.65625 16700
0.725 0.65625 16700
0.725 0.65625 16700
0.725 0.65625 16700
0.725 0.65625 16700
0.725 0.65625 16700
0.725 0.65625 16700
0.725 0.65625 16700
0.725 0.65625 16700
0.725 0.65625 16700
0.725 0.65625 16700
0.725 0.65625 16700
0.725 0.65625 16700
0.725 0.65625 16700
0.725 0.65625 16700
0.725 0.65625 16700
0.725 0.65625 16700
0.725 0.65625 16700
0.725 0.65625 16700
0.725 0.65625 16700
0.725 0.65625 16700
0.725 0.65625 16700
0.725 0.65625 16700
0.725 0.65625 16700
0.725 0.65625 16700
0.725 0.65625 16700
0.725 0.65625 16700
0.725 0.65625 16700
0.725 0.65625 16700
0.725 0.65625 16700
0.725 0.65625 16700
0.725 0.65625 16700
0.725 0.65625 16700
0.725 0.65625 16700
0.725 0.65625 16700
0.725 0.65625 16700
0.725 0.65625 16700
0.725 0.65625 16700
0.725 0.65625 16700
0.725 0.65625 16700
0.725 0.65625 16700
0.725 0.65625 16700
0.725 0.65625 16700
0.725 0.65625 16700
0.725 0.65625 16700
0.725 0.65625 16700
0.725 0.65625 16700
0.725 0.65625 16700
0.725 0.65625 16700
0.725 0.65625 16700
0.725 0.65625 16700
0.725 0.65625 16700
0.725 0.65625 16700
0.725 0.65625 16700
0.725 0.65625 16700
0.725 0.65625 16700
0.725 0.65625 16700
0.725 0.653125 16700
0.725 0.65 16700
0.725 0.65 16700
0.725 0.65 16700
0.725 0.65 16700
0.725 0.65 16700
0.725 0.65 16700
0.725 0.65 16700
0.725 0.65 16700
0.725 0.65 16700
0.725 0.65 16700
0.725 0.65 16700
0.725 0.65 16700
0.725 0.65 16700
0.725 0.65 16700
0.725 0.65 16700
0.725 0.65 16700
0.725 0.65 16700
0.725 0.65 16700
0.725 0.65 16700
0.725 0.65 16700
0.725 0.65 16700
0.725 0.65 16700
0.725 0.65 16700
0.725 0.65 16700
0.725 0.65 16700
0.725 0.65 16700
0.725 0.64375 16700
0.725 0.64375 16700
0.725 0.64375 16700
0.725 0.64375 16700
0.725 0.64375 16700
0.725 0.64375 16700
0.725 0.64375 16700
0.725 0.64375 16700
0.725 0.64375 16700
0.725 0.64375 16700
0.725 0.64375 16700
0.725 0.64375 16700
0.725 0.64375 16700
0.725 0.64375 16700
0.725 0.6375 16700
0.725 0.6375 16700
0.725 0.6375 16700
0.725 0.6375 16700
0.725 0.6375 16700
0.725 0.6375 16700
0.725 0.63125 16700
0.725 0.63125 16700
0.725 0.63125 16700
0.725 0.63125 16700
0.725 0.63125 16700
0.725 0.63125 16700
0.725 0.63125 16700
0.725 0.63125 16700
0.725 0.63125 16700
0.725 0.63125 16700
0.725 0.63125 16700
0.725 0.63125 16700
0.725 0.63125 16700
0.725 0.63125 16700
0.725 0.63125 16700
0.725 0.63125 16700
0.725 0.63125 16700
0.725 0.63125 16700
0.725 0.63125 16700
0.725 0.63125 16700
0.725 0.63125 16700
0.725 0.63125 16700
0.725 0.63125 16700
0.725 0.63125 16700
0.725 0.63125 16700
0.725 0.63125 16700
0.725 0.63125 16700
0.725 0.63125 16700
0.725 0.63125 16700
0.725 0.63125 16700
0.725 0.63125 16700
0.725 0.63125 16700
0.725 0.63125 16700
0.725 0.63125 16700
0.725 0.63125 16700
0.725 0.63125 16700
0.725 0.63125 16700
0.725 0.63125 16700
0.725 0.63125 16700
0.725 0.63125 16700
0.725 0.63125 16700
0.725 0.63125 16700
0.725 0.63125 16700
0.725 0.63125 16700
0.725 0.63125 16700
0.725 0.63125 16700
0.725 0.63125 16700
0.725 0.63125 16700
0.725 0.63125 16700
0.725 0.63125 16700
0.725 0.63125 16700
0.725 0.63125 16700
0.725 0.63125 16700
0.725 0.63125 16700
0.725 0.63125 16700
0.725 0.63125 16700
0.725 0.63125 16700
0.725 0.63125 16700
0.725 0.63125 16700
0.725 0.63125 16700
0.725 0.63125 16700
0.725 0.63125 16700
0.725 0.63125 16700
0.725 0.63125 16700
0.725 0.63125 16700
0.725 0.63125 16700
0.725 0.63125 16700
0.725 0.63125 16700
0.725 0.63125 16700
0.725 0.63125 16700
0.725 0.63125 16700
0.725 0.63125 16700
0.725 0.628125 16700
0.725 0.625 16700
0.725 0.625 16700
0.725 0.625 16700
0.725 0.625 16700
0.725 0.625 16700
0.725 0.625 16700
0.725 0.625 16700
0.725 0.625 16700
0.725 0.625 16700
0.725 0.625 16700
0.725 0.625 16700
0.725 0.625 16700
0.725 0.625 16700
0.725 0.625 16700
0.725 0.625 16700
0.725 0.625 16700
0.725 0.625 16700
0.725 0.625 16700
0.725 0.625 16700
0.725 0.625 16700
0.725 0.625 16700
0.725 0.625 16700
0.725 0.625 16700
0.725 0.625 16700
0.725 0.625 16700
0.725 0.625 16700
0.725 0.625 16700
0.725 0.625 16700
0.725 0.625 16700
0.725 0.625 16700
0.725 0.625 16700
0.725 0.625 16700
0.725 0.625 16700
0.725 0.625 16700
0.725 0.625 16700
0.725 0.625 16700
0.725 0.625 16700
0.725 0.625 16700
0.725 0.625 16700
0.725 0.625 16700
0.725 0.625 16700
0.725 0.625 16700
0.725 0.625 16700
0.725 0.625 16700
0.725 0.625 16700
0.725 0.625 16700
0.725 0.625 16700
0.725 0.625 16700
0.725 0.625 16700
0.725 0.625 16700
0.725 0.625 16700
0.725 0.625 16700
0.725 0.61875 16700
0.725 0.61875 16700
0.725 0.61875 16700
0.725 0.61875 16700
0.725 0.61875 16700
0.725 0.61875 16700
0.725 0.61875 16700
0.725 0.61875 16700
0.725 0.61875 16700
0.725 0.61875 16700
0.725 0.61875 16700
0.725 0.61875 16700
0.725 0.61875 16700
0.725 0.61875 16700
0.725 0.61875 16700
0.725 0.61875 16700
0.725 0.61875 16700
0.725 0.615625 16700
0.725 0.6125 16700
0.725 0.6125 16700
0.725 0.6125 16700
0.725 0.6125 16700
0.725 0.6125 16700
0.725 0.6125 16700
0.725 0.6125 16700
0.725 0.6125 16700
0.725 0.6125 16700
0.725 0.6125 16700
0.725 0.6125 16700
0.725 0.6125 16700
0.725 0.6125 16700
0.725 0.6125 16700
0.725 0.6125 16700
0.725 0.6125 16700
0.725 0.6125 16700
0.725 0.6125 16700
0.725 0.6125 16700
0.725 0.6125 16700
0.725 0.6125 16700
0.725 0.6125 16700
0.725 0.6125 16700
0.725 0.6125 16700
0.725 0.6125 16700
0.725 0.6125 16700
0.725 0.609375 16700
0.725 0.60625 16700
0.725 0.60625 16700
0.725 0.60625 16700
0.725 0.60625 16700
0.725 0.60625 16700
0.725 0.60625 16700
0.725 0.60625 16700
0.725 0.60625 16700
0.725 0.60625 16700
0.725 0.60625 16700
0.725 0.60625 16700
0.725 0.60625 16700
0.725 0.60625 16700
0.725 0.60625 16700
0.725 0.60625 16700
0.725 0.60625 16700
0.725 0.60625 16700
0.725 0.60625 16700
0.725 0.60625 16700
0.725 0.60625 16700
0.725 0.60625 16700
0.725 0.60625 16700
0.725 0.60625 16700
0.725 0.60625 16700
0.725 0.60625 16700
0.725 0.60625 16700
0.725 0.60625 16700
0.725 0.60625 16700
0.725 0.60625 16700
0.725 0.60625 16700
0.725 0.60625 16700
0.725 0.60625 16700
0.725 0.60625 16700
0.725 0.60625 16700
0.725 0.60625 16700
0.725 0.60625 16700
0.725 0.60625 16700
0.725 0.60625 16700
0.725 0.60625 16700
0.725 0.60625 16700
0.725 0.60625 16700
0.725 0.60625 16700
0.725 0.60625 16700
0.725 0.60625 16700
0.725 0.60625 16700
0.725 0.60625 16700
0.725 0.60625 16700
0.725 0.60625 16700
0.725 0.60625 16700
0.725 0.60625 16700
0.725 0.60625 16700
0.725 0.60625 16700
0.725 0.60625 16700
0.725 0.60625 16700
0.725 0.60625 16700
0.725 0.60625 16700
0.725 0.60625 16700
0.725 0.60625 16700
0.725 0.60625 16700
0.725 0.60625 16700
0.725 0.60625 16700
0.725 0.60625 16700
0.725 0.60625 16700
0.725 0.60625 16700
0.725 0.60625 16700
0.725 0.60625 16700
0.725 0.60625 16700
0.725 0.60625 16700
0.725 0.60625 16700
0.725 0.60625 16700
0.725 0.60625 16700
0.725 0.60625 16700
0.725 0.60625 16700
0.725 0.60625 16700
0.725 0.60625 16700
0.725 0.60625 16700
0.725 0.60625 16700
0.725 0.60625 16700
0.725 0.60625 16700
0.725 0.60625 16700
0.725 0.60625 16700
0.725 0.60625 16700
0.725 0.60625 16700
0.725 0.60625 16700
0.725 0.60625 16700
0.725 0.60625 16700
0.725 0.60625 16700
0.725 0.60625 16700
0.725 0.60625 16700
0.725 0.60625 16700
0.725 0.60625 16700
0.725 0.60625 16700
0.725 0.60625 16700
0.725 0.60625 16700
0.725 0.60625 16700
0.725 0.60625 16700
0.725 0.60625 16700
0.725 0.60625 16700
0.725 0.60625 16700
0.725 0.60625 16700
0.725 0.60625 16700
0.725 0.60625 16700
0.725 0.60625 16700
0.725 0.60625 16700
0.725 0.60625 16700
0.725 0.60625 16700
0.725 0.60625 16700
0.725 0.60625 16700
0.725 0.60625 16700
0.725 0.60625 16700
0.725 0.60625 16700
0.725 0.60625 16700
0.725 0.60625 16700
0.725 0.60625 16700
0.725 0.60625 16700
0.725 0.60625 16700
0.725 0.60625 16700
0.725 0.60625 16700
0.725 0.60625 16700
0.725 0.60625 16700
0.725 0.60625 16700
0.725 0.60625 16700
0.725 0.60625 16700
0.725 0.60625 16700
0.725 0.60625 16700
0.725 0.60625 16700
0.725 0.60625 16700
0.725 0.60625 16700
0.725 0.60625 16700
0.725 0.60625 16700
0.725 0.60625 16700
0.725 0.60625 16700
0.725 0.60625 16700
0.725 0.60625 16700
0.725 0.60625 16700
0.725 0.60625 16700
0.725 0.60625 16700
0.725 0.60625 16700
0.725 0.60625 16700
0.725 0.60625 16700
0.725 0.60625 16700
0.725 0.59375 16700
0.725 0.59375 16700
0.725 0.59375 16700
0.725 0.59375 16700
0.725 0.59375 16700
0.725 0.59375 16700
0.725 0.59375 16700
0.725 0.59375 16700
0.725 0.59375 16700
0.725 0.59375 16700
0.725 0.59375 16700
0.725 0.59375 16700
0.725 0.59375 16700
0.725 0.59375 16700
0.725 0.59375 16700
0.725 0.59375 16700
0.725 0.59375 16700
0.725 0.59375 16700
0.725 0.59375 16700
0.725 0.59375 16700
0.725 0.59375 16700
0.725 0.59375 16700
0.725 0.59375 16700
0.725 0.59375 16700
0.725 0.59375 16700
0.725 0.59375 16700
0.725 0.59375 16700
0.725 0.59375 16700
0.725 0.59375 16700
0.725 0.59375 16700
0.725 0.59375 16700
0.725 0.59375 16700
0.725 0.59375 16700
0.725 0.59375 16700
0.725 0.59375 16700
0.725 0.59375 16700
0.725 0.59375 16700
0.725 0.59375 16700
0.725 0.59375 16700
0.725 0.59375 16700
0.725 0.59375 16700
0.725 0.59375 16700
0.725 0.59375 16700
0.725 0.59375 16700
0.725 0.59375 16700
0.725 0.59375 16700
0.725 0.59375 16700
0.725 0.59375 16700
0.725 0.59375 16700
0.725 0.59375 16700
0.725 0.59375 16700
0.725 0.59375 16700
0.725 0.59375 16700
0.725 0.59375 16700
0.725 0.59375 16700
0.725 0.59375 16700
0.725 0.59375 16700
0.725 0.59375 16700
0.725 0.59375 16700
0.725 0.59375 16700
0.725 0.59375 16700
0.725 0.59375 16700
0.725 0.59375 16700
0.725 0.59375 16700
0.725 0.59375 16700
0.725 0.59375 16700
0.725 0.59375 16700
0.725 0.59375 16700
0.725 0.59375 16700
0.725 0.59375 16700
0.725 0.59375 16700
0.725 0.59375 16700
0.725 0.59375 16700
0.725 0.59375 16700
0.725 0.59375 16700
0.725 0.59375 16700
0.725 0.59375 16700
0.725 0.59375 16700
0.725 0.59375 16700
0.725 0.59375 16700
0.725 0.59375 16700
0.725 0.59375 16700
0.725 0.59375 16700
0.725 0.59375 16700
0.725 0.59375 16700
0.725 0.59375 16700
0.725 0.59375 16700
0.725 0.59375 16700
0.725 0.59375 16700
0.725 0.59375 16700
0.725 0.59375 16700
0.725 0.59375 16700
0.725 0.59375 16700
0.725 0.59375 16700
0.725 0.59375 16700
0.725 0.59375 16700
0.725 0.59375 16700
0.725 0.59375 16700
0.725 0.59375 16700
0.725 0.59375 16700
0.725 0.59375 16700
0.725 0.59375 16700
0.725 0.59375 16700
0.725 0.59375 16700
0.725 0.59375 16700
0.725 0.59375 16700
0.725 0.59375 16700
0.725 0.59375 16700
0.725 0.59375 16700
0.725 0.59375 16700
0.725 0.59375 16700
0.725 0.59375 16700
0.725 0.59375 16700
0.725 0.59375 16700
0.725 0.59375 16700
0.725 0.59375 16700
0.725 0.59375 16700
0.725 0.59375 16700
0.725 0.59375 16700
0.725 0.59375 16700
0.725 0.59375 16700
0.725 0.59375 16700
0.725 0.59375 16700
0.725 0.59375 16700
0.725 0.59375 16700
0.725 0.59375 16700
0.725 0.59375 16700
0.725 0.59375 16700
0.725 0.59375 16700
0.725 0.59375 16700
0.725 0.59375 16700
0.725 0.59375 16700
0.725 0.59375 16700
0.725 0.59375 16700
0.725 0.59375 16700
0.725 0.59375 16700
0.725 0.59375 16700
0.725 0.59375 16700
0.725 0.59375 16700
0.725 0.59375 16700
0.725 0.59375 16700
0.725 0.59375 16700
0.725 0.59375 16700
0.725 0.59375 16700
0.725 0.59375 16700
0.725 0.59375 16700
0.725 0.59375 16700
0.725 0.59375 16700
0.725 0.59375 16700
0.725 0.59375 16700
0.725 0.59375 16700
0.725 0.59375 16700
0.725 0.59375 16700
0.725 0.59375 16700
0.725 0.59375 16700
0.725 0.59375 16700
0.725 0.59375 16700
0.725 0.59375 16700
0.725 0.59375 16700
0.725 0.59375 16700
0.725 0.59375 16700
0.725 0.59375 16700
0.725 0.59375 16700
0.725 0.59375 16700
0.725 0.59375 16700
0.725 0.59375 16700
0.725 0.59375 16700
0.725 0.59375 16700
0.725 0.59375 16700
0.725 0.59375 16700
0.725 0.59375 16700
0.725 0.59375 16700
0.725 0.59375 16700
0.725 0.59375 16700
0.725 0.59375 16700
0.725 0.59375 16700
0.725 0.59375 16700
0.725 0.59375 16700
0.725 0.59375 16700
0.725 0.59375 16700
0.725 0.59375 16700
0.725 0.59375 16700
0.725 0.59375 16700
0.725 0.59375 16700
0.725 0.59375 16700
0.725 0.59375 16700
0.725 0.59375 16700
0.725 0.59375 16700
0.725 0.59375 16700
0.725 0.59375 16700
0.725 0.59375 16700
0.725 0.59375 16700
0.725 0.59375 16700
0.725 0.59375 16700
0.725 0.59375 16700
0.725 0.59375 16700
0.725 0.59375 16700
0.725 0.59375 16700
0.725 0.59375 16700
0.725 0.59375 16700
0.725 0.59375 16700
0.725 0.59375 16700
0.725 0.59375 16700
0.725 0.59375 16700
0.725 0.59375 16700
0.725 0.59375 16700
0.725 0.59375 16700
0.725 0.59375 16700
0.725 0.59375 16700
0.725 0.59375 16700
0.725 0.59375 16700
0.725 0.59375 16700
0.725 0.59375 16700
0.725 0.59375 16700
0.725 0.59375 16700
0.725 0.59375 16700
0.725 0.59375 16700
0.725 0.59375 16700
0.725 0.59375 16700
0.725 0.59375 16700
0.725 0.59375 16700
0.725 0.59375 16700
0.725 0.59375 16700
0.725 0.59375 16700
0.725 0.59375 16700
0.725 0.59375 16700
0.725 0.59375 16700
0.725 0.59375 16700
0.725 0.59375 16700
0.725 0.59375 16700
0.725 0.59375 16700
0.725 0.59375 16700
0.725 0.6 16700
0.725 0.6 16700
0.725 0.6 16700
0.725 0.6 16700
0.725 0.6 16700
0.725 0.6 16700
0.725 0.6 16700
0.725 0.6 16700
0.725 0.6 16700
0.725 0.6 16700
0.725 0.6 16700
0.725 0.6 16700
0.725 0.6 16700
0.725 0.6 16700
0.725 0.6 16700
0.725 0.6 16700
0.725 0.6 16700
0.725 0.6 16700
0.725 0.6 16700
0.725 0.6 16700
0.725 0.6 16700
0.725 0.6 16700
0.725 0.6 16700
0.725 0.6 16700
0.725 0.6 16700
0.725 0.6 16700
0.725 0.6 16700
0.725 0.6 16700
0.725 0.6 16700
0.725 0.6 16700
0.725 0.6 16700
0.725 0.6 16700
0.725 0.6 16700
0.725 0.6 16700
0.725 0.6 16700
0.725 0.6 16700
0.725 0.6 16700
0.725 0.6 16700
0.725 0.6 16700
0.725 0.6 16700
0.725 0.6 16700
0.725 0.6 16700
0.725 0.6 16700
0.725 0.6 16700
0.725 0.6 16700
0.725 0.6 16700
0.725 0.6 16700
0.725 0.6 16700
0.725 0.6 16700
0.725 0.6 16700
0.725 0.6 16700
0.725 0.6 16700
0.725 0.6 16700
0.725 0.6 16700
0.725 0.6 16700
0.725 0.6 16700
0.725 0.6 16700
0.725 0.6 16700
0.725 0.6 16700
0.725 0.6 16700
0.725 0.6 16700
0.725 0.6 16700
0.725 0.6 16700
0.725 0.6 16700
0.725 0.6 16700
0.725 0.6 16700
0.725 0.6 16700
0.725 0.6 16700
0.725 0.6 16700
0.725 0.6 16700
0.725 0.6 16700
0.725 0.6 16700
0.725 0.6 16700
0.725 0.6 16700
0.725 0.6 16700
0.725 0.6 16700
0.725 0.6 16700
0.725 0.6 16700
0.725 0.6 16700
0.725 0.6 16700
0.725 0.6 16700
0.725 0.6 16700
0.725 0.6 16700
0.725 0.6 16700
0.725 0.6 16700
0.725 0.6 16700
0.725 0.6 16700
0.725 0.6 16700
0.725 0.6 16700
0.725 0.6 16700
0.725 0.6 16700
0.725 0.6 16700
0.725 0.59375 16700
0.725 0.59375 16700
0.725 0.59375 16700
0.725 0.59375 16700
0.725 0.59375 16700
0.725 0.59375 16700
0.725 0.59375 16700
0.725 0.59375 16700
0.725 0.59375 16700
0.725 0.59375 16700
0.725 0.59375 16700
0.725 0.59375 16700
0.725 0.59375 16700
0.725 0.59375 16700
0.725 0.59375 16700
0.725 0.59375 16700
0.725 0.59375 16700
0.725 0.59375 16700
0.725 0.59375 16700
0.725 0.59375 16700
0.725 0.59375 16700
0.725 0.59375 16700
0.725 0.59375 16700
0.725 0.59375 16700
0.725 0.59375 16700
0.725 0.590625 16700
0.725 0.5875 16700
0.725 0.5875 16700
0.725 0.5875 16700
0.725 0.5875 16700
0.725 0.5875 16700
0.725 0.5875 16700
0.725 0.5875 16700
0.725 0.5875 16700
0.725 0.5875 16700
0.725 0.5875 16700
0.725 0.5875 16700
0.725 0.5875 16700
0.725 0.5875 16700
0.725 0.5875 16700
0.725 0.5875 16700
0.725 0.5875 16700
0.725 0.5875 16700
0.725 0.5875 16700
0.725 0.5875 16700
0.725 0.5875 16700
0.725 0.5875 16700
0.725 0.5875 16700
0.725 0.5875 16700
0.725 0.5875 16700
0.725 0.5875 16700
0.725 0.5875 16700
0.725 0.5875 16700
0.725 0.5875 16700
0.725 0.5875 16700
0.725 0.5875 16700
0.725 0.5875 16700
0.725 0.5875 16700
0.725 0.5875 16700
0.725 0.5875 16700
0.725 0.5875 16700
0.725 0.5875 16700
0.725 0.5875 16700
0.725 0.5875 16700
0.725 0.5875 16700
0.725 0.5875 16700
0.725 0.5875 16700
0.725 0.5875 16700
0.725 0.5875 16700
0.725 0.5875 16700
0.725 0.5875 16700
0.725 0.5875 16700
0.725 0.5875 16700
0.725 0.5875 16700
0.725 0.5875 16700
0.725 0.5875 16700
0.725 0.5875 16700
0.725 0.5875 16700
0.725 0.5875 16700
0.725 0.5875 16700
0.725 0.5875 16700
0.725 0.5875 16700
0.725 0.5875 16700
0.725 0.5875 16700
0.725 0.5875 16700
0.725 0.5875 16700
0.725 0.5875 16700
0.725 0.5875 16700
0.725 0.5875 16700
0.725 0.5875 16700
0.725 0.5875 16700
0.725 0.5875 16700
0.725 0.5875 16700
0.725 0.5875 16700
0.725 0.5875 16700
0.725 0.5875 16700
0.725 0.5875 16700
0.725 0.5875 16700
0.725 0.5875 16700
0.725 0.5875 16700
0.725 0.5875 16700
0.725 0.5875 16700
0.725 0.5875 16700
0.725 0.5875 16700
0.725 0.5875 16700
0.725 0.5875 16700
0.725 0.5875 16700
0.725 0.5875 16700
0.725 0.5875 16700
0.725 0.5875 16700
0.725 0.5875 16700
0.725 0.5875 16700
0.725 0.5875 16700
0.725 0.5875 16700
0.725 0.5875 16700
0.725 0.5875 16700
0.725 0.5875 16700
0.725 0.5875 16700
0.725 0.5875 16700
0.725 0.5875 16700
0.725 0.5875 16700
0.725 0.5875 16700
0.725 0.5875 16700
0.725 0.5875 16700
0.725 0.5875 16700
0.725 0.5875 16700
0.725 0.5875 16700
0.725 0.5875 16700
0.725 0.5875 16700
0.725 0.5875 16700
0.725 0.5875 16700
0.725 0.5875 16700
0.725 0.5875 16700
0.725 0.5875 16700
0.725 0.5875 16700
0.725 0.5875 16700
0.725 0.5875 16700
0.725 0.5875 16700
0.725 0.5875 16700
0.725 0.58125 16700
0.725 0.58125 16700
0.725 0.58125 16700
0.725 0.58125 16700
0.725 0.58125 16700
0.725 0.58125 16700
0.725 0.58125 16700
0.725 0.58125 16700
0.725 0.58125 16700
0.725 0.58125 16700
0.725 0.58125 16700
0.725 0.58125 16700
0.725 0.58125 16700
0.725 0.58125 16700
0.725 0.58125 16700
0.725 0.58125 16700
0.725 0.58125 16700
0.725 0.58125 16700
0.725 0.58125 16700
0.725 0.58125 16700
0.725 0.58125 16700
0.725 0.58125 16700
0.725 0.58125 16700
0.725 0.58125 16700
0.725 0.58125 16700
0.725 0.58125 16700
0.725 0.58125 16700
0.725 0.58125 16700
0.725 0.58125 16700
0.725 0.58125 16700
0.725 0.58125 16700
0.725 0.58125 16700
0.725 0.58125 16700
0.725 0.58125 16700
0.725 0.58125 16700
0.725 0.58125 16700
0.725 0.58125 16700
0.725 0.58125 16700
0.725 0.58125 16700
0.725 0.58125 16700
0.725 0.58125 16700
0.725 0.58125 16700
0.725 0.58125 16700
0.725 0.58125 16700
0.725 0.58125 16700
0.725 0.58125 16700
0.725 0.58125 16700
0.725 0.58125 16700
0.725 0.58125 16700
0.725 0.58125 16700
0.725 0.58125 16700
0.725 0.58125 16700
0.725 0.58125 16700
0.725 0.58125 16700
0.725 0.58125 16700
0.725 0.58125 16700
0.725 0.58125 16700
0.725 0.58125 16700
0.725 0.58125 16700
0.725 0.58125 16700
0.725 0.58125 16700
0.725 0.58125 16700
0.725 0.58125 16700
0.725 0.58125 16700
0.725 0.58125 16700
0.725 0.58125 16700
0.725 0.58125 16700
0.725 0.58125 16700
0.725 0.58125 16700
0.725 0.58125 16700
0.725 0.58125 16700
0.725 0.58125 16700
0.725 0.58125 16700
0.725 0.58125 16700
0.725 0.58125 16700
0.725 0.58125 16700
0.725 0.58125 16700
0.725 0.58125 16700
0.725 0.58125 16700
0.725 0.58125 16700
0.725 0.58125 16700
0.725 0.58125 16700
0.725 0.58125 16700
0.725 0.58125 16700
0.725 0.58125 16700
0.725 0.58125 16700
0.725 0.58125 16700
0.725 0.58125 16700
0.725 0.58125 16700
0.725 0.58125 16700
0.725 0.58125 16700
0.725 0.58125 16700
0.725 0.58125 16700
0.725 0.58125 16700
0.725 0.58125 16700
0.725 0.58125 16700
0.725 0.58125 16700
0.725 0.58125 16700
0.725 0.58125 16700
0.725 0.58125 16700
0.725 0.58125 16700
0.725 0.58125 16700
0.725 0.58125 16700
0.725 0.58125 16700
0.725 0.58125 16700
0.725 0.58125 16700
0.725 0.58125 16700
0.725 0.58125 16700
0.725 0.58125 16700
0.725 0.58125 16700
0.725 0.58125 16700
0.725 0.58125 16700
0.725 0.58125 16700
0.725 0.58125 16700
0.725 0.58125 16700
0.725 0.58125 16700
0.725 0.58125 16700
0.725 0.58125 16700
0.725 0.58125 16700
0.725 0.58125 16700
0.725 0.58125 16700
0.725 0.58125 16700
0.725 0.58125 16700
0.725 0.58125 16700
0.725 0.58125 16700
0.725 0.58125 16700
0.725 0.58125 16700
0.725 0.58125 16700
0.725 0.58125 16700
0.725 0.58125 16700
0.725 0.58125 16700
0.725 0.58125 16700
0.725 0.58125 16700
0.725 0.58125 16700
0.725 0.58125 16700
0.725 0.58125 16700
0.725 0.58125 16700
0.725 0.58125 16700
0.725 0.58125 16700
0.725 0.58125 16700
0.725 0.58125 16700
0.725 0.58125 16700
0.725 0.58125 16700
0.725 0.58125 16700
0.725 0.58125 16700
0.725 0.58125 16700
0.725 0.58125 16700
0.725 0.58125 16700
0.725 0.58125 16700
0.725 0.58125 16700
0.725 0.58125 16700
0.725 0.58125 16700
0.725 0.58125 16700
0.725 0.58125 16700
0.725 0.58125 16700
0.725 0.58125 16700
0.725 0.58125 16700
0.725 0.58125 16700
0.725 0.58125 16700
0.725 0.58125 16700
0.725 0.58125 16700
0.725 0.58125 16700
0.725 0.58125 16700
0.725 0.58125 16700
0.725 0.58125 16700
0.725 0.58125 16700
0.725 0.58125 16700
0.725 0.58125 16700
0.725 0.58125 16700
0.725 0.58125 16700
0.725 0.58125 16700
0.725 0.58125 16700
0.725 0.58125 16700
0.725 0.58125 16700
0.725 0.58125 16700
0.725 0.58125 16700
0.725 0.58125 16700
0.725 0.58125 16700
0.725 0.58125 16700
0.725 0.58125 16700
0.725 0.58125 16700
0.725 0.58125 16700
0.725 0.58125 16700
0.725 0.58125 16700
0.725 0.58125 16700
0.725 0.58125 16700
0.725 0.58125 16700
0.725 0.58125 16700
0.725 0.58125 16700
0.725 0.58125 16700
0.725 0.58125 16700
0.725 0.58125 16700
0.725 0.58125 16700
0.725 0.58125 16700
0.725 0.58125 16700
0.725 0.58125 16700
0.725 0.58125 16700
0.725 0.58125 16700
0.725 0.58125 16700
0.725 0.58125 16700
0.725 0.58125 16700
0.725 0.58125 16700
0.725 0.58125 16700
0.725 0.58125 16700
0.725 0.58125 16700
0.725 0.58125 16700
0.725 0.58125 16700
0.725 0.58125 16700
0.725 0.58125 16700
0.725 0.58125 16700
0.725 0.58125 16700
0.725 0.58125 16700
0.725 0.58125 16700
0.725 0.58125 16700
0.725 0.58125 16700
0.725 0.58125 16700
0.725 0.58125 16700
0.725 0.58125 16700
0.725 0.58125 16700
0.725 0.58125 16700
0.725 0.58125 16700
0.725 0.58125 16700
0.725 0.58125 16700
0.725 0.58125 16700
0.725 0.58125 16700
0.725 0.58125 16700
0.725 0.58125 16700
0.725 0.58125 16700
0.725 0.58125 16700
0.725 0.58125 16700
0.725 0.58125 16700
0.725 0.58125 16700
0.725 0.58125 16700
0.725 0.58125 16700
0.725 0.58125 16700
0.725 0.58125 16700
0.725 0.58125 16700
0.725 0.58125 16700
0.725 0.58125 16700
0.725 0.58125 16700
0.725 0.58125 16700
0.725 0.58125 16700
0.725 0.58125 16700
0.725 0.58125 16700
0.725 0.58125 16700
0.725 0.58125 16700
0.725 0.58125 16700
0.725 0.58125 16700
0.725 0.58125 16700
0.725 0.58125 16700
0.725 0.58125 16700
0.725 0.58125 16700
0.725 0.58125 16700
0.725 0.58125 16700
0.725 0.58125 16700
0.725 0.58125 16700
0.725 0.58125 16700
0.725 0.58125 16700
0.725 0.58125 16700
0.725 0.58125 16700
0.725 0.58125 16700
0.725 0.58125 16700
0.725 0.58125 16700
0.725 0.58125 16700
0.725 0.58125 16700
0.725 0.58125 16700
0.725 0.58125 16700
0.725 0.58125 16700
0.725 0.58125 16700
0.725 0.58125 16700
0.725 0.58125 16700
0.725 0.58125 16700
0.725 0.58125 16700
0.725 0.58125 16700
0.725 0.58125 16700
0.725 0.58125 16700
0.725 0.58125 16700
0.725 0.58125 16700
0.725 0.58125 16700
0.725 0.58125 16700
0.725 0.58125 16700
0.725 0.58125 16700
0.725 0.58125 16700
0.725 0.58125 16700
0.725 0.58125 16700
0.725 0.58125 16700
0.725 0.58125 16700
0.725 0.58125 16700
0.725 0.58125 16700
0.725 0.58125 16700
0.725 0.58125 16700
0.725 0.58125 16700
0.725 0.58125 16700
0.725 0.58125 16700
0.725 0.58125 16700
0.725 0.58125 16700
0.725 0.58125 16700
0.725 0.58125 16700
0.725 0.58125 16700
0.725 0.58125 16700
0.725 0.58125 16700
0.725 0.58125 16700
0.725 0.58125 16700
0.725 0.58125 16700
0.725 0.58125 16700
0.725 0.58125 16700
0.725 0.58125 16700
0.725 0.58125 16700
0.725 0.58125 16700
0.725 0.58125 16700
0.725 0.58125 16700
0.725 0.58125 16700
0.725 0.58125 16700
0.725 0.58125 16700
0.725 0.58125 16700
0.725 0.58125 16700
0.725 0.58125 16700
0.725 0.58125 16700
0.725 0.58125 16700
0.725 0.58125 16700
0.725 0.58125 16700
0.725 0.58125 16700
0.725 0.58125 16700
0.725 0.58125 16700
0.725 0.58125 16700
0.725 0.58125 16700
0.725 0.58125 16700
0.725 0.58125 16700
0.725 0.58125 16700
0.725 0.58125 16700
0.725 0.58125 16700
0.725 0.58125 16700
0.725 0.58125 16700
0.725 0.58125 16700
0.725 0.58125 16700
0.725 0.58125 16700
0.725 0.58125 16700
0.725 0.58125 16700
0.725 0.58125 16700
0.725 0.58125 16700
0.725 0.58125 16700
0.725 0.58125 16700
0.725 0.58125 16700
0.725 0.58125 16700
0.725 0.58125 16700
0.725 0.58125 16700
0.725 0.58125 16700
0.725 0.58125 16700
0.725 0.58125 16700
0.725 0.58125 16700
0.725 0.58125 16700
0.725 0.58125 16700
0.725 0.58125 16700
0.725 0.58125 16700
0.725 0.58125 16700
0.725 0.58125 16700
0.725 0.58125 16700
0.725 0.58125 16700
0.725 0.58125 16700
0.725 0.58125 16700
0.725 0.58125 16700
0.725 0.58125 16700
0.725 0.58125 16700
0.725 0.58125 16700
0.725 0.58125 16700
0.725 0.58125 16700
0.725 0.58125 16700
0.725 0.58125 16700
0.725 0.58125 16700
0.725 0.58125 16700
0.725 0.58125 16700
0.725 0.58125 16700
0.725 0.58125 16700
0.725 0.58125 16700
0.725 0.58125 16700
0.725 0.58125 16700
0.725 0.58125 16700
0.725 0.58125 16700
0.725 0.58125 16700
0.725 0.58125 16700
0.725 0.58125 16700
0.725 0.58125 16700
0.725 0.58125 16700
0.725 0.58125 16700
0.725 0.58125 16700
0.725 0.58125 16700
0.725 0.58125 16700
0.725 0.584375 16700
0.725 0.5875 16700
0.725 0.5875 16700
0.725 0.5875 16700
0.725 0.5875 16700
0.725 0.5875 16700
0.725 0.5875 16700
0.725 0.5875 16700
0.725 0.5875 16700
0.725 0.5875 16700
0.725 0.5875 16700
0.725 0.5875 16700
0.725 0.5875 16700
0.725 0.5875 16700
0.725 0.5875 16700
0.725 0.5875 16700
0.725 0.5875 16700
0.725 0.5875 16700
0.725 0.5875 16700
0.725 0.5875 16700
0.725 0.5875 16700
0.725 0.5875 16700
0.725 0.5875 16700
0.725 0.5875 16700
0.725 0.5875 16700
0.725 0.5875 16700
0.725 0.5875 16700
0.725 0.5875 16700
0.725 0.5875 16700
0.725 0.5875 16700
0.725 0.5875 16700
0.725 0.5875 16700
0.725 0.5875 16700
0.725 0.5875 16700
0.725 0.5875 16700
0.725 0.5875 16700
0.725 0.5875 16700
0.725 0.5875 16700
0.725 0.5875 16700
0.725 0.5875 16700
0.725 0.5875 16700
0.725 0.5875 16700
0.725 0.5875 16700
0.725 0.5875 16700
0.725 0.5875 16700
0.725 0.5875 16700
0.725 0.5875 16700
0.725 0.5875 16700
0.725 0.5875 16700
0.725 0.5875 16700
0.725 0.5875 16700
0.725 0.5875 16700
0.725 0.5875 16700
0.725 0.5875 16700
0.725 0.5875 16700
0.725 0.5875 16700
0.725 0.5875 16700
0.725 0.5875 16700
0.725 0.5875 16700
0.725 0.5875 16700
0.725 0.5875 16700
0.725 0.5875 16700
0.725 0.5875 16700
0.725 0.5875 16700
0.725 0.5875 16700
0.725 0.5875 16700
0.725 0.5875 16700
0.725 0.5875 16700
0.725 0.5875 16700
0.725 0.5875 16700
0.725 0.5875 16700
0.725 0.5875 16700
0.725 0.5875 16700
0.725 0.5875 16700
0.725 0.5875 16700
0.725 0.5875 16700
0.725 0.5875 16700
0.725 0.5875 16700
0.725 0.5875 16700
0.725 0.5875 16700
0.725 0.5875 16700
0.725 0.5875 16700
0.725 0.5875 16700
0.725 0.5875 16700
0.725 0.5875 16700
0.725 0.5875 16700
0.725 0.59375 16700
0.725 0.59375 16700
0.725 0.59375 16700
0.725 0.59375 16700
0.725 0.59375 16700
0.725 0.59375 16700
0.725 0.59375 16700
0.725 0.59375 16700
0.725 0.59375 16700
0.725 0.59375 16700
0.725 0.59375 16700
0.725 0.59375 16700
0.725 0.59375 16700
0.725 0.59375 16700
0.725 0.59375 16700
0.725 0.59375 16700
0.725 0.59375 16700
0.725 0.59375 16700
0.725 0.59375 16700
0.725 0.59375 16700
0.725 0.59375 16700
0.725 0.59375 16700
0.725 0.59375 16700
0.725 0.59375 16700
0.725 0.59375 16700
0.725 0.59375 16700
0.725 0.59375 16700
0.725 0.59375 16700
0.725 0.59375 16700
0.725 0.59375 16700
0.725 0.59375 16700
0.725 0.59375 16700
0.725 0.59375 16700
0.725 0.59375 16700
0.725 0.59375 16700
0.725 0.59375 16700
0.725 0.59375 16700
0.725 0.59375 16700
0.725 0.59375 16700
0.725 0.59375 16700
0.725 0.59375 16700
0.725 0.59375 16700
0.725 0.59375 16700
0.725 0.59375 16700
0.725 0.59375 16700
0.725 0.59375 16700
0.725 0.59375 16700
0.725 0.59375 16700
0.725 0.59375 16700
0.725 0.59375 16700
0.725 0.59375 16700
0.725 0.59375 16700
0.725 0.59375 16700
0.725 0.59375 16700
0.725 0.59375 16700
0.725 0.59375 16700
0.725 0.59375 16700
0.725 0.6 16700
0.725 0.6 16700
0.725 0.6 16700
0.725 0.6 16700
0.725 0.6 16700
0.725 0.6 16700
0.725 0.6 16700
0.725 0.6 16700
0.725 0.6 16700
0.725 0.6 16700
0.725 0.6 16700
0.725 0.6 16700
0.725 0.6 16700
0.725 0.6 16700
0.725 0.6 16700
0.725 0.6 16700
0.725 0.6 16700
0.725 0.6 16700
0.725 0.6 16700
0.725 0.6 16700
0.725 0.6 16700
0.725 0.6 16700
0.725 0.6 16700
0.725 0.6 16700
0.725 0.6 16700
0.725 0.6 16700
0.725 0.6 16700
0.725 0.6 16700
0.725 0.6 16700
0.725 0.6 16700
0.725 0.6 16700
0.725 0.6 16700
0.725 0.6 16700
0.725 0.6 16700
0.725 0.6 16700
0.725 0.6 16700
0.725 0.6 16700
0.725 0.6 16700
0.725 0.6 16700
0.725 0.6 16700
0.725 0.6 16700
0.725 0.6 16700
0.725 0.6 16700
0.725 0.6 16700
0.725 0.6 16700
0.725 0.6 16700
0.725 0.6 16700
0.725 0.6 16700
0.725 0.6 16700
0.725 0.6 16700
0.725 0.6 16700
0.725 0.6 16700
0.725 0.6 16700
0.725 0.6 16700
0.725 0.6 16700
0.725 0.6 16700
0.725 0.6 16700
0.725 0.6 16700
0.725 0.6 16700
0.725 0.6 16700
0.725 0.6 16700
0.725 0.6 16700
0.725 0.6 16700
0.725 0.6 16700
0.725 0.6 16700
0.725 0.6 16700
0.725 0.6 16700
0.725 0.6 16700
0.725 0.6 16700
0.725 0.6 16700
0.725 0.6 16700
0.725 0.6 16700
0.725 0.6 16700
0.725 0.6 16700
0.725 0.6 16700
0.725 0.6 16700
0.725 0.6 16700
0.725 0.6 16700
0.725 0.6 16700
0.725 0.6 16700
0.725 0.6 16700
0.725 0.6 16700
0.725 0.6 16700
0.725 0.6 16700
0.725 0.6 16700
0.725 0.6 16700
0.725 0.6 16700
0.725 0.6 16700
0.725 0.6 16700
0.725 0.6 16700
0.725 0.6 16700
0.725 0.6 16700
0.725 0.6 16700
0.725 0.6 16700
0.725 0.6 16700
0.725 0.6 16700
0.725 0.6 16700
0.725 0.6 16700
0.725 0.6 16700
0.725 0.6 16700
0.725 0.6 16700
0.725 0.6 16700
0.725 0.6 16700
0.725 0.6 16700
0.725 0.6 16700
0.725 0.6 16700
0.725 0.6 16700
0.725 0.6 16700
0.725 0.6 16700
0.725 0.6 16700
0.725 0.6 16700
0.725 0.6 16700
0.725 0.6 16700
0.725 0.6 16700
0.725 0.6 16700
0.725 0.6 16700
0.725 0.6 16700
0.725 0.6 16700
0.725 0.6 16700
0.725 0.6 16700
0.725 0.6 16700
0.725 0.6 16700
0.725 0.6 16700
0.725 0.6 16700
0.725 0.6 16700
0.725 0.6 16700
0.725 0.6 16700
0.725 0.6 16700
0.725 0.6 16700
0.725 0.6 16700
0.725 0.6 16700
0.725 0.6 16700
0.725 0.6 16700
0.725 0.6 16700
0.725 0.6 16700
0.725 0.6 16700
0.725 0.6 16700
0.725 0.6 16700
0.725 0.6 16700
0.725 0.6 16700
0.725 0.6 16700
0.725 0.6 16700
0.725 0.6 16700
0.725 0.6 16700
0.725 0.6 16700
0.725 0.6 16700
0.725 0.6 16700
0.725 0.6 16700
0.725 0.6 16700
0.725 0.6 16700
0.725 0.6 16700
0.725 0.6 16700
0.725 0.6 16700
0.725 0.6 16700
0.725 0.6 16700
0.725 0.6 16700
0.725 0.6 16700
0.725 0.6 16700
0.725 0.6 16700
0.725 0.6 16700
0.725 0.6 16700
0.725 0.6 16700
0.725 0.6 16700
0.725 0.6 16700
0.725 0.6 16700
0.725 0.6 16700
0.725 0.6 16700
0.725 0.6 16700
0.725 0.6 16700
0.725 0.6 16700
0.725 0.6 16700
0.725 0.6 16700
0.725 0.6 16700
0.725 0.6 16700
0.725 0.6 16700
0.725 0.6 16700
0.725 0.6 16700
0.725 0.6 16700
0.725 0.6 16700
0.725 0.6 16700
0.725 0.6 16700
0.725 0.6 16700
0.725 0.6 16700
0.725 0.6 16700
0.725 0.6 16700
0.725 0.6 16700
0.725 0.6 16700
0.725 0.6 16700
0.725 0.6 16700
0.725 0.6 16700
0.725 0.6 16700
0.725 0.6 16700
0.725 0.6 16700
0.725 0.6 16700
0.725 0.6 16700
0.725 0.6 16700
0.725 0.6 16700
0.725 0.6 16700
0.725 0.6 16700
0.725 0.6 16700
0.725 0.6 16700
0.725 0.6 16700
0.725 0.6 16700
0.725 0.6 16700
0.725 0.6 16700
0.725 0.6 16700
0.725 0.6 16700
0.725 0.6 16700
0.725 0.6 16700
0.725 0.6 16700
0.725 0.6 16700
0.725 0.6 16700
0.725 0.6 16700
0.725 0.6 16700
0.725 0.6 16700
0.725 0.6 16700
0.725 0.6 16700
0.725 0.6 16700
0.725 0.6 16700
0.725 0.6 16700
0.725 0.6 16700
0.725 0.6 16700
0.725 0.6 16700
0.725 0.6 16700
0.725 0.6 16700
0.725 0.6 16700
0.725 0.6 16700
0.725 0.6 16700
0.725 0.6 16700
0.725 0.6 16700
0.725 0.6 16700
0.725 0.6 16700
0.725 0.6 16700
0.725 0.6 16700
0.725 0.6 16700
0.725 0.6 16700
0.725 0.6 16700
0.725 0.6 16700
0.725 0.6 16700
0.725 0.6 16700
0.725 0.6 16700
0.725 0.6 16700
0.725 0.6 16700
0.725 0.6 16700
0.725 0.6 16700
0.725 0.6 16700
0.725 0.6 16700
0.725 0.6 16700
0.725 0.6 16700
0.725 0.6 16700
0.725 0.6 16700
0.725 0.6 16700
0.725 0.6 16700
0.725 0.6 16700
0.725 0.6 16700
0.725 0.6 16700
0.725 0.6 16700
0.725 0.6 16700
0.725 0.6 16700
0.725 0.6 16700
0.725 0.6 16700
0.725 0.6 16700
0.725 0.6 16700
0.725 0.6 16700
0.725 0.6 16700
0.725 0.6 16700
0.725 0.6 16700
0.725 0.6 16700
0.725 0.6 16700
0.725 0.6 16700
0.725 0.6 16700
0.725 0.6 16700
0.725 0.6 16700
0.725 0.6 16700
0.725 0.6 16700
0.725 0.6 16700
0.725 0.6 16700
0.725 0.6 16700
0.725 0.6 16700
0.725 0.6 16700
0.725 0.6 16700
0.725 0.603125 16700
0.725 0.60625 16700
0.725 0.60625 16700
0.725 0.60625 16700
0.725 0.60625 16700
0.725 0.60625 16700
0.725 0.60625 16700
0.725 0.60625 16700
0.725 0.60625 16700
0.725 0.60625 16700
0.725 0.60625 16700
0.725 0.60625 16700
0.725 0.60625 16700
0.725 0.60625 16700
0.725 0.60625 16700
0.725 0.60625 16700
0.725 0.60625 16700
0.725 0.60625 16700
0.725 0.60625 16700
0.725 0.60625 16700
0.725 0.60625 16700
0.725 0.60625 16700
0.725 0.60625 16700
0.725 0.60625 16700
0.725 0.60625 16700
0.725 0.60625 16700
0.725 0.60625 16700
0.725 0.60625 16700
0.725 0.60625 16700
0.725 0.60625 16700
0.725 0.60625 16700
0.725 0.60625 16700
0.725 0.60625 16700
0.725 0.60625 16700
0.725 0.60625 16700
0.725 0.60625 16700
0.725 0.60625 16700
0.725 0.60625 16700
0.725 0.60625 16700
0.725 0.60625 16700
0.725 0.60625 16700
0.725 0.60625 16700
0.725 0.60625 16700
0.725 0.60625 16700
0.725 0.60625 16700
0.725 0.60625 16700
0.725 0.60625 16700
0.725 0.60625 16700
0.725 0.60625 16700
0.725 0.60625 16700
0.725 0.60625 16700
0.725 0.60625 16700
0.725 0.60625 16700
0.725 0.60625 16700
0.725 0.60625 16700
0.725 0.60625 16700
0.725 0.60625 16700
0.725 0.60625 16700
0.725 0.60625 16700
0.725 0.60625 16700
0.725 0.60625 16700
0.725 0.60625 16700
0.725 0.60625 16700
0.725 0.60625 16700
0.725 0.60625 16700
0.725 0.60625 16700
0.725 0.60625 16700
0.725 0.60625 16700
0.725 0.60625 16700
0.725 0.60625 16700
0.725 0.60625 16700
0.725 0.60625 16700
0.725 0.60625 16700
0.725 0.60625 16700
0.725 0.60625 16700
0.725 0.60625 16700
0.725 0.60625 16700
0.725 0.60625 16700
0.725 0.60625 16700
0.725 0.60625 16700
0.725 0.60625 16700
0.725 0.60625 16700
0.725 0.60625 16700
0.725 0.60625 16700
0.725 0.60625 16700
0.725 0.60625 16700
0.725 0.60625 16700
0.725 0.60625 16700
0.725 0.60625 16700
0.725 0.60625 16700
0.725 0.60625 16700
0.725 0.60625 16700
0.725 0.60625 16700
0.725 0.60625 16700
0.725 0.60625 16700
0.725 0.60625 16700
0.725 0.60625 16700
0.725 0.60625 16700
0.725 0.60625 16700
0.725 0.60625 16700
0.725 0.60625 16700
0.725 0.60625 16700
0.725 0.60625 16700
0.725 0.60625 16700
0.725 0.60625 16700
0.725 0.60625 16700
0.725 0.60625 16700
0.725 0.60625 16700
0.725 0.60625 16700
0.725 0.60625 16700
0.725 0.60625 16700
0.725 0.60625 16700
0.725 0.60625 16700
0.725 0.60625 16700
0.725 0.60625 16700
0.725 0.60625 16700
0.725 0.60625 16700
0.725 0.60625 16700
0.725 0.60625 16700
0.725 0.60625 16700
0.725 0.60625 16700
0.725 0.60625 16700
0.725 0.60625 16700
0.725 0.60625 16700
0.725 0.60625 16700
0.725 0.60625 16700
0.725 0.60625 16700
0.725 0.60625 16700
0.725 0.60625 16700
0.725 0.60625 16700
0.725 0.60625 16700
0.725 0.60625 16700
0.725 0.60625 16700
0.725 0.60625 16700
0.725 0.60625 16700
0.725 0.60625 16700
0.725 0.60625 16700
0.725 0.60625 16700
0.725 0.60625 16700
0.725 0.60625 16700
0.725 0.60625 16700
0.725 0.60625 16700
0.725 0.60625 16700
0.725 0.60625 16700
0.725 0.60625 16700
0.725 0.60625 16700
0.725 0.60625 16700
0.725 0.60625 16700
0.725 0.60625 16700
0.725 0.60625 16700
0.725 0.60625 16700
0.725 0.60625 16700
0.725 0.60625 16700
0.725 0.60625 16700
0.725 0.60625 16700
0.725 0.60625 16700
0.725 0.60625 16700
0.725 0.60625 16700
0.725 0.60625 16700
0.725 0.60625 16700
0.725 0.60625 16700
0.725 0.60625 16700
0.725 0.60625 16700
0.725 0.60625 16700
0.725 0.60625 16700
0.725 0.60625 16700
0.725 0.60625 16700
0.725 0.60625 16700
0.725 0.60625 16700
0.725 0.60625 16700
0.725 0.60625 16700
0.725 0.60625 16700
0.725 0.60625 16700
0.725 0.60625 16700
0.725 0.60625 16700
0.725 0.60625 16700
0.725 0.60625 16700
0.725 0.60625 16700
0.725 0.60625 16700
0.725 0.60625 16700
0.725 0.60625 16700
0.725 0.60625 16700
0.725 0.60625 16700
0.725 0.60625 16700
0.725 0.60625 16700
0.725 0.60625 16700
0.725 0.60625 16700
0.725 0.60625 16700
0.725 0.60625 16700
0.725 0.60625 16700
0.725 0.60625 16700
0.725 0.60625 16700
0.725 0.60625 16700
0.725 0.60625 16700
0.725 0.60625 16700
0.725 0.60625 16700
0.725 0.60625 16700
0.725 0.60625 16700
0.725 0.60625 16700
0.725 0.60625 16700
0.725 0.60625 16700
0.725 0.60625 16700
0.725 0.60625 16700
0.725 0.60625 16700
0.725 0.609375 16700
0.725 0.6125 16700
0.725 0.6125 16700
0.725 0.6125 16700
0.725 0.6125 16700
0.725 0.6125 16700
0.725 0.6125 16700
0.725 0.6125 16700
0.725 0.6125 16700
0.725 0.6125 16700
0.725 0.6125 16700
0.725 0.6125 16700
0.725 0.6125 16700
0.725 0.6125 16700
0.725 0.6125 16700
0.725 0.6125 16700
0.725 0.6125 16700
0.725 0.6125 16700
0.725 0.6125 16700
0.725 0.6125 16700
0.725 0.6125 16700
0.725 0.6125 16700
0.725 0.6125 16700
0.725 0.6125 16700
0.725 0.6125 16700
0.725 0.6125 16700
0.725 0.6125 16700
0.725 0.6125 16700
0.725 0.6125 16700
0.725 0.6125 16700
0.725 0.6125 16700
0.725 0.6125 16700
0.725 0.6125 16700
0.725 0.6125 16700
0.725 0.6125 16700
0.725 0.6125 16700
0.725 0.6125 16700
0.725 0.6125 16700
0.725 0.6125 16700
0.725 0.6125 16700
0.725 0.6125 16700
0.725 0.6125 16700
0.725 0.6125 16700
0.725 0.6125 16700
0.725 0.6125 16700
0.725 0.6125 16700
0.725 0.6125 16700
0.725 0.6125 16700
0.725 0.6125 16700
0.725 0.6125 16700
0.725 0.6125 16700
0.725 0.6125 16700
0.725 0.6125 16700
0.725 0.6125 16700
0.725 0.6125 16700
0.725 0.6125 16700
0.725 0.6125 16700
0.725 0.6125 16700
0.725 0.6125 16700
0.725 0.6125 16700
0.725 0.6125 16700
0.725 0.6125 16700
0.725 0.6125 16700
0.725 0.6125 16700
0.725 0.6125 16700
0.725 0.6125 16700
0.725 0.6125 16700
0.725 0.6125 16700
0.725 0.6125 16700
0.725 0.6125 16700
0.725 0.6125 16700
0.725 0.6125 16700
0.725 0.6125 16700
0.725 0.6125 16700
0.725 0.6125 16700
0.725 0.6125 16700
0.725 0.6125 16700
0.725 0.6125 16700
0.725 0.6125 16700
0.725 0.6125 16700
0.725 0.6125 16700
0.725 0.6125 16700
0.725 0.6125 16700
0.725 0.6125 16700
0.725 0.6125 16700
0.725 0.6125 16700
0.725 0.6125 16700
0.725 0.6125 16700
0.725 0.6125 16700
0.725 0.6125 16700
0.725 0.6125 16700
0.725 0.6125 16700
0.725 0.6125 16700
0.725 0.6125 16700
0.725 0.6125 16700
0.725 0.6125 16700
0.725 0.6125 16700
0.725 0.6125 16700
0.725 0.6125 16700
0.725 0.6125 16700
0.725 0.6125 16700
0.725 0.6125 16700
0.725 0.6125 16700
0.725 0.6125 16700
0.725 0.6125 16700
0.725 0.6125 16700
0.725 0.6125 16700
0.725 0.6125 16700
0.725 0.6125 16700
0.725 0.6125 16700
0.725 0.6125 16700
0.725 0.6125 16700
0.725 0.6125 16700
0.725 0.6125 16700
0.725 0.6125 16700
0.725 0.6125 16700
0.725 0.6125 16700
0.725 0.6125 16700
0.725 0.6125 16700
0.725 0.6125 16700
0.725 0.6125 16700
0.725 0.6125 16700
0.725 0.6125 16700
0.725 0.6125 16700
0.725 0.6125 16700
0.725 0.6125 16700
0.725 0.6125 16700
0.725 0.6125 16700
0.725 0.6125 16700
0.725 0.6125 16700
0.725 0.6125 16700
0.725 0.6125 16700
0.725 0.6125 16700
0.725 0.6125 16700
0.725 0.6125 16700
0.725 0.6125 16700
0.725 0.6125 16700
0.725 0.6125 16700
0.725 0.61875 16700
0.725 0.61875 16700
0.725 0.61875 16700
0.725 0.61875 16700
0.725 0.61875 16700
0.725 0.61875 16700
0.725 0.61875 16700
0.725 0.61875 16700
0.725 0.61875 16700
0.725 0.61875 16700
0.725 0.61875 16700
0.725 0.61875 16700
0.725 0.61875 16700
0.725 0.61875 16700
0.725 0.61875 16700
0.725 0.61875 16700
0.725 0.61875 16700
0.725 0.61875 16700
0.725 0.61875 16700
0.725 0.61875 16700
0.725 0.61875 16700
0.725 0.61875 16700
0.725 0.61875 16700
0.725 0.61875 16700
0.725 0.61875 16700
0.725 0.61875 16700
0.725 0.61875 16700
0.725 0.61875 16700
0.725 0.61875 16700
0.725 0.61875 16700
0.725 0.61875 16700
0.725 0.61875 16700
0.725 0.61875 16700
0.725 0.61875 16700
0.725 0.61875 16700
0.725 0.61875 16700
0.725 0.61875 16700
0.725 0.61875 16700
0.725 0.61875 16700
0.725 0.61875 16700
0.725 0.61875 16700
0.725 0.61875 16700
0.725 0.61875 16700
0.725 0.61875 16700
0.725 0.61875 16700
0.725 0.61875 16700
0.725 0.61875 16700
0.725 0.61875 16700
0.725 0.61875 16700
0.725 0.61875 16700
0.725 0.61875 16700
0.725 0.61875 16700
0.725 0.61875 16700
0.725 0.61875 16700
0.725 0.61875 16700
0.725 0.61875 16700
0.725 0.61875 16700
0.725 0.61875 16700
0.725 0.61875 16700
0.725 0.61875 16700
0.725 0.61875 16700
0.725 0.61875 16700
0.725 0.61875 16700
0.725 0.61875 16700
0.725 0.61875 16700
0.725 0.61875 16700
0.725 0.61875 16700
0.725 0.61875 16700
0.725 0.61875 16700
0.725 0.61875 16700
0.725 0.61875 16700
0.725 0.61875 16700
0.725 0.61875 16700
0.725 0.61875 16700
0.725 0.61875 16700
0.725 0.61875 16700
0.725 0.61875 16700
0.725 0.61875 16700
0.725 0.61875 16700
0.725 0.61875 16700
0.725 0.61875 16700
0.725 0.61875 16700
0.725 0.61875 16700
0.725 0.61875 16700
0.725 0.61875 16700
0.725 0.61875 16700
0.725 0.61875 16700
0.725 0.61875 16700
0.725 0.61875 16700
0.725 0.61875 16700
0.725 0.61875 16700
0.725 0.61875 16700
0.725 0.61875 16700
0.725 0.61875 16700
0.725 0.61875 16700
0.725 0.61875 16700
0.725 0.61875 16700
0.725 0.61875 16700
0.725 0.61875 16700
0.725 0.61875 16700
0.725 0.61875 16700
0.725 0.61875 16700
0.725 0.61875 16700
0.725 0.61875 16700
0.725 0.61875 16700
0.725 0.61875 16700
0.725 0.61875 16700
0.725 0.61875 16700
0.725 0.61875 16700
0.725 0.61875 16700
0.725 0.61875 16700
0.725 0.61875 16700
0.725 0.61875 16700
0.725 0.61875 16700
0.725 0.61875 16700
0.725 0.61875 16700
0.725 0.61875 16700
0.725 0.61875 16700
0.725 0.61875 16700
0.725 0.61875 16700
0.725 0.61875 16700
0.725 0.61875 16700
0.725 0.61875 16700
0.725 0.61875 16700
0.725 0.61875 16700
0.725 0.61875 16700
0.725 0.61875 16700
0.725 0.61875 16700
0.725 0.61875 16700
0.725 0.61875 16700
0.725 0.61875 16700
0.725 0.61875 16700
0.725 0.61875 16700
0.725 0.61875 16700
0.725 0.61875 16700
0.725 0.61875 16700
0.725 0.61875 16700
0.725 0.61875 16700
0.725 0.61875 16700
0.725 0.61875 16700
0.725 0.61875 16700
0.725 0.61875 16700
0.725 0.61875 16700
0.725 0.61875 16700
0.725 0.61875 16700
0.725 0.61875 16700
0.725 0.61875 16700
0.725 0.61875 16700
0.725 0.61875 16700
0.725 0.61875 16700
0.725 0.61875 16700
0.725 0.61875 16700
0.725 0.61875 16700
0.725 0.61875 16700
0.725 0.61875 16700
0.725 0.61875 16700
0.725 0.61875 16700
0.725 0.61875 16700
0.725 0.61875 16700
0.725 0.61875 16700
0.725 0.61875 16700
0.725 0.61875 16700
0.725 0.61875 16700
0.725 0.61875 16700
0.725 0.61875 16700
0.725 0.61875 16700
0.725 0.61875 16700
0.725 0.61875 16700
0.725 0.61875 16700
0.725 0.61875 16700
0.725 0.61875 16700
0.725 0.61875 16700
0.725 0.61875 16700
0.725 0.61875 16700
0.725 0.61875 16700
0.725 0.61875 16700
0.725 0.61875 16700
0.725 0.61875 16700
0.725 0.61875 16700
0.725 0.61875 16700
0.725 0.61875 16700
0.725 0.61875 16700
0.725 0.61875 16700
0.725 0.61875 16700
0.725 0.61875 16700
0.725 0.61875 16700
0.725 0.61875 16700
0.725 0.61875 16700
0.725 0.61875 16700
0.725 0.61875 16700
0.725 0.61875 16700
0.725 0.61875 16700
0.725 0.61875 16700
0.725 0.61875 16700
0.725 0.61875 16700
0.725 0.61875 16700
0.725 0.61875 16700
0.725 0.61875 16700
0.725 0.61875 16700
0.725 0.61875 16700
0.725 0.61875 16700
0.725 0.61875 16700
0.725 0.61875 16700
0.725 0.61875 16700
0.725 0.61875 16700
0.725 0.61875 16700
0.725 0.61875 16700
0.725 0.61875 16700
0.725 0.61875 16700
0.725 0.61875 16700
0.725 0.61875 16700
0.725 0.61875 16700
0.725 0.61875 16700
0.725 0.61875 16700
0.725 0.61875 16700
0.725 0.61875 16700
0.725 0.61875 16700
0.725 0.61875 16700
0.725 0.61875 16700
0.725 0.61875 16700
0.725 0.61875 16700
0.725 0.61875 16700
0.725 0.61875 16700
0.725 0.61875 16700
0.725 0.61875 16700
0.725 0.61875 16700
0.725 0.61875 16700
0.725 0.61875 16700
0.725 0.61875 16700
0.725 0.61875 16700
0.725 0.61875 16700
0.725 0.61875 16700
0.725 0.61875 16700
0.725 0.61875 16700
0.725 0.61875 16700
0.725 0.61875 16700
0.725 0.61875 16700
0.725 0.61875 16700
0.725 0.61875 16700
0.725 0.61875 16700
0.725 0.61875 16700
0.725 0.61875 16700
0.725 0.61875 16700
0.725 0.61875 16700
0.725 0.61875 16700
0.725 0.61875 16700
0.725 0.61875 16700
0.725 0.61875 16700
0.725 0.61875 16700
0.725 0.61875 16700
0.725 0.61875 16700
0.725 0.61875 16700
0.725 0.61875 16700
0.725 0.61875 16700
0.725 0.61875 16700
0.725 0.61875 16700
0.725 0.61875 16700
0.725 0.61875 16700
0.725 0.61875 16700
0.725 0.61875 16700
0.725 0.61875 16700
0.725 0.61875 16700
0.725 0.61875 16700
0.725 0.61875 16700
0.725 0.61875 16700
0.725 0.61875 16700
0.725 0.61875 16700
0.725 0.61875 16700
0.725 0.61875 16700
0.725 0.61875 16700
0.725 0.61875 16700
0.725 0.61875 16700
0.725 0.61875 16700
0.725 0.61875 16700
0.725 0.61875 16700
0.725 0.61875 16700
0.725 0.61875 16700
0.725 0.61875 16700
0.725 0.61875 16700
0.725 0.61875 16700
0.725 0.61875 16700
0.725 0.61875 16700
0.725 0.61875 16700
0.725 0.61875 16700
0.725 0.61875 16700
0.725 0.61875 16700
0.725 0.61875 16700
0.725 0.61875 16700
0.725 0.61875 16700
0.725 0.61875 16700
0.725 0.61875 16700
0.725 0.61875 16700
0.725 0.61875 16700
0.725 0.61875 16700
0.725 0.61875 16700
0.725 0.61875 16700
0.725 0.61875 16700
0.725 0.61875 16700
0.725 0.61875 16700
0.725 0.61875 16700
0.725 0.61875 16700
0.725 0.61875 16700
0.725 0.61875 16700
0.725 0.61875 16700
0.725 0.61875 16700
0.725 0.61875 16700
0.725 0.61875 16700
0.725 0.61875 16700
0.725 0.61875 16700
0.725 0.61875 16700
0.725 0.61875 16700
0.725 0.61875 16700
0.725 0.61875 16700
0.725 0.61875 16700
0.725 0.61875 16700
0.725 0.61875 16700
0.725 0.61875 16700
0.725 0.61875 16700
0.725 0.61875 16700
0.725 0.61875 16700
0.725 0.61875 16700
0.725 0.61875 16700
0.725 0.61875 16700
0.725 0.61875 16700
0.725 0.61875 16700
0.725 0.61875 16700
0.725 0.61875 16700
0.725 0.61875 16700
0.725 0.61875 16700
0.725 0.61875 16700
0.725 0.61875 16700
0.725 0.61875 16700
0.725 0.61875 16700
0.725 0.61875 16700
0.725 0.61875 16700
0.725 0.61875 16700
0.725 0.61875 16700
0.725 0.61875 16700
0.725 0.61875 16700
0.725 0.61875 16700
0.725 0.61875 16700
0.725 0.61875 16700
0.725 0.61875 16700
0.725 0.61875 16700
0.725 0.61875 16700
0.725 0.61875 16700
0.725 0.61875 16700
0.725 0.61875 16700
0.725 0.61875 16700
0.725 0.61875 16700
0.725 0.61875 16700
0.725 0.61875 16700
0.725 0.61875 16700
0.725 0.61875 16700
0.725 0.61875 16700
0.725 0.61875 16700
0.725 0.61875 16700
0.725 0.61875 16700
0.725 0.61875 16700
0.725 0.61875 16700
0.725 0.61875 16700
0.725 0.61875 16700
0.725 0.61875 16700
0.725 0.61875 16700
0.725 0.61875 16700
0.725 0.61875 16700
0.725 0.61875 16700
0.725 0.61875 16700
0.725 0.61875 16700
0.725 0.61875 16700
0.725 0.61875 16700
0.725 0.61875 16700
0.725 0.61875 16700
0.725 0.61875 16700
0.725 0.61875 16700
0.725 0.61875 16700
0.725 0.61875 16700
0.725 0.61875 16700
0.725 0.61875 16700
0.725 0.61875 16700
0.725 0.61875 16700
0.725 0.61875 16700
0.725 0.61875 16700
0.725 0.61875 16700
0.725 0.61875 16700
0.725 0.61875 16700
0.725 0.61875 16700
0.725 0.61875 16700
0.725 0.61875 16700
0.725 0.61875 16700
0.725 0.61875 16700
0.725 0.61875 16700
0.725 0.61875 16700
0.725 0.61875 16700
0.725 0.61875 16700
0.725 0.61875 16700
0.725 0.61875 16700
0.725 0.61875 16700
0.725 0.61875 16700
0.725 0.61875 16700
0.725 0.61875 16700
0.725 0.61875 16700
0.725 0.61875 16700
0.725 0.61875 16700
0.725 0.61875 16700
0.725 0.61875 16700
0.725 0.61875 16700
0.725 0.61875 16700
0.725 0.61875 16700
0.725 0.61875 16700
0.725 0.61875 16700
0.725 0.61875 16700
0.725 0.61875 16700
0.725 0.61875 16700
0.725 0.61875 16700
0.725 0.61875 16700
0.725 0.61875 16700
0.725 0.61875 16700
0.725 0.61875 16700
0.725 0.61875 16700
0.725 0.61875 16700
0.725 0.61875 16700
0.725 0.61875 16700
0.725 0.61875 16700
0.725 0.61875 16700
0.725 0.61875 16700
0.725 0.61875 16700
0.725 0.61875 16700
0.725 0.61875 16700
0.725 0.61875 16700
0.725 0.61875 16700
0.725 0.61875 16700
0.725 0.61875 16700
0.725 0.61875 16700
0.725 0.61875 16700
0.725 0.61875 16700
0.725 0.61875 16700
0.725 0.61875 16700
0.725 0.61875 16700
0.725 0.61875 16700
0.725 0.61875 16700
0.725 0.61875 16700
0.725 0.61875 16700
0.725 0.61875 16700
0.725 0.61875 16700
0.725 0.61875 16700
0.725 0.61875 16700
0.725 0.61875 16700
0.725 0.61875 16700
0.725 0.61875 16700
0.725 0.61875 16700
0.725 0.61875 16700
0.725 0.61875 16700
0.725 0.61875 16700
0.725 0.61875 16700
0.725 0.61875 16700
0.725 0.61875 16700
0.725 0.61875 16700
0.725 0.61875 16700
0.725 0.61875 16700
0.725 0.61875 16700
0.725 0.61875 16700
0.725 0.61875 16700
0.725 0.61875 16700
0.725 0.61875 16700
0.725 0.61875 16700
0.725 0.61875 16700
0.725 0.61875 16700
0.725 0.61875 16700
0.725 0.61875 16700
0.725 0.61875 16700
0.725 0.61875 16700
0.725 0.61875 16700
0.725 0.61875 16700
0.725 0.61875 16700
0.725 0.61875 16700
0.725 0.61875 16700
0.725 0.61875 16700
0.725 0.61875 16700
0.725 0.61875 16700
0.725 0.61875 16700
0.725 0.61875 16700
0.725 0.61875 16700
0.725 0.61875 16700
0.725 0.61875 16700
0.725 0.61875 16700
0.725 0.61875 16700
0.725 0.61875 16700
0.725 0.61875 16700
0.725 0.61875 16700
0.725 0.61875 16700
0.725 0.61875 16700
0.725 0.61875 16700
0.725 0.61875 16700
0.725 0.61875 16700
0.725 0.61875 16700
0.725 0.61875 16700
0.725 0.61875 16700
0.725 0.61875 16700
0.725 0.61875 16700
0.725 0.61875 16700
0.725 0.61875 16700
0.725 0.61875 16700
0.725 0.61875 16700
0.725 0.61875 16700
0.725 0.61875 16700
0.725 0.61875 16700
0.725 0.61875 16700
0.725 0.61875 16700
0.725 0.61875 16700
0.725 0.61875 16700
0.725 0.61875 16700
0.725 0.61875 16700
0.725 0.61875 16700
0.725 0.61875 16700
0.725 0.61875 16700
0.725 0.61875 16700
0.725 0.61875 16700
0.725 0.61875 16700
0.725 0.61875 16700
0.725 0.61875 16700
0.725 0.61875 16700
0.725 0.61875 16700
0.725 0.61875 16700
0.725 0.61875 16700
0.725 0.61875 16700
0.725 0.61875 16700
0.725 0.61875 16700
0.725 0.61875 16700
0.725 0.61875 16700
0.725 0.61875 16700
0.725 0.61875 16700
0.725 0.61875 16700
0.725 0.61875 16700
0.725 0.61875 16700
0.725 0.61875 16700
0.725 0.61875 16700
0.725 0.61875 16700
0.725 0.61875 16700
0.725 0.61875 16700
0.725 0.61875 16700
0.725 0.61875 16700
0.725 0.61875 16700
0.725 0.61875 16700
0.725 0.61875 16700
0.725 0.61875 16700
0.725 0.61875 16700
0.725 0.61875 16700
0.725 0.61875 16700
0.725 0.61875 16700
0.725 0.61875 16700
0.725 0.61875 16700
0.725 0.61875 16700
0.725 0.61875 16700
0.725 0.61875 16700
0.725 0.61875 16700
0.725 0.61875 16700
0.725 0.61875 16700
0.725 0.61875 16700
0.725 0.61875 16700
0.725 0.61875 16700
0.725 0.61875 16700
0.725 0.61875 16700
0.725 0.61875 16700
0.725 0.61875 16700
0.725 0.61875 16700
0.725 0.61875 16700
0.725 0.61875 16700
0.725 0.61875 16700
0.725 0.61875 16700
0.725 0.61875 16700
0.725 0.61875 16700
0.725 0.61875 16700
0.725 0.61875 16700
0.725 0.61875 16700
0.725 0.61875 16700
0.725 0.61875 16700
0.725 0.61875 16700
0.725 0.61875 16700
0.725 0.61875 16700
0.725 0.61875 16700
0.725 0.61875 16700
0.725 0.61875 16700
0.725 0.61875 16700
0.725 0.61875 16700
0.725 0.61875 16700
0.725 0.61875 16700
0.725 0.61875 16700
0.725 0.61875 16700
0.725 0.61875 16700
0.725 0.61875 16700
0.725 0.61875 16700
0.725 0.61875 16700
0.725 0.61875 16700
0.725 0.61875 16700
0.725 0.61875 16700
0.725 0.61875 16700
0.725 0.61875 16700
0.725 0.61875 16700
0.725 0.61875 16700
0.725 0.61875 16700
0.725 0.61875 16700
0.725 0.61875 16700
0.725 0.61875 16700
0.725 0.61875 16700
0.725 0.61875 16700
0.725 0.61875 16700
0.725 0.61875 16700
0.725 0.61875 16700
0.725 0.61875 16700
0.725 0.61875 16700
0.725 0.61875 16700
0.725 0.61875 16700
0.725 0.61875 16700
0.725 0.61875 16700
0.725 0.61875 16700
0.725 0.61875 16700
0.725 0.61875 16700
0.725 0.61875 16700
0.725 0.61875 16700
0.725 0.61875 16700
0.725 0.61875 16700
0.725 0.61875 16700
0.725 0.61875 16700
0.725 0.61875 16700
0.725 0.61875 16700
0.725 0.61875 16700
0.725 0.61875 16700
0.725 0.61875 16700
0.725 0.61875 16700
0.725 0.61875 16700
0.725 0.61875 16700
0.725 0.61875 16700
0.725 0.61875 16700
0.725 0.61875 16700
0.725 0.61875 16700
0.725 0.61875 16700
0.725 0.61875 16700
0.725 0.61875 16700
0.725 0.61875 16700
0.725 0.61875 16700
0.725 0.61875 16700
0.725 0.61875 16700
0.725 0.61875 16700
0.725 0.61875 16700
0.725 0.61875 16700
0.725 0.61875 16700
0.725 0.61875 16700
0.725 0.61875 16700
0.725 0.61875 16700
0.725 0.61875 16700
0.725 0.61875 16700
0.725 0.61875 16700
0.725 0.61875 16700
0.725 0.61875 16700
0.725 0.61875 16700
0.725 0.61875 16700
0.725 0.61875 16700
0.725 0.61875 16700
0.725 0.61875 16700
0.725 0.61875 16700
0.725 0.61875 16700
0.725 0.61875 16700
0.725 0.61875 16700
0.725 0.61875 16700
0.725 0.61875 16700
0.725 0.61875 16700
0.725 0.61875 16700
0.725 0.61875 16700
0.725 0.61875 16700
0.725 0.61875 16700
0.725 0.61875 16700
0.725 0.61875 16700
0.725 0.61875 16700
0.725 0.61875 16700
0.725 0.61875 16700
0.725 0.61875 16700
0.725 0.61875 16700
0.725 0.61875 16700
0.725 0.61875 16700
0.725 0.61875 16700
0.725 0.61875 16700
0.725 0.61875 16700
0.725 0.61875 16700
0.725 0.61875 16700
0.725 0.61875 16700
0.725 0.61875 16700
0.725 0.61875 16700
0.725 0.61875 16700
0.725 0.61875 16700
0.725 0.61875 16700
0.725 0.61875 16700
0.725 0.61875 16700
0.725 0.61875 16700
0.725 0.61875 16700
0.725 0.61875 16700
0.725 0.61875 16700
0.725 0.61875 16700
0.725 0.61875 16700
0.725 0.61875 16700
0.725 0.61875 16700
0.725 0.61875 16700
0.725 0.61875 16700
0.725 0.61875 16700
0.725 0.61875 16700
0.725 0.61875 16700
0.725 0.61875 16700
0.725 0.61875 16700
0.725 0.61875 16700
0.725 0.61875 16700
0.725 0.61875 16700
0.725 0.61875 16700
0.725 0.61875 16700
0.725 0.61875 16700
0.725 0.61875 16700
0.725 0.61875 16700
0.725 0.61875 16700
0.725 0.61875 16700
0.725 0.61875 16700
0.725 0.61875 16700
0.725 0.61875 16700
0.725 0.61875 16700
0.725 0.61875 16700
0.725 0.61875 16700
0.725 0.61875 16700
0.725 0.61875 16700
0.725 0.61875 16700
0.725 0.61875 16700
0.725 0.61875 16700
0.725 0.61875 16700
0.725 0.61875 16700
0.725 0.61875 16700
0.725 0.61875 16700
0.725 0.61875 16700
0.725 0.61875 16700
0.725 0.61875 16700
0.725 0.61875 16700
0.725 0.61875 16700
0.725 0.61875 16700
0.725 0.61875 16700
0.725 0.61875 16700
0.725 0.61875 16700
0.725 0.61875 16700
0.725 0.61875 16700
0.725 0.61875 16700
0.725 0.61875 16700
0.725 0.61875 16700
0.725 0.61875 16700
0.725 0.61875 16700
0.725 0.61875 16700
0.725 0.61875 16700
0.725 0.61875 16700
0.725 0.61875 16700
0.725 0.61875 16700
0.725 0.61875 16700
0.725 0.61875 16700
0.725 0.61875 16700
0.725 0.61875 16700
0.725 0.61875 16700
0.725 0.61875 16700
0.725 0.61875 16700
0.725 0.61875 16700
0.725 0.61875 16700
0.725 0.61875 16700
0.725 0.61875 16700
0.725 0.61875 16700
0.725 0.61875 16700
0.725 0.61875 16700
0.725 0.61875 16700
0.725 0.61875 16700
0.725 0.61875 16700
0.725 0.61875 16700
0.725 0.61875 16700
0.725 0.61875 16700
0.725 0.61875 16700
0.725 0.61875 16700
0.725 0.61875 16700
0.725 0.61875 16700
0.725 0.61875 16700
0.725 0.61875 16700
0.725 0.61875 16700
0.725 0.61875 16700
0.725 0.61875 16700
0.725 0.61875 16700
0.725 0.61875 16700
0.725 0.61875 16700
0.725 0.61875 16700
0.725 0.61875 16700
0.725 0.61875 16700
0.725 0.61875 16700
0.725 0.61875 16700
0.725 0.61875 16700
0.725 0.61875 16700
0.725 0.61875 16700
0.725 0.61875 16700
0.725 0.61875 16700
0.725 0.61875 16700
0.725 0.61875 16700
0.725 0.61875 16700
0.725 0.61875 16700
0.725 0.61875 16700
0.725 0.61875 16700
0.725 0.61875 16700
0.725 0.61875 16700
0.725 0.61875 16700
0.725 0.61875 16700
0.725 0.61875 16700
0.725 0.61875 16700
0.725 0.61875 16700
0.725 0.61875 16700
0.725 0.61875 16700
0.725 0.61875 16700
0.725 0.61875 16700
0.725 0.61875 16700
0.725 0.61875 16700
0.725 0.6125 16700
0.725 0.6125 16700
0.725 0.6125 16700
0.725 0.6125 16700
0.725 0.6125 16700
0.725 0.6125 16700
0.725 0.6125 16700
0.725 0.6125 16700
0.725 0.6125 16700
0.725 0.6125 16700
0.725 0.6125 16700
0.725 0.6125 16700
0.725 0.6125 16700
0.725 0.6125 16700
0.725 0.6125 16700
0.725 0.6125 16700
0.725 0.61875 16700
0.725 0.61875 16700
0.725 0.61875 16700
0.725 0.61875 16700
0.725 0.61875 16700
0.725 0.61875 16700
0.725 0.61875 16700
0.725 0.61875 16700
0.725 0.61875 16700
0.725 0.61875 16700
0.725 0.61875 16700
0.725 0.61875 16700
0.725 0.61875 16700
0.725 0.61875 16700
0.725 0.61875 16700
0.725 0.61875 16700
0.725 0.61875 16700
0.725 0.61875 16700
0.725 0.61875 16700
0.725 0.61875 16700
0.725 0.61875 16700
0.725 0.61875 16700
0.725 0.61875 16700
0.725 0.61875 16700
0.725 0.61875 16700
0.725 0.61875 16700
0.725 0.61875 16700
0.725 0.61875 16700
0.725 0.61875 16700
0.725 0.61875 16700
0.725 0.61875 16700
0.725 0.61875 16700
0.725 0.61875 16700
0.725 0.61875 16700
0.725 0.61875 16700
0.725 0.61875 16700
0.725 0.61875 16700
0.725 0.61875 16700
0.725 0.61875 16700
0.725 0.61875 16700
0.725 0.61875 16700
0.725 0.61875 16700
0.725 0.61875 16700
0.725 0.61875 16700
0.725 0.61875 16700
0.725 0.61875 16700
0.725 0.61875 16700
0.725 0.61875 16700
0.725 0.61875 16700
0.725 0.61875 16700
0.725 0.61875 16700
0.725 0.61875 16700
0.725 0.61875 16700
0.725 0.61875 16700
0.725 0.61875 16700
0.725 0.61875 16700
0.725 0.61875 16700
0.725 0.61875 16700
0.725 0.61875 16700
0.725 0.61875 16700
0.725 0.61875 16700
0.725 0.61875 16700
0.725 0.61875 16700
0.725 0.61875 16700
0.725 0.61875 16700
0.725 0.61875 16700
0.725 0.61875 16700
0.725 0.61875 16700
0.725 0.61875 16700
0.725 0.61875 16700
0.725 0.61875 16700
0.725 0.61875 16700
0.725 0.61875 16700
0.725 0.61875 16700
0.725 0.61875 16700
0.725 0.61875 16700
0.725 0.61875 16700
0.725 0.61875 16700
0.725 0.61875 16700
0.725 0.61875 16700
0.725 0.61875 16700
0.725 0.61875 16700
0.725 0.61875 16700
0.725 0.61875 16700
0.725 0.61875 16700
0.725 0.61875 16700
0.725 0.61875 16700
0.725 0.61875 16700
0.725 0.61875 16700
0.725 0.61875 16700
0.725 0.61875 16700
0.725 0.61875 16700
0.725 0.61875 16700
0.725 0.61875 16700
0.725 0.61875 16700
0.725 0.61875 16700
0.725 0.61875 16700
0.725 0.61875 16700
0.725 0.61875 16700
0.725 0.61875 16700
0.725 0.61875 16700
0.725 0.61875 16700
0.725 0.61875 16700
0.725 0.61875 16700
0.725 0.61875 16700
0.725 0.61875 16700
0.725 0.61875 16700
0.725 0.61875 16700
0.725 0.61875 16700
0.725 0.61875 16700
0.725 0.61875 16700
0.725 0.61875 16700
0.725 0.61875 16700
0.725 0.61875 16700
0.725 0.61875 16700
0.725 0.61875 16700
0.725 0.61875 16700
0.725 0.61875 16700
0.725 0.61875 16700
0.725 0.61875 16700
0.725 0.61875 16700
0.725 0.61875 16700
0.725 0.61875 16700
0.725 0.61875 16700
0.725 0.61875 16700
0.725 0.61875 16700
0.725 0.61875 16700
0.725 0.61875 16700
0.725 0.61875 16700
0.725 0.61875 16700
0.725 0.61875 16700
0.725 0.61875 16700
0.725 0.61875 16700
0.725 0.61875 16700
0.725 0.61875 16700
0.725 0.61875 16700
0.725 0.61875 16700
0.725 0.61875 16700
0.725 0.61875 16700
0.725 0.61875 16700
0.725 0.61875 16700
0.725 0.61875 16700
0.725 0.61875 16700
0.725 0.61875 16700
0.725 0.61875 16700
0.725 0.61875 16700
0.725 0.61875 16700
0.725 0.61875 16700
0.725 0.61875 16700
0.725 0.61875 16700
0.725 0.61875 16700
0.725 0.61875 16700
0.725 0.61875 16700
0.725 0.61875 16700
0.725 0.61875 16700
0.725 0.61875 16700
0.725 0.61875 16700
0.725 0.61875 16700
0.725 0.61875 16700
0.725 0.61875 16700
0.725 0.61875 16700
0.725 0.61875 16700
0.725 0.61875 16700
0.725 0.61875 16700
0.725 0.61875 16700
0.725 0.61875 16700
0.725 0.61875 16700
0.725 0.61875 16700
0.725 0.61875 16700
0.725 0.61875 16700
0.725 0.61875 16700
0.725 0.61875 16700
0.725 0.61875 16700
0.725 0.61875 16700
0.725 0.61875 16700
0.725 0.61875 16700
0.725 0.61875 16700
0.725 0.61875 16700
0.725 0.61875 16700
0.725 0.61875 16700
0.725 0.61875 16700
0.725 0.61875 16700
0.725 0.61875 16700
0.725 0.61875 16700
0.725 0.61875 16700
0.725 0.61875 16700
0.725 0.61875 16700
0.725 0.61875 16700
0.725 0.61875 16700
0.725 0.61875 16700
0.725 0.61875 16700
0.725 0.61875 16700
0.725 0.61875 16700
0.725 0.61875 16700
0.725 0.61875 16700
0.725 0.61875 16700
0.725 0.61875 16700
0.725 0.61875 16700
0.725 0.61875 16700
0.725 0.61875 16700
0.725 0.61875 16700
0.725 0.61875 16700
0.725 0.61875 16700
0.725 0.61875 16700
0.725 0.61875 16700
0.725 0.61875 16700
0.725 0.61875 16700
0.725 0.61875 16700
0.725 0.61875 16700
0.725 0.61875 16700
0.725 0.61875 16700
0.725 0.61875 16700
0.725 0.61875 16700
0.725 0.61875 16700
0.725 0.61875 16700
0.725 0.61875 16700
0.725 0.61875 16700
0.725 0.61875 16700
0.725 0.61875 16700
0.725 0.61875 16700
0.725 0.61875 16700
0.725 0.61875 16700
0.725 0.61875 16700
0.725 0.61875 16700
0.725 0.61875 16700
0.725 0.61875 16700
0.725 0.61875 16700
0.725 0.61875 16700
0.725 0.61875 16700
0.725 0.61875 16700
0.725 0.61875 16700
0.725 0.61875 16700
0.725 0.61875 16700
0.725 0.61875 16700
0.725 0.61875 16700
0.725 0.61875 16700
0.725 0.61875 16700
0.725 0.61875 16700
0.725 0.61875 16700
0.725 0.61875 16700
0.725 0.61875 16700
0.725 0.61875 16700
0.725 0.61875 16700
0.725 0.61875 16700
0.725 0.61875 16700
0.725 0.61875 16700
0.725 0.61875 16700
0.725 0.61875 16700
0.725 0.61875 16700
0.725 0.61875 16700
0.725 0.61875 16700
0.725 0.61875 16700
0.725 0.61875 16700
0.725 0.61875 16700
0.725 0.61875 16700
0.725 0.61875 16700
0.725 0.61875 16700
0.725 0.61875 16700
0.725 0.61875 16700
0.725 0.61875 16700
0.725 0.61875 16700
0.725 0.61875 16700
0.725 0.61875 16700
0.725 0.61875 16700
0.725 0.61875 16700
0.725 0.61875 16700
0.725 0.61875 16700
0.725 0.61875 16700
0.725 0.61875 16700
0.725 0.61875 16700
0.725 0.61875 16700
0.725 0.61875 16700
0.725 0.61875 16700
0.725 0.61875 16700
0.725 0.61875 16700
0.725 0.61875 16700
0.725 0.61875 16700
0.725 0.61875 16700
0.725 0.61875 16700
0.725 0.61875 16700
0.725 0.61875 16700
0.725 0.61875 16700
0.725 0.61875 16700
0.725 0.61875 16700
0.725 0.61875 16700
0.725 0.61875 16700
0.725 0.61875 16700
0.725 0.61875 16700
0.725 0.61875 16700
0.725 0.61875 16700
0.725 0.61875 16700
0.725 0.61875 16700
0.725 0.61875 16700
0.725 0.61875 16700
0.725 0.61875 16700
0.725 0.61875 16700
0.725 0.61875 16700
0.725 0.61875 16700
0.725 0.61875 16700
0.725 0.61875 16700
0.725 0.61875 16700
0.725 0.61875 16700
0.725 0.61875 16700
0.725 0.61875 16700
0.725 0.61875 16700
0.725 0.61875 16700
0.725 0.61875 16700
0.725 0.61875 16700
0.725 0.61875 16700
0.725 0.61875 16700
0.725 0.61875 16700
0.725 0.61875 16700
0.725 0.61875 16700
0.725 0.61875 16700
0.725 0.61875 16700
0.725 0.61875 16700
0.725 0.61875 16700
0.725 0.61875 16700
0.725 0.61875 16700
0.725 0.61875 16700
0.725 0.61875 16700
0.725 0.61875 16700
0.725 0.61875 16700
0.725 0.61875 16700
0.725 0.61875 16700
0.725 0.61875 16700
0.725 0.61875 16700
0.725 0.61875 16700
0.725 0.61875 16700
0.725 0.61875 16700
0.725 0.61875 16700
0.725 0.61875 16700
0.725 0.61875 16700
0.725 0.61875 16700
0.725 0.61875 16700
0.725 0.61875 16700
0.725 0.61875 16700
0.725 0.61875 16700
0.725 0.61875 16700
0.725 0.61875 16700
0.725 0.61875 16700
0.725 0.61875 16700
0.725 0.61875 16700
0.725 0.61875 16700
0.725 0.61875 16700
0.725 0.61875 16700
0.725 0.61875 16700
0.725 0.61875 16700
0.725 0.61875 16700
0.725 0.61875 16700
0.725 0.61875 16700
0.725 0.61875 16700
0.725 0.61875 16700
0.725 0.61875 16700
0.725 0.61875 16700
0.725 0.61875 16700
0.725 0.61875 16700
0.725 0.61875 16700
0.725 0.61875 16700
0.725 0.61875 16700
0.725 0.61875 16700
0.725 0.61875 16700
0.725 0.61875 16700
0.725 0.61875 16700
0.725 0.61875 16700
0.725 0.61875 16700
0.725 0.61875 16700
0.725 0.61875 16700
0.725 0.61875 16700
0.725 0.61875 16700
0.725 0.61875 16700
0.725 0.61875 16700
0.725 0.61875 16700
0.725 0.61875 16700
0.725 0.61875 16700
0.725 0.61875 16700
0.725 0.61875 16700
0.725 0.61875 16700
0.725 0.61875 16700
0.725 0.61875 16700
0.725 0.61875 16700
0.725 0.61875 16700
0.725 0.61875 16700
0.725 0.61875 16700
0.725 0.61875 16700
0.725 0.61875 16700
0.725 0.61875 16700
0.725 0.61875 16700
0.725 0.61875 16700
0.725 0.61875 16700
0.725 0.61875 16700
0.725 0.61875 16700
0.725 0.61875 16700
0.725 0.61875 16700
0.725 0.61875 16700
0.725 0.61875 16700
0.725 0.61875 16700
0.725 0.61875 16700
0.725 0.61875 16700
0.725 0.61875 16700
0.725 0.61875 16700
0.725 0.61875 16700
0.725 0.61875 16700
0.725 0.61875 16700
0.725 0.61875 16700
0.725 0.61875 16700
0.725 0.61875 16700
0.725 0.61875 16700
0.725 0.61875 16700
0.725 0.61875 16700
0.725 0.61875 16700
0.725 0.61875 16700
0.725 0.61875 16700
0.725 0.61875 16700
0.725 0.61875 16700
0.725 0.61875 16700
0.725 0.61875 16700
0.725 0.61875 16700
0.725 0.61875 16700
0.725 0.61875 16700
0.725 0.61875 16700
0.725 0.61875 16700
0.725 0.61875 16700
0.725 0.61875 16700
0.725 0.61875 16700
0.725 0.61875 16700
0.725 0.61875 16700
0.725 0.61875 16700
0.725 0.61875 16700
0.725 0.61875 16700
0.725 0.61875 16700
0.725 0.61875 16700
0.725 0.61875 16700
0.725 0.61875 16700
0.725 0.61875 16700
0.725 0.61875 16700
0.725 0.61875 16700
0.725 0.625 16700
0.725 0.625 16700
0.725 0.625 16700
0.725 0.625 16700
0.725 0.625 16700
0.725 0.625 16700
0.725 0.625 16700
0.725 0.625 16700
0.725 0.625 16700
0.725 0.625 16700
0.725 0.625 16700
0.725 0.625 16700
0.725 0.625 16700
0.725 0.625 16700
0.725 0.625 16700
0.725 0.625 16700
0.725 0.625 16700
0.725 0.625 16700
0.725 0.625 16700
0.725 0.625 16700
0.725 0.625 16700
0.725 0.625 16700
0.725 0.625 16700
0.725 0.625 16700
0.725 0.625 16700
0.725 0.625 16700
0.725 0.625 16700
0.725 0.625 16700
0.725 0.625 16700
0.725 0.625 16700
0.725 0.625 16700
0.725 0.625 16700
0.725 0.625 16700
0.725 0.625 16700
0.725 0.625 16700
0.725 0.625 16700
0.725 0.625 16700
0.725 0.625 16700
0.725 0.625 16700
0.725 0.625 16700
0.725 0.625 16700
0.725 0.625 16700
0.725 0.625 16700
0.725 0.625 16700
0.725 0.625 16700
0.725 0.625 16700
0.725 0.625 16700
0.725 0.625 16700
0.725 0.625 16700
0.725 0.625 16700
0.725 0.625 16700
0.725 0.625 16700
0.725 0.625 16700
0.725 0.625 16700
0.725 0.625 16700
0.725 0.625 16700
0.725 0.625 16700
0.725 0.625 16700
0.725 0.625 16700
0.725 0.625 16700
0.725 0.625 16700
0.725 0.625 16700
0.725 0.625 16700
0.725 0.625 16700
0.725 0.625 16700
0.725 0.625 16700
0.725 0.625 16700
0.725 0.625 16700
0.725 0.625 16700
0.725 0.625 16700
0.725 0.625 16700
0.725 0.625 16700
0.725 0.625 16700
0.725 0.625 16700
0.725 0.625 16700
0.725 0.625 16700
0.725 0.625 16700
0.725 0.625 16700
0.725 0.625 16700
0.725 0.625 16700
0.725 0.625 16700
0.725 0.625 16700
0.725 0.625 16700
0.725 0.625 16700
0.725 0.625 16700
0.725 0.625 16700
0.725 0.625 16700
0.725 0.625 16700
0.725 0.625 16700
0.725 0.625 16700
0.725 0.625 16700
0.725 0.625 16700
0.725 0.625 16700
0.725 0.625 16700
0.725 0.625 16700
0.725 0.625 16700
0.725 0.625 16700
0.725 0.625 16700
0.725 0.625 16700
0.725 0.625 16700
0.725 0.625 16700
0.725 0.625 16700
0.725 0.625 16700
0.725 0.625 16700
0.725 0.625 16700
0.725 0.625 16700
0.725 0.625 16700
0.725 0.625 16700
0.725 0.625 16700
0.725 0.625 16700
0.725 0.625 16700
0.725 0.625 16700
0.725 0.625 16700
0.725 0.625 16700
0.725 0.625 16700
0.725 0.625 16700
0.725 0.625 16700
0.725 0.625 16700
0.725 0.625 16700
0.725 0.625 16700
0.725 0.625 16700
0.725 0.625 16700
0.725 0.625 16700
0.725 0.625 16700
0.725 0.625 16700
0.725 0.625 16700
0.725 0.625 16700
0.725 0.625 16700
0.725 0.625 16700
0.725 0.625 16700
0.725 0.625 16700
0.725 0.625 16700
0.725 0.625 16700
0.725 0.625 16700
0.725 0.625 16700
0.725 0.625 16700
0.725 0.625 16700
0.725 0.625 16700
0.725 0.625 16700
0.725 0.625 16700
0.725 0.625 16700
0.725 0.625 16700
0.725 0.625 16700
0.725 0.625 16700
0.725 0.625 16700
0.725 0.63125 16700
0.725 0.63125 16700
0.725 0.63125 16700
0.725 0.63125 16700
0.725 0.63125 16700
0.725 0.63125 16700
0.725 0.63125 16700
0.725 0.63125 16700
0.725 0.63125 16700
0.725 0.63125 16700
0.725 0.63125 16700
0.725 0.63125 16700
0.725 0.63125 16700
0.725 0.63125 16700
0.725 0.63125 16700
0.725 0.63125 16700
0.725 0.63125 16700
0.725 0.63125 16700
0.725 0.63125 16700
0.725 0.63125 16700
0.725 0.63125 16700
0.725 0.63125 16700
0.725 0.63125 16700
0.725 0.63125 16700
0.725 0.63125 16700
0.725 0.63125 16700
0.725 0.63125 16700
0.725 0.63125 16700
0.725 0.63125 16700
0.725 0.63125 16700
0.725 0.63125 16700
0.725 0.63125 16700
0.725 0.63125 16700
0.725 0.63125 16700
0.725 0.63125 16700
0.725 0.63125 16700
0.725 0.63125 16700
0.725 0.63125 16700
0.725 0.63125 16700
0.725 0.63125 16700
0.725 0.63125 16700
0.725 0.63125 16700
0.725 0.63125 16700
0.725 0.63125 16700
0.725 0.63125 16700
0.725 0.63125 16700
0.725 0.63125 16700
0.725 0.63125 16700
0.725 0.63125 16700
0.725 0.63125 16700
0.725 0.6375 16700
0.725 0.6375 16700
0.725 0.6375 16700
0.725 0.6375 16700
0.725 0.6375 16700
0.725 0.6375 16700
0.725 0.6375 16700
0.725 0.6375 16700
0.725 0.6375 16700
0.725 0.64375 16700
0.725 0.64375 16700
0.725 0.64375 16700
0.725 0.64375 16700
0.725 0.64375 16700
0.725 0.64375 16700
0.725 0.64375 16700
0.725 0.64375 16700
0.725 0.64375 16700
0.725 0.64375 16700
0.725 0.64375 16700
0.725 0.64375 16700
0.725 0.64375 16700
0.725 0.64375 16700
0.725 0.64375 16700
0.725 0.64375 16700
0.725 0.64375 16700
0.725 0.64375 16700
0.725 0.64375 16700
0.725 0.64375 16700
0.725 0.64375 16700
0.725 0.64375 16700
0.725 0.64375 16700
0.725 0.64375 16700
0.725 0.64375 16700
0.725 0.64375 16700
0.725 0.64375 16700
0.725 0.64375 16700
0.725 0.64375 16700
0.725 0.64375 16700
0.725 0.64375 16700
0.725 0.64375 16700
0.725 0.64375 16700
0.725 0.64375 16700
0.725 0.64375 16700
0.725 0.64375 16700
0.725 0.64375 16700
0.725 0.64375 16700
0.725 0.64375 16700
0.725 0.64375 16700
0.725 0.64375 16700
0.725 0.64375 16700
0.725 0.64375 16700
0.725 0.64375 16700
0.725 0.64375 16700
0.725 0.64375 16700
0.725 0.64375 16700
0.725 0.64375 16700
0.725 0.64375 16700
0.725 0.64375 16700
0.725 0.64375 16700
0.725 0.64375 16700
0.725 0.64375 16700
