0.628125 0.584375 536
0.63125 0.565625 1348
0.646875 0.58125 1588
0.665625 0.6 1828
0.665625 0.60625 2038
0.65625 0.59375 2248
0.653125 0.596875 2458
0.64375 0.596875 2640
0.64375 0.6125 2822
0.653125 0.615625 3004
0.65 0.6 3160
0.65625 0.60625 3316
0.6625 0.6125 3448
0.675 0.625 3580
0.671875 0.63125 3712
0.675 0.625 3844
0.675 0.625 3976
0.671875 0.61875 4108
0.671875 0.6125 4218
0.671875 0.628125 4328
0.671875 0.640625 4418
0.66875 0.634375 4508
0.665625 0.621875 4598
0.665625 0.625 4688
0.665625 0.625 4778
0.66875 0.63125 4868
0.665625 0.634375 4958
0.665625 0.621875 5048
0.665625 0.6125 5138
0.665625 0.609375 5228
0.6625 0.609375 5318
0.665625 0.609375 5390
0.6625 0.628125 5462
0.6625 0.615625 5534
0.6625 0.615625 5606
0.6625 0.63125 5678
0.6625 0.615625 5750
0.6625 0.621875 5806
0.6625 0.615625 5862
0.659375 0.615625 5918
0.659375 0.60625 5974
0.65625 0.6125 6030
0.65625 0.61875 6086
0.659375 0.621875 6142
0.659375 0.625 6198
0.659375 0.625 6254
0.659375 0.640625 6310
0.659375 0.63125 6366
0.659375 0.64375 6422
0.65625 0.63125 6478
0.65625 0.634375 6534
0.653125 0.61875 6576
0.653125 0.61875 6618
0.66875 0.628125 6660
0.66875 0.628125 6702
0.66875 0.634375 6744
0.66875 0.634375 6786
0.665625 0.634375 6828
0.665625 0.634375 6870
0.665625 0.6375 6912
0.665625 0.634375 6954
0.659375 0.646875 6996
0.6625 0.646875 7038
0.6625 0.646875 7080
0.659375 0.646875 7122
0.659375 0.646875 7164
0.659375 0.640625 7206
0.659375 0.640625 7248
0.659375 0.640625 7290
0.6625 0.640625 7332
0.6625 0.640625 7374
0.6625 0.640625 7416
0.6625 0.634375 7458
0.6625 0.634375 7500
0.659375 0.634375 7542
0.659375 0.6375 7584
0.659375 0.640625 7626
0.66875 0.653125 7668
0.6625 0.65 7710
0.6625 0.646875 7752
0.6625 0.64375 7794
0.6625 0.640625 7836
0.6625 0.634375 7878
0.659375 0.634375 7920
0.65625 0.646875 7962
0.659375 0.646875 8004
0.659375 0.646875 8046
0.659375 0.646875 8088
0.659375 0.646875 8130
0.65625 0.653125 8172
0.65625 0.6375 8202
0.65625 0.634375 8232
0.65625 0.634375 8262
0.65625 0.63125 8292
0.6625 0.659375 8322
0.6625 0.653125 8352
0.6625 0.653125 8382
0.6625 0.653125 8412
0.6625 0.653125 8442
0.6625 0.653125 8472
0.6625 0.653125 8502
0.6625 0.653125 8532
0.6625 0.659375 8562
0.6625 0.659375 8592
0.6625 0.659375 8622
0.6625 0.659375 8652
0.6625 0.659375 8682
0.6625 0.659375 8712
0.6625 0.659375 8742
0.6625 0.659375 8772
0.6625 0.659375 8802
0.6625 0.659375 8832
0.6625 0.659375 8862
0.6625 0.659375 8892
0.6625 0.659375 8922
0.6625 0.6625 8952
0.6625 0.659375 8982
0.6625 0.659375 9012
0.6625 0.6625 9042
0.6625 0.665625 9072
0.6625 0.665625 9102
0.659375 0.66875 9132
0.65625 0.671875 9162
0.659375 0.671875 9192
0.659375 0.671875 9222
0.6625 0.665625 9252
0.665625 0.665625 9282
0.665625 0.665625 9312
0.665625 0.659375 9342
0.665625 0.659375 9372
0.665625 0.659375 9402
0.665625 0.659375 9432
0.665625 0.659375 9462
0.665625 0.659375 9492
0.665625 0.659375 9522
0.665625 0.653125 9552
0.665625 0.653125 9582
0.665625 0.653125 9612
0.665625 0.653125 9642
0.6625 0.65 9672
0.6625 0.65 9702
0.6625 0.65 9732
0.6625 0.65 9762
0.6625 0.65 9792
0.665625 0.65 9822
0.665625 0.65 9852
0.665625 0.65 9882
0.6625 0.65 9912
0.6625 0.65 9932
0.6625 0.65 9952
0.6625 0.65 9972
0.66875 0.6625 9992
0.66875 0.6625 10012
0.66875 0.6625 10032
0.66875 0.6625 10052
0.66875 0.6625 10072
0.66875 0.6625 10092
0.66875 0.6625 10112
0.66875 0.6625 10132
0.66875 0.6625 10152
0.66875 0.6625 10172
0.66875 0.6625 10192
0.66875 0.6625 10212
0.66875 0.6625 10232
0.66875 0.6625 10252
0.66875 0.6625 10272
0.66875 0.6625 10292
0.66875 0.6625 10312
0.66875 0.6625 10332
0.66875 0.6625 10352
0.66875 0.6625 10372
0.66875 0.6625 10392
0.66875 0.6625 10412
0.66875 0.6625 10432
0.66875 0.6625 10452
0.66875 0.6625 10472
0.66875 0.6625 10492
0.66875 0.6625 10512
0.66875 0.6625 10532
0.66875 0.6625 10552
0.66875 0.6625 10572
0.66875 0.6625 10592
0.665625 0.6625 10612
0.6625 0.6625 10632
0.6625 0.6625 10652
0.6625 0.6625 10672
0.6625 0.6625 10692
0.6625 0.6625 10712
0.6625 0.6625 10732
0.6625 0.6625 10752
0.6625 0.6625 10772
0.6625 0.6625 10792
0.6625 0.6625 10812
0.6625 0.665625 10832
0.6625 0.665625 10852
0.6625 0.665625 10872
0.6625 0.665625 10892
0.6625 0.665625 10912
0.6625 0.665625 10932
0.6625 0.665625 10952
0.6625 0.665625 10972
0.6625 0.6625 10992
0.6625 0.6625 11012
0.6625 0.6625 11032
0.6625 0.6625 11052
0.6625 0.6625 11072
0.6625 0.6625 11092
0.6625 0.6625 11112
0.6625 0.6625 11132
0.6625 0.6625 11152
0.6625 0.6625 11172
0.6625 0.6625 11192
0.6625 0.6625 11212
0.6625 0.6625 11232
0.6625 0.6625 11252
0.6625 0.6625 11272
0.6625 0.6625 11292
0.6625 0.6625 11312
0.6625 0.6625 11332
0.659375 0.6625 11352
0.659375 0.6625 11372
0.659375 0.6625 11392
0.659375 0.6625 11412
0.659375 0.6625 11432
0.659375 0.6625 11452
0.659375 0.6625 11472
0.659375 0.6625 11492
0.659375 0.6625 11512
0.659375 0.6625 11532
0.659375 0.6625 11552
0.659375 0.6625 11572
0.659375 0.6625 11592
0.659375 0.6625 11612
0.659375 0.6625 11632
0.659375 0.6625 11652
0.659375 0.6625 11672
0.659375 0.6625 11692
0.659375 0.6625 11712
0.659375 0.6625 11732
0.659375 0.6625 11752
0.659375 0.6625 11772
0.659375 0.6625 11792
0.659375 0.6625 11812
0.659375 0.6625 11832
0.659375 0.6625 11852
0.659375 0.6625 11872
0.659375 0.65625 11892
0.659375 0.65625 11904
0.659375 0.65625 11916
0.659375 0.65625 11928
0.659375 0.65625 11940
0.659375 0.65625 11952
0.659375 0.65625 11964
0.659375 0.65625 11976
0.659375 0.65625 11988
0.659375 0.65625 12000
0.659375 0.65625 12012
0.659375 0.65625 12024
0.659375 0.65625 12036
0.659375 0.65625 12048
0.659375 0.65625 12060
0.659375 0.65625 12072
0.659375 0.65625 12084
0.659375 0.65625 12096
0.659375 0.65625 12108
0.659375 0.65625 12120
0.659375 0.65625 12132
0.659375 0.65625 12144
0.659375 0.65625 12156
0.659375 0.65625 12168
0.659375 0.65625 12180
0.659375 0.65 12192
0.659375 0.65625 12204
0.659375 0.65 12216
0.659375 0.65 12228
0.659375 0.65 12240
0.659375 0.65 12252
0.659375 0.65 12264
0.6625 0.65 12276
0.6625 0.65 12288
0.6625 0.65 12300
0.6625 0.65 12312
0.6625 0.65 12324
0.6625 0.65 12336
0.6625 0.65 12348
0.6625 0.65 12360
0.6625 0.65 12372
0.6625 0.65 12384
0.6625 0.65 12396
0.6625 0.65 12408
0.6625 0.65 12420
0.6625 0.65 12432
0.6625 0.65 12444
0.6625 0.65 12456
0.6625 0.65 12468
0.6625 0.65 12480
0.6625 0.65 12492
0.6625 0.65 12504
0.6625 0.65 12516
0.6625 0.65 12528
0.6625 0.65 12540
0.6625 0.65 12552
0.6625 0.65 12564
0.6625 0.65 12576
0.6625 0.65 12588
0.6625 0.65 12600
0.6625 0.65 12612
0.6625 0.65 12624
0.6625 0.65 12636
0.6625 0.65 12648
0.6625 0.65 12660
0.6625 0.65 12672
0.6625 0.65 12684
0.6625 0.65 12696
0.6625 0.65 12708
0.6625 0.65 12720
0.6625 0.65 12732
0.6625 0.65 12744
0.6625 0.65 12756
0.6625 0.65 12768
0.6625 0.65 12780
0.6625 0.65 12792
0.6625 0.65 12804
0.6625 0.65 12816
0.6625 0.65 12828
0.6625 0.65 12840
0.6625 0.65 12852
0.6625 0.65 12864
0.6625 0.65 12876
0.6625 0.65 12888
0.6625 0.65 12900
0.6625 0.65 12912
0.6625 0.65 12924
0.6625 0.65 12936
0.6625 0.65 12948
0.6625 0.65 12960
0.6625 0.65 12972
0.6625 0.65 12984
0.6625 0.65 12996
0.6625 0.65 13008
0.6625 0.65 13020
0.6625 0.65 13032
0.6625 0.65 13044
0.6625 0.65 13056
0.6625 0.65 13068
0.6625 0.65625 13080
0.6625 0.65625 13092
0.6625 0.65625 13104
0.6625 0.65625 13116
0.6625 0.65625 13128
0.6625 0.65625 13140
0.6625 0.65625 13152
0.6625 0.65625 13164
0.6625 0.65625 13176
0.6625 0.65625 13188
0.6625 0.65625 13200
0.6625 0.65625 13212
0.6625 0.65625 13224
0.6625 0.65625 13236
0.6625 0.65625 13248
0.6625 0.65625 13260
0.6625 0.65625 13272
0.6625 0.65625 13284
0.6625 0.65625 13296
0.6625 0.65625 13308
0.6625 0.65625 13320
0.6625 0.65625 13332
0.6625 0.65625 13344
0.6625 0.65625 13356
0.6625 0.65625 13368
0.6625 0.65625 13380
0.6625 0.65625 13392
0.6625 0.65625 13404
0.6625 0.65625 13416
0.6625 0.65625 13428
0.6625 0.65625 13440
0.6625 0.65625 13452
0.6625 0.65625 13464
0.6625 0.65625 13476
0.6625 0.65625 13488
0.6625 0.65625 13500
0.6625 0.65625 13512
0.6625 0.65625 13524
0.6625 0.65625 13536
0.6625 0.65625 13548
0.6625 0.65625 13560
0.6625 0.65 13572
0.6625 0.65 13584
0.6625 0.65 13596
0.6625 0.65 13608
0.6625 0.65 13620
0.659375 0.65 13632
0.659375 0.65 13644
0.659375 0.65 13656
0.659375 0.65 13668
0.659375 0.65 13680
0.659375 0.65 13692
0.659375 0.65 13704
0.659375 0.65 13716
0.659375 0.65 13728
0.659375 0.65 13740
0.659375 0.65 13752
0.659375 0.65 13764
0.659375 0.65 13776
0.659375 0.65625 13788
0.659375 0.65625 13800
0.659375 0.65625 13812
0.659375 0.65625 13824
0.659375 0.65625 13836
0.659375 0.65625 13848
0.659375 0.65625 13860
0.659375 0.65625 13866
0.659375 0.65625 13872
0.659375 0.65625 13878
0.659375 0.65625 13884
0.659375 0.65625 13890
0.659375 0.65625 13896
0.659375 0.65625 13902
0.659375 0.65625 13908
0.659375 0.65625 13914
0.659375 0.65625 13920
0.659375 0.65625 13926
0.659375 0.65625 13932
0.659375 0.65625 13938
0.659375 0.65625 13944
0.659375 0.65625 13950
0.659375 0.65625 13956
0.659375 0.65625 13962
0.659375 0.65625 13968
0.659375 0.65625 13974
0.659375 0.65625 13980
0.659375 0.65625 13986
0.659375 0.65625 13992
0.659375 0.65625 13998
0.659375 0.65625 14004
0.659375 0.65625 14010
0.659375 0.65625 14016
0.659375 0.65625 14022
0.659375 0.65625 14028
0.659375 0.65625 14034
0.659375 0.65625 14040
0.659375 0.65625 14046
0.659375 0.65625 14052
0.659375 0.65625 14058
0.659375 0.65625 14064
0.659375 0.65625 14070
0.659375 0.65 14076
0.659375 0.65 14082
0.659375 0.65 14088
0.659375 0.65 14094
0.659375 0.65 14100
0.659375 0.65 14106
0.659375 0.65 14112
0.659375 0.65 14118
0.659375 0.65 14124
0.659375 0.65 14130
0.659375 0.65 14136
0.659375 0.65 14142
0.659375 0.65 14148
0.659375 0.65 14154
0.659375 0.65 14160
0.659375 0.65 14166
0.659375 0.65 14172
0.659375 0.65 14178
0.659375 0.65 14184
0.659375 0.65 14190
0.659375 0.65 14196
0.659375 0.65 14202
0.659375 0.653125 14208
0.659375 0.65625 14214
0.659375 0.65625 14220
0.659375 0.65625 14226
0.659375 0.65625 14232
0.659375 0.65625 14238
0.659375 0.65625 14244
0.659375 0.65625 14250
0.659375 0.65625 14256
0.659375 0.65625 14262
0.659375 0.65625 14268
0.659375 0.65625 14274
0.659375 0.65625 14280
0.659375 0.65625 14286
0.659375 0.65625 14292
0.6625 0.65625 14298
0.6625 0.65625 14304
0.6625 0.65625 14310
0.6625 0.65625 14316
0.6625 0.65625 14322
0.6625 0.65625 14328
0.6625 0.65625 14334
0.6625 0.65625 14340
0.6625 0.65625 14346
0.6625 0.65625 14352
0.6625 0.65625 14358
0.6625 0.65625 14364
0.6625 0.65 14370
0.6625 0.65 14376
0.6625 0.65 14382
0.6625 0.65 14388
0.6625 0.65 14394
0.6625 0.65 14400
0.6625 0.65 14406
0.6625 0.65 14412
0.6625 0.65 14418
0.6625 0.65 14424
0.6625 0.65 14430
0.6625 0.65 14436
0.6625 0.65 14442
0.6625 0.65 14448
0.6625 0.65 14454
0.6625 0.65 14460
0.665625 0.65 14466
0.665625 0.65 14472
0.665625 0.65 14478
0.665625 0.65 14484
0.665625 0.65 14490
0.665625 0.65 14496
0.665625 0.65 14502
0.665625 0.65 14508
0.665625 0.65 14514
0.665625 0.65 14520
0.665625 0.65 14526
0.665625 0.65 14532
0.665625 0.65 14538
0.665625 0.65 14544
0.665625 0.65 14550
0.665625 0.65 14556
0.665625 0.65 14562
0.665625 0.65 14568
0.665625 0.65 14574
0.665625 0.646875 14580
0.665625 0.63125 14586
0.665625 0.65 14592
0.665625 0.65 14598
0.665625 0.65 14604
0.665625 0.65 14610
0.665625 0.65 14616
0.665625 0.65 14622
0.665625 0.65 14628
0.665625 0.65 14634
0.665625 0.65 14640
0.665625 0.65 14646
0.665625 0.65 14652
0.665625 0.65 14658
0.665625 0.65 14664
0.665625 0.65 14670
0.665625 0.64375 14676
0.665625 0.64375 14682
0.665625 0.65 14688
0.665625 0.65 14694
0.665625 0.65 14700
0.665625 0.65 14706
0.665625 0.65 14712
0.665625 0.646875 14718
0.665625 0.64375 14724
0.665625 0.64375 14730
0.665625 0.64375 14736
0.665625 0.64375 14742
0.665625 0.64375 14748
0.665625 0.64375 14754
0.665625 0.63125 14760
0.665625 0.63125 14766
0.665625 0.63125 14772
0.665625 0.63125 14778
0.665625 0.63125 14784
0.665625 0.63125 14790
0.665625 0.63125 14796
0.665625 0.63125 14802
0.665625 0.63125 14808
0.665625 0.625 14814
0.665625 0.61875 14820
0.665625 0.6125 14826
0.665625 0.6125 14832
0.665625 0.6125 14838
0.665625 0.6125 14844
0.665625 0.6125 14850
0.665625 0.6125 14856
0.665625 0.6125 14862
0.665625 0.6125 14868
0.665625 0.6125 14874
0.665625 0.6125 14880
0.665625 0.6125 14886
0.665625 0.6125 14892
0.665625 0.6125 14898
0.665625 0.6125 14904
0.665625 0.6125 14910
0.665625 0.6125 14916
0.665625 0.6125 14922
0.665625 0.6125 14928
0.665625 0.6125 14934
0.665625 0.6125 14940
0.665625 0.6125 14946
0.665625 0.6125 14952
0.665625 0.6125 14958
0.665625 0.6125 14964
0.665625 0.6125 14970
0.665625 0.6125 14976
0.665625 0.6125 14982
0.665625 0.6125 14988
0.665625 0.6125 14994
0.665625 0.6125 15000
0.665625 0.6125 15006
0.665625 0.6125 15012
0.665625 0.6125 15018
0.665625 0.6125 15024
0.665625 0.6125 15030
0.665625 0.6125 15036
0.665625 0.625 15042
0.665625 0.625 15048
0.665625 0.625 15054
0.665625 0.625 15060
0.665625 0.625 15066
0.665625 0.625 15072
0.665625 0.6125 15078
0.665625 0.6125 15084
0.665625 0.6125 15090
0.665625 0.63125 15096
0.665625 0.625 15102
0.665625 0.625 15108
0.665625 0.625 15114
0.665625 0.625 15120
0.665625 0.625 15126
0.665625 0.625 15132
0.665625 0.625 15138
0.665625 0.625 15144
0.665625 0.625 15150
0.665625 0.63125 15156
0.665625 0.63125 15162
0.665625 0.63125 15168
0.665625 0.63125 15174
0.665625 0.63125 15180
0.665625 0.625 15186
0.665625 0.625 15192
0.665625 0.625 15198
0.665625 0.625 15204
0.665625 0.625 15210
0.665625 0.625 15216
0.665625 0.625 15222
0.665625 0.625 15228
0.665625 0.625 15234
0.665625 0.625 15240
0.665625 0.625 15246
0.665625 0.625 15252
0.665625 0.625 15258
0.665625 0.625 15264
0.665625 0.625 15270
0.665625 0.625 15276
0.665625 0.625 15282
0.665625 0.625 15288
0.665625 0.625 15294
0.665625 0.625 15300
0.665625 0.625 15306
0.665625 0.625 15312
0.665625 0.625 15318
0.665625 0.625 15324
0.665625 0.625 15330
0.665625 0.625 15336
0.665625 0.625 15342
0.665625 0.625 15348
0.665625 0.625 15354
0.665625 0.625 15360
0.665625 0.625 15366
0.665625 0.625 15372
0.665625 0.625 15378
0.665625 0.625 15384
0.665625 0.63125 15390
0.665625 0.63125 15396
0.665625 0.63125 15402
0.665625 0.63125 15408
0.665625 0.63125 15414
0.665625 0.63125 15420
0.665625 0.63125 15426
0.665625 0.63125 15432
0.665625 0.63125 15438
0.665625 0.63125 15444
0.665625 0.63125 15450
0.665625 0.63125 15456
0.665625 0.63125 15462
0.665625 0.63125 15468
0.665625 0.63125 15474
0.665625 0.63125 15480
0.665625 0.63125 15486
0.665625 0.63125 15492
0.665625 0.61875 15498
0.665625 0.61875 15504
0.665625 0.61875 15510
0.665625 0.61875 15516
0.665625 0.61875 15522
0.665625 0.61875 15528
0.665625 0.61875 15534
0.665625 0.63125 15540
0.665625 0.63125 15546
0.665625 0.63125 15552
0.665625 0.63125 15558
0.665625 0.63125 15560
0.665625 0.63125 15562
0.665625 0.63125 15564
0.665625 0.63125 15566
0.665625 0.63125 15568
0.665625 0.63125 15570
0.665625 0.63125 15572
0.665625 0.63125 15574
0.665625 0.63125 15576
0.665625 0.63125 15578
0.665625 0.63125 15580
0.665625 0.63125 15582
0.665625 0.63125 15584
0.665625 0.63125 15586
0.665625 0.63125 15588
0.665625 0.63125 15590
0.665625 0.63125 15592
0.665625 0.63125 15594
0.665625 0.63125 15596
0.665625 0.63125 15598
0.665625 0.63125 15600
0.665625 0.63125 15602
0.665625 0.63125 15604
0.665625 0.63125 15606
0.665625 0.63125 15608
0.665625 0.63125 15610
0.665625 0.63125 15612
0.665625 0.63125 15614
0.665625 0.63125 15616
0.665625 0.63125 15618
0.665625 0.63125 15620
0.665625 0.63125 15622
0.665625 0.63125 15624
0.665625 0.63125 15626
0.665625 0.63125 15628
0.665625 0.63125 15630
0.665625 0.63125 15632
0.665625 0.63125 15634
0.665625 0.63125 15636
0.665625 0.63125 15638
0.665625 0.63125 15640
0.665625 0.63125 15642
0.665625 0.63125 15644
0.665625 0.63125 15646
0.665625 0.63125 15648
0.665625 0.63125 15650
0.665625 0.63125 15652
0.665625 0.63125 15654
0.665625 0.63125 15656
0.665625 0.63125 15658
0.665625 0.63125 15660
0.665625 0.63125 15662
0.665625 0.63125 15664
0.665625 0.63125 15666
0.665625 0.63125 15668
0.665625 0.625 15670
0.665625 0.625 15672
0.665625 0.625 15674
0.665625 0.625 15676
0.665625 0.625 15678
0.665625 0.625 15680
0.665625 0.625 15682
0.665625 0.625 15684
0.665625 0.625 15686
0.665625 0.625 15688
0.665625 0.625 15690
0.665625 0.625 15692
0.665625 0.625 15694
0.665625 0.625 15696
0.665625 0.625 15698
0.665625 0.625 15700
0.665625 0.625 15702
0.665625 0.625 15704
0.665625 0.625 15706
0.665625 0.625 15708
0.665625 0.625 15710
0.665625 0.625 15712
0.665625 0.625 15714
0.665625 0.625 15716
0.665625 0.625 15718
0.665625 0.625 15720
0.665625 0.625 15722
0.665625 0.625 15724
0.665625 0.625 15726
0.665625 0.625 15728
0.665625 0.625 15730
0.665625 0.625 15732
0.665625 0.625 15734
0.665625 0.625 15736
0.665625 0.625 15738
0.665625 0.625 15740
0.665625 0.625 15742
0.665625 0.625 15744
0.665625 0.625 15746
0.665625 0.625 15748
0.665625 0.625 15750
0.665625 0.625 15752
0.665625 0.625 15754
0.665625 0.625 15756
0.665625 0.625 15758
0.665625 0.625 15760
0.665625 0.625 15762
0.665625 0.625 15764
0.665625 0.625 15766
0.665625 0.625 15768
0.665625 0.625 15770
0.665625 0.625 15772
0.665625 0.625 15774
0.665625 0.625 15776
0.665625 0.625 15778
0.665625 0.625 15780
0.665625 0.625 15782
0.665625 0.625 15784
0.665625 0.625 15786
0.665625 0.625 15788
0.665625 0.625 15790
0.665625 0.625 15792
0.665625 0.625 15794
0.665625 0.625 15796
0.665625 0.625 15798
0.665625 0.625 15800
0.665625 0.625 15802
0.665625 0.625 15804
0.665625 0.625 15806
0.665625 0.625 15808
0.665625 0.625 15810
0.665625 0.625 15812
0.665625 0.625 15814
0.665625 0.625 15816
0.665625 0.625 15818
0.665625 0.625 15820
0.665625 0.61875 15822
0.665625 0.61875 15824
0.665625 0.61875 15826
0.665625 0.61875 15828
0.665625 0.61875 15830
0.665625 0.61875 15832
0.665625 0.61875 15834
0.665625 0.61875 15836
0.665625 0.61875 15838
0.665625 0.61875 15840
0.665625 0.61875 15842
0.665625 0.61875 15844
0.665625 0.61875 15846
0.665625 0.61875 15848
0.665625 0.61875 15850
0.665625 0.61875 15852
0.665625 0.61875 15854
0.665625 0.61875 15856
0.665625 0.61875 15858
0.665625 0.61875 15860
0.665625 0.61875 15862
0.665625 0.61875 15864
0.665625 0.61875 15866
0.665625 0.61875 15868
0.665625 0.61875 15870
0.665625 0.61875 15872
0.665625 0.61875 15874
0.665625 0.61875 15876
0.665625 0.61875 15878
0.665625 0.61875 15880
0.665625 0.61875 15882
0.665625 0.61875 15884
0.665625 0.61875 15886
0.665625 0.61875 15888
0.665625 0.61875 15890
0.665625 0.61875 15892
0.665625 0.61875 15894
0.665625 0.61875 15896
0.665625 0.61875 15898
0.665625 0.6125 15900
0.665625 0.6125 15902
0.665625 0.6125 15904
0.665625 0.6125 15906
0.665625 0.6125 15908
0.665625 0.6125 15910
0.665625 0.6125 15912
0.665625 0.6125 15914
0.665625 0.6125 15916
0.665625 0.6125 15918
0.665625 0.6125 15920
0.665625 0.6125 15922
0.665625 0.6125 15924
0.665625 0.60625 15926
0.665625 0.60625 15928
0.665625 0.60625 15930
0.665625 0.60625 15932
0.665625 0.60625 15934
0.665625 0.60625 15936
0.665625 0.60625 15938
0.665625 0.60625 15940
0.665625 0.60625 15942
0.665625 0.60625 15944
0.665625 0.60625 15946
0.665625 0.60625 15948
0.665625 0.60625 15950
0.665625 0.60625 15952
0.665625 0.60625 15954
0.665625 0.60625 15956
0.665625 0.60625 15958
0.665625 0.60625 15960
0.665625 0.60625 15962
0.665625 0.60625 15964
0.665625 0.60625 15966
0.665625 0.60625 15968
0.665625 0.60625 15970
0.665625 0.60625 15972
0.665625 0.60625 15974
0.665625 0.60625 15976
0.665625 0.60625 15978
0.665625 0.60625 15980
0.665625 0.60625 15982
0.665625 0.60625 15984
0.665625 0.60625 15986
0.665625 0.60625 15988
0.665625 0.60625 15990
0.665625 0.60625 15992
0.665625 0.60625 15994
0.665625 0.60625 15996
0.665625 0.60625 15998
0.665625 0.60625 16000
0.665625 0.60625 16002
0.665625 0.60625 16004
0.665625 0.60625 16006
0.665625 0.60625 16008
0.665625 0.60625 16010
0.665625 0.60625 16012
0.665625 0.60625 16014
0.665625 0.60625 16016
0.665625 0.60625 16018
0.665625 0.60625 16020
0.665625 0.60625 16022
0.665625 0.60625 16024
0.665625 0.60625 16026
0.665625 0.60625 16028
0.665625 0.60625 16030
0.665625 0.60625 16032
0.665625 0.60625 16034
0.665625 0.60625 16036
0.665625 0.60625 16038
0.665625 0.60625 16040
0.665625 0.60625 16042
0.665625 0.60625 16044
0.665625 0.60625 16046
0.665625 0.60625 16048
0.665625 0.60625 16050
0.665625 0.60625 16052
0.665625 0.60625 16054
0.665625 0.60625 16056
0.665625 0.60625 16058
0.665625 0.60625 16060
0.665625 0.60625 16062
0.665625 0.60625 16064
0.665625 0.60625 16066
0.665625 0.60625 16068
0.665625 0.60625 16070
0.665625 0.60625 16072
0.665625 0.60625 16074
0.665625 0.60625 16076
0.665625 0.60625 16078
0.665625 0.60625 16080
0.665625 0.60625 16082
0.665625 0.60625 16084
0.665625 0.60625 16086
0.665625 0.60625 16088
0.665625 0.60625 16090
0.665625 0.60625 16092
0.665625 0.60625 16094
0.665625 0.60625 16096
0.665625 0.60625 16098
0.665625 0.60625 16100
0.665625 0.60625 16102
0.665625 0.60625 16104
0.665625 0.60625 16106
0.665625 0.60625 16108
0.665625 0.60625 16110
0.665625 0.60625 16112
0.665625 0.60625 16114
0.665625 0.60625 16116
0.665625 0.60625 16118
0.665625 0.60625 16120
0.665625 0.60625 16122
0.665625 0.60625 16124
0.665625 0.60625 16126
0.665625 0.60625 16128
0.665625 0.60625 16130
0.665625 0.60625 16132
0.665625 0.60625 16134
0.665625 0.609375 16136
0.665625 0.609375 16138
0.665625 0.609375 16140
0.665625 0.609375 16142
0.665625 0.609375 16144
0.665625 0.609375 16146
0.665625 0.609375 16148
0.665625 0.609375 16150
0.6625 0.60625 16152
0.6625 0.60625 16154
0.6625 0.60625 16156
0.6625 0.60625 16158
0.6625 0.60625 16160
0.6625 0.60625 16162
0.6625 0.60625 16164
0.6625 0.60625 16166
0.659375 0.6 16168
0.665625 0.6 16170
0.665625 0.6 16172
0.665625 0.6 16174
0.665625 0.6 16176
0.665625 0.6 16178
0.665625 0.6 16180
0.665625 0.6 16182
0.665625 0.6 16184
0.665625 0.6 16186
0.665625 0.6 16188
0.665625 0.6 16190
0.665625 0.6 16192
0.665625 0.6 16194
0.665625 0.6 16196
0.665625 0.6 16198
0.665625 0.6 16200
0.665625 0.6 16202
0.665625 0.6 16204
0.665625 0.6 16206
0.665625 0.6 16208
0.6625 0.6 16210
0.6625 0.6 16212
0.6625 0.6 16214
0.6625 0.6 16216
0.6625 0.6 16218
0.6625 0.6 16220
0.6625 0.6 16222
0.6625 0.6 16224
0.6625 0.6 16226
0.6625 0.6 16228
0.6625 0.59375 16230
0.6625 0.59375 16232
0.6625 0.59375 16234
0.6625 0.59375 16236
0.6625 0.59375 16238
0.6625 0.6 16240
0.6625 0.6 16242
0.6625 0.6 16244
0.6625 0.6 16246
0.6625 0.6 16248
0.6625 0.6 16250
0.6625 0.6 16252
0.6625 0.6 16254
0.6625 0.6 16256
0.6625 0.6 16258
0.6625 0.6 16260
0.6625 0.6 16262
0.6625 0.6 16264
0.6625 0.6 16266
0.6625 0.6 16268
0.6625 0.6 16270
0.6625 0.6 16272
0.6625 0.6 16274
0.6625 0.6 16276
0.6625 0.6 16278
0.6625 0.6 16280
0.6625 0.6 16282
0.6625 0.6 16284
0.6625 0.6 16286
0.6625 0.6 16288
0.6625 0.6 16290
0.6625 0.6 16292
0.6625 0.6 16294
0.6625 0.6 16296
0.6625 0.6 16298
0.6625 0.6 16300
0.6625 0.6 16302
0.6625 0.6 16304
0.6625 0.6 16306
0.6625 0.6 16308
0.6625 0.6 16310
0.6625 0.6 16312
0.6625 0.6 16314
0.6625 0.6 16316
0.6625 0.6 16318
0.6625 0.6 16320
0.6625 0.6 16322
0.6625 0.6 16324
0.6625 0.6 16326
0.6625 0.6 16328
0.6625 0.6 16330
0.6625 0.6 16332
0.6625 0.6 16334
0.6625 0.6 16336
0.6625 0.6 16338
0.6625 0.6 16340
0.6625 0.6 16342
0.6625 0.6 16344
0.6625 0.6 16346
0.6625 0.6 16348
0.6625 0.6 16350
0.6625 0.6 16352
0.6625 0.6 16354
0.6625 0.6 16356
0.6625 0.6 16358
0.6625 0.6 16360
0.6625 0.6 16362
0.6625 0.6 16364
0.6625 0.6 16366
0.6625 0.6 16368
0.6625 0.6 16370
0.6625 0.6 16372
0.6625 0.6 16374
0.6625 0.6 16376
0.6625 0.6 16378
0.6625 0.6 16380
0.6625 0.6 16382
0.6625 0.6 16384
0.6625 0.6 16386
0.6625 0.6 16388
0.6625 0.6 16390
0.6625 0.6 16392
0.6625 0.6 16394
0.6625 0.6 16396
0.6625 0.6 16398
0.6625 0.6 16400
0.6625 0.6 16402
0.6625 0.6 16404
0.6625 0.6 16406
0.6625 0.6 16408
0.6625 0.6 16410
0.6625 0.6 16412
0.6625 0.6 16414
0.6625 0.6 16416
0.6625 0.6 16418
0.6625 0.6 16420
0.6625 0.6 16422
0.6625 0.6 16424
0.6625 0.6 16426
0.6625 0.6 16428
0.6625 0.6 16430
0.6625 0.6 16432
0.6625 0.6 16434
0.6625 0.6 16436
0.6625 0.6 16438
0.6625 0.6 16440
0.6625 0.6 16442
0.6625 0.6 16444
0.6625 0.6 16446
0.6625 0.6 16448
0.6625 0.6 16450
0.6625 0.6 16452
0.6625 0.6 16454
0.6625 0.6 16456
0.6625 0.6 16458
0.6625 0.6 16460
0.6625 0.6 16462
0.6625 0.6 16464
0.6625 0.6 16466
0.6625 0.6 16468
0.6625 0.6 16470
0.6625 0.6 16472
0.6625 0.6 16474
0.6625 0.6 16476
0.6625 0.6 16478
0.6625 0.6 16480
0.6625 0.6 16482
0.6625 0.6 16484
0.6625 0.6 16486
0.6625 0.6 16488
0.6625 0.6 16490
0.6625 0.6 16492
0.6625 0.6 16494
0.6625 0.6 16496
0.6625 0.6 16498
0.6625 0.6 16500
0.6625 0.6 16502
0.6625 0.6 16504
0.6625 0.6 16506
0.6625 0.6 16508
0.6625 0.6 16510
0.6625 0.6 16512
0.6625 0.6 16514
0.6625 0.6 16516
0.6625 0.6 16518
0.6625 0.6 16520
0.6625 0.6 16522
0.6625 0.6 16524
0.6625 0.6 16526
0.6625 0.6 16528
0.6625 0.6 16530
0.6625 0.6 16532
0.6625 0.6 16534
0.6625 0.6 16536
0.6625 0.6 16538
0.6625 0.6 16540
0.6625 0.6 16542
0.6625 0.6 16544
0.6625 0.6 16546
0.6625 0.6 16548
0.6625 0.6 16550
0.6625 0.6 16552
0.6625 0.6 16554
0.6625 0.6 16556
0.6625 0.6 16558
0.6625 0.6 16560
0.6625 0.6 16562
0.6625 0.6 16564
0.6625 0.6 16566
0.6625 0.6 16568
0.6625 0.6 16570
0.6625 0.6 16572
0.6625 0.6 16574
0.6625 0.6 16576
0.6625 0.6 16578
0.6625 0.6 16580
0.6625 0.6 16582
0.6625 0.6 16584
0.6625 0.6 16586
0.6625 0.6 16588
0.6625 0.6 16590
0.6625 0.6 16592
0.6625 0.6 16594
0.6625 0.6 16596
0.6625 0.6 16598
0.6625 0.6 16600
0.6625 0.6 16602
0.6625 0.6 16604
0.6625 0.6 16606
0.6625 0.6 16608
0.6625 0.6 16610
0.6625 0.6 16612
0.6625 0.6 16614
0.6625 0.6 16616
0.6625 0.6 16618
0.6625 0.6 16620
0.6625 0.6 16622
0.6625 0.6 16624
0.6625 0.6 16626
0.6625 0.6 16628
0.6625 0.6 16630
0.6625 0.6 16632
0.6625 0.6 16634
0.6625 0.6 16636
0.6625 0.6 16638
0.6625 0.6 16640
0.6625 0.6 16642
0.6625 0.6 16644
0.6625 0.6 16646
0.6625 0.6 16648
0.6625 0.6 16650
0.6625 0.6 16652
0.6625 0.6 16654
0.6625 0.6 16656
0.6625 0.6 16658
0.6625 0.6 16660
0.6625 0.6 16662
0.6625 0.6 16664
0.6625 0.6 16666
0.6625 0.6 16668
0.6625 0.6 16670
0.6625 0.6 16672
0.6625 0.6 16674
0.6625 0.6 16676
0.6625 0.6 16678
0.6625 0.6 16680
0.6625 0.6 16682
0.6625 0.6 16684
0.6625 0.6 16686
0.6625 0.6 16688
0.6625 0.6 16690
0.6625 0.6 16692
0.6625 0.6 16694
0.6625 0.6 16696
0.6625 0.6 16698
0.6625 0.6 16700
0.6625 0.6 16700
0.6625 0.6 16700
0.6625 0.6 16700
0.6625 0.6 16700
0.6625 0.6 16700
0.6625 0.6 16700
0.6625 0.6 16700
0.6625 0.6 16700
0.6625 0.6 16700
0.6625 0.6 16700
0.6625 0.6 16700
0.6625 0.6 16700
0.6625 0.6 16700
0.6625 0.6 16700
0.6625 0.6 16700
0.6625 0.6 16700
0.6625 0.6 16700
0.6625 0.6 16700
0.6625 0.6 16700
0.6625 0.6 16700
0.6625 0.6 16700
0.6625 0.6 16700
0.6625 0.6 16700
0.6625 0.6 16700
0.6625 0.6 16700
0.6625 0.6 16700
0.6625 0.6 16700
0.6625 0.6 16700
0.6625 0.6 16700
0.6625 0.6 16700
0.6625 0.6 16700
0.6625 0.6 16700
0.6625 0.6 16700
0.6625 0.6 16700
0.6625 0.6 16700
0.6625 0.6 16700
0.6625 0.6 16700
0.6625 0.6 16700
0.6625 0.6 16700
0.6625 0.6 16700
0.6625 0.6 16700
0.6625 0.6 16700
0.6625 0.6 16700
0.6625 0.6 16700
0.6625 0.6 16700
0.6625 0.6 16700
0.6625 0.6 16700
0.6625 0.6 16700
0.6625 0.6 16700
0.6625 0.6 16700
0.6625 0.6 16700
0.6625 0.6 16700
0.6625 0.6 16700
0.6625 0.6 16700
0.6625 0.6 16700
0.6625 0.6 16700
0.6625 0.6 16700
0.6625 0.6 16700
0.6625 0.6 16700
0.6625 0.6 16700
0.6625 0.6 16700
0.6625 0.6 16700
0.6625 0.6 16700
0.6625 0.6 16700
0.6625 0.6 16700
0.6625 0.6 16700
0.6625 0.6 16700
0.6625 0.6 16700
0.6625 0.6 16700
0.6625 0.6 16700
0.6625 0.6 16700
0.6625 0.6 16700
0.6625 0.6 16700
0.6625 0.6 16700
0.6625 0.6 16700
0.6625 0.6 16700
0.6625 0.6 16700
0.6625 0.6 16700
0.6625 0.6 16700
0.6625 0.6 16700
0.6625 0.6 16700
0.6625 0.6 16700
0.6625 0.6 16700
0.6625 0.6 16700
0.6625 0.6 16700
0.6625 0.6 16700
0.6625 0.6 16700
0.6625 0.6 16700
0.6625 0.6 16700
0.6625 0.6 16700
0.6625 0.6 16700
0.6625 0.6 16700
0.6625 0.6 16700
0.6625 0.6 16700
0.6625 0.6 16700
0.6625 0.6 16700
0.6625 0.6 16700
0.6625 0.6 16700
0.6625 0.6 16700
0.6625 0.6 16700
0.6625 0.6 16700
0.6625 0.6 16700
0.6625 0.6 16700
0.6625 0.6 16700
0.6625 0.6 16700
0.6625 0.6 16700
0.6625 0.6 16700
0.6625 0.6 16700
0.6625 0.6 16700
0.6625 0.6 16700
0.6625 0.6 16700
0.6625 0.6 16700
0.6625 0.6 16700
0.6625 0.6 16700
0.6625 0.6 16700
0.6625 0.6 16700
0.6625 0.6 16700
0.6625 0.6 16700
0.6625 0.6 16700
0.6625 0.6 16700
0.6625 0.6 16700
0.6625 0.6 16700
0.6625 0.6 16700
0.6625 0.6 16700
0.6625 0.6 16700
0.6625 0.6 16700
0.6625 0.6 16700
0.6625 0.6 16700
0.6625 0.6 16700
0.6625 0.6 16700
0.6625 0.6 16700
0.6625 0.6 16700
0.6625 0.6 16700
0.6625 0.6 16700
0.6625 0.6 16700
0.6625 0.6 16700
0.6625 0.6 16700
0.6625 0.6 16700
0.6625 0.6 16700
0.6625 0.6 16700
0.6625 0.6 16700
0.6625 0.6 16700
0.6625 0.6 16700
0.6625 0.6 16700
0.6625 0.6 16700
0.6625 0.6 16700
0.6625 0.6 16700
0.6625 0.6 16700
0.6625 0.6 16700
0.6625 0.6 16700
0.6625 0.6 16700
0.6625 0.6 16700
0.6625 0.6 16700
0.6625 0.6 16700
0.6625 0.6 16700
0.6625 0.6 16700
0.6625 0.6 16700
0.6625 0.6 16700
0.6625 0.6 16700
0.6625 0.6 16700
0.6625 0.6 16700
0.6625 0.6 16700
0.6625 0.6 16700
0.6625 0.6 16700
0.6625 0.6 16700
0.6625 0.6 16700
0.6625 0.6 16700
0.6625 0.6 16700
0.6625 0.6 16700
0.6625 0.6 16700
0.6625 0.6 16700
0.6625 0.6 16700
0.6625 0.6 16700
0.6625 0.6 16700
0.6625 0.6 16700
0.6625 0.6 16700
0.6625 0.6 16700
0.6625 0.6 16700
0.6625 0.6 16700
0.6625 0.6 16700
0.6625 0.6 16700
0.6625 0.6 16700
0.6625 0.6 16700
0.6625 0.6 16700
0.6625 0.6 16700
0.6625 0.6 16700
0.6625 0.6 16700
0.6625 0.6 16700
0.6625 0.6 16700
0.6625 0.6 16700
0.6625 0.6 16700
0.6625 0.6 16700
0.6625 0.6 16700
0.6625 0.6 16700
0.6625 0.6 16700
0.6625 0.6 16700
0.6625 0.6 16700
0.6625 0.6 16700
0.6625 0.6 16700
0.6625 0.6 16700
0.6625 0.6 16700
0.6625 0.6 16700
0.6625 0.6 16700
0.6625 0.6 16700
0.6625 0.6 16700
0.6625 0.6 16700
0.6625 0.6 16700
0.6625 0.6 16700
0.6625 0.6 16700
0.6625 0.6 16700
0.6625 0.6 16700
0.6625 0.6 16700
0.6625 0.6 16700
0.6625 0.6 16700
0.6625 0.6 16700
0.6625 0.6 16700
0.6625 0.6 16700
0.6625 0.6 16700
0.6625 0.6 16700
0.6625 0.596875 16700
0.6625 0.59375 16700
0.6625 0.59375 16700
0.6625 0.59375 16700
0.6625 0.59375 16700
0.6625 0.59375 16700
0.6625 0.59375 16700
0.6625 0.59375 16700
0.6625 0.59375 16700
0.6625 0.59375 16700
0.6625 0.59375 16700
0.6625 0.59375 16700
0.6625 0.59375 16700
0.6625 0.59375 16700
0.6625 0.59375 16700
0.6625 0.59375 16700
0.6625 0.59375 16700
0.6625 0.59375 16700
0.6625 0.59375 16700
0.6625 0.59375 16700
0.6625 0.59375 16700
0.6625 0.59375 16700
0.6625 0.59375 16700
0.6625 0.59375 16700
0.6625 0.59375 16700
0.6625 0.59375 16700
0.6625 0.59375 16700
0.6625 0.59375 16700
0.6625 0.59375 16700
0.6625 0.59375 16700
0.6625 0.59375 16700
0.6625 0.59375 16700
0.6625 0.59375 16700
0.6625 0.59375 16700
0.6625 0.59375 16700
0.6625 0.59375 16700
0.6625 0.59375 16700
0.6625 0.59375 16700
0.6625 0.59375 16700
0.6625 0.59375 16700
0.6625 0.59375 16700
0.6625 0.59375 16700
0.6625 0.59375 16700
0.6625 0.59375 16700
0.6625 0.59375 16700
0.6625 0.59375 16700
0.6625 0.59375 16700
0.6625 0.59375 16700
0.6625 0.59375 16700
0.6625 0.59375 16700
0.6625 0.59375 16700
0.6625 0.59375 16700
0.6625 0.59375 16700
0.6625 0.59375 16700
0.6625 0.59375 16700
0.6625 0.59375 16700
0.6625 0.59375 16700
0.6625 0.59375 16700
0.6625 0.59375 16700
0.6625 0.59375 16700
0.6625 0.59375 16700
0.6625 0.59375 16700
0.6625 0.59375 16700
0.6625 0.59375 16700
0.6625 0.59375 16700
0.6625 0.59375 16700
0.6625 0.59375 16700
0.6625 0.59375 16700
0.6625 0.59375 16700
0.6625 0.59375 16700
0.6625 0.59375 16700
0.6625 0.59375 16700
0.6625 0.59375 16700
0.6625 0.59375 16700
0.6625 0.59375 16700
0.6625 0.59375 16700
0.6625 0.59375 16700
0.6625 0.59375 16700
0.6625 0.59375 16700
0.6625 0.59375 16700
0.6625 0.59375 16700
0.6625 0.59375 16700
0.6625 0.59375 16700
0.6625 0.59375 16700
0.6625 0.59375 16700
0.6625 0.59375 16700
0.6625 0.59375 16700
0.6625 0.59375 16700
0.6625 0.59375 16700
0.6625 0.59375 16700
0.6625 0.59375 16700
0.6625 0.59375 16700
0.6625 0.59375 16700
0.6625 0.59375 16700
0.6625 0.59375 16700
0.6625 0.59375 16700
0.6625 0.59375 16700
0.6625 0.59375 16700
0.6625 0.59375 16700
0.6625 0.59375 16700
0.6625 0.59375 16700
0.6625 0.59375 16700
0.6625 0.59375 16700
0.6625 0.59375 16700
0.6625 0.59375 16700
0.6625 0.59375 16700
0.6625 0.59375 16700
0.6625 0.59375 16700
0.6625 0.59375 16700
0.6625 0.59375 16700
0.6625 0.59375 16700
0.6625 0.59375 16700
0.6625 0.59375 16700
0.6625 0.59375 16700
0.6625 0.59375 16700
0.6625 0.59375 16700
0.6625 0.59375 16700
0.6625 0.59375 16700
0.6625 0.59375 16700
0.6625 0.59375 16700
0.6625 0.59375 16700
0.6625 0.59375 16700
0.6625 0.59375 16700
0.6625 0.59375 16700
0.6625 0.59375 16700
0.6625 0.59375 16700
0.6625 0.59375 16700
0.6625 0.59375 16700
0.6625 0.59375 16700
0.6625 0.59375 16700
0.6625 0.59375 16700
0.6625 0.59375 16700
0.6625 0.59375 16700
0.6625 0.59375 16700
0.6625 0.59375 16700
0.6625 0.59375 16700
0.6625 0.59375 16700
0.6625 0.5875 16700
0.6625 0.5875 16700
0.6625 0.5875 16700
0.6625 0.5875 16700
0.6625 0.5875 16700
0.6625 0.5875 16700
0.6625 0.5875 16700
0.6625 0.5875 16700
0.6625 0.5875 16700
0.6625 0.5875 16700
0.6625 0.58125 16700
0.6625 0.58125 16700
0.6625 0.58125 16700
0.6625 0.58125 16700
0.6625 0.58125 16700
0.6625 0.58125 16700
0.6625 0.58125 16700
0.6625 0.58125 16700
0.6625 0.58125 16700
0.6625 0.58125 16700
0.6625 0.58125 16700
0.6625 0.58125 16700
0.6625 0.58125 16700
0.6625 0.58125 16700
0.6625 0.58125 16700
0.6625 0.58125 16700
0.6625 0.58125 16700
0.6625 0.58125 16700
0.6625 0.58125 16700
0.6625 0.58125 16700
0.6625 0.58125 16700
0.6625 0.58125 16700
0.6625 0.58125 16700
0.6625 0.58125 16700
0.6625 0.58125 16700
0.6625 0.58125 16700
0.6625 0.58125 16700
0.6625 0.58125 16700
0.6625 0.58125 16700
0.6625 0.58125 16700
0.6625 0.58125 16700
0.6625 0.58125 16700
0.6625 0.58125 16700
0.6625 0.58125 16700
0.6625 0.58125 16700
0.6625 0.58125 16700
0.6625 0.58125 16700
0.6625 0.58125 16700
0.6625 0.58125 16700
0.6625 0.58125 16700
0.6625 0.58125 16700
0.6625 0.58125 16700
0.6625 0.58125 16700
0.6625 0.58125 16700
0.6625 0.58125 16700
0.6625 0.58125 16700
0.6625 0.58125 16700
0.6625 0.58125 16700
0.6625 0.58125 16700
0.6625 0.58125 16700
0.6625 0.58125 16700
0.6625 0.58125 16700
0.6625 0.58125 16700
0.6625 0.58125 16700
0.6625 0.58125 16700
0.6625 0.58125 16700
0.6625 0.58125 16700
0.6625 0.58125 16700
0.6625 0.58125 16700
0.6625 0.58125 16700
0.6625 0.58125 16700
0.6625 0.58125 16700
0.6625 0.58125 16700
0.6625 0.58125 16700
0.6625 0.58125 16700
0.6625 0.58125 16700
0.6625 0.58125 16700
0.6625 0.58125 16700
0.6625 0.578125 16700
0.6625 0.575 16700
0.6625 0.575 16700
0.6625 0.575 16700
0.6625 0.575 16700
0.6625 0.575 16700
0.6625 0.575 16700
0.6625 0.575 16700
0.6625 0.575 16700
0.6625 0.575 16700
0.6625 0.575 16700
0.6625 0.575 16700
0.6625 0.575 16700
0.6625 0.575 16700
0.6625 0.575 16700
0.6625 0.575 16700
0.6625 0.575 16700
0.6625 0.575 16700
0.6625 0.575 16700
0.6625 0.575 16700
0.6625 0.575 16700
0.6625 0.575 16700
0.6625 0.575 16700
0.6625 0.575 16700
0.6625 0.575 16700
0.6625 0.575 16700
0.6625 0.575 16700
0.6625 0.575 16700
0.6625 0.575 16700
0.6625 0.575 16700
0.6625 0.575 16700
0.6625 0.575 16700
0.6625 0.575 16700
0.6625 0.575 16700
0.6625 0.575 16700
0.6625 0.575 16700
0.6625 0.575 16700
0.6625 0.575 16700
0.6625 0.575 16700
0.6625 0.575 16700
0.6625 0.575 16700
0.6625 0.575 16700
0.6625 0.575 16700
0.6625 0.575 16700
0.6625 0.575 16700
0.6625 0.575 16700
0.6625 0.575 16700
0.6625 0.575 16700
0.6625 0.575 16700
0.6625 0.575 16700
0.6625 0.575 16700
0.6625 0.575 16700
0.6625 0.575 16700
0.6625 0.575 16700
0.6625 0.575 16700
0.6625 0.575 16700
0.6625 0.575 16700
0.6625 0.575 16700
0.6625 0.575 16700
0.6625 0.575 16700
0.6625 0.575 16700
0.6625 0.575 16700
0.6625 0.575 16700
0.6625 0.575 16700
0.6625 0.575 16700
0.6625 0.575 16700
0.6625 0.575 16700
0.6625 0.575 16700
0.6625 0.575 16700
0.6625 0.575 16700
0.6625 0.575 16700
0.6625 0.575 16700
0.6625 0.575 16700
0.6625 0.575 16700
0.6625 0.575 16700
0.6625 0.575 16700
0.6625 0.575 16700
0.6625 0.575 16700
0.6625 0.575 16700
0.6625 0.575 16700
0.6625 0.575 16700
0.6625 0.575 16700
0.6625 0.575 16700
0.6625 0.575 16700
0.6625 0.575 16700
0.6625 0.575 16700
0.6625 0.575 16700
0.6625 0.575 16700
0.6625 0.575 16700
0.6625 0.575 16700
0.6625 0.575 16700
0.6625 0.575 16700
0.6625 0.575 16700
0.6625 0.575 16700
0.6625 0.575 16700
0.6625 0.575 16700
0.6625 0.575 16700
0.6625 0.575 16700
0.6625 0.575 16700
0.6625 0.575 16700
0.6625 0.575 16700
0.6625 0.575 16700
0.6625 0.575 16700
0.6625 0.575 16700
0.6625 0.575 16700
0.6625 0.575 16700
0.6625 0.575 16700
0.6625 0.575 16700
0.6625 0.575 16700
0.6625 0.575 16700
0.6625 0.575 16700
0.6625 0.575 16700
0.6625 0.575 16700
0.6625 0.575 16700
0.6625 0.575 16700
0.6625 0.575 16700
0.6625 0.575 16700
0.6625 0.575 16700
0.6625 0.575 16700
0.6625 0.575 16700
0.6625 0.575 16700
0.6625 0.575 16700
0.6625 0.575 16700
0.6625 0.575 16700
0.6625 0.575 16700
0.6625 0.575 16700
0.6625 0.575 16700
0.6625 0.575 16700
0.6625 0.575 16700
0.6625 0.575 16700
0.6625 0.575 16700
0.6625 0.575 16700
0.6625 0.575 16700
0.6625 0.575 16700
0.6625 0.56875 16700
0.6625 0.56875 16700
0.6625 0.56875 16700
0.6625 0.56875 16700
0.6625 0.56875 16700
0.6625 0.56875 16700
0.6625 0.56875 16700
0.6625 0.56875 16700
0.6625 0.56875 16700
0.6625 0.56875 16700
0.6625 0.56875 16700
0.6625 0.56875 16700
0.6625 0.56875 16700
0.6625 0.56875 16700
0.6625 0.56875 16700
0.6625 0.56875 16700
0.6625 0.56875 16700
0.6625 0.56875 16700
0.6625 0.56875 16700
0.6625 0.56875 16700
0.6625 0.56875 16700
0.6625 0.56875 16700
0.6625 0.56875 16700
0.6625 0.56875 16700
0.6625 0.56875 16700
0.6625 0.56875 16700
0.6625 0.56875 16700
0.6625 0.56875 16700
0.6625 0.56875 16700
0.6625 0.56875 16700
0.6625 0.56875 16700
0.6625 0.56875 16700
0.6625 0.56875 16700
0.6625 0.56875 16700
0.6625 0.56875 16700
0.6625 0.56875 16700
0.6625 0.56875 16700
0.6625 0.56875 16700
0.6625 0.56875 16700
0.6625 0.56875 16700
0.6625 0.56875 16700
0.6625 0.56875 16700
0.6625 0.56875 16700
0.6625 0.56875 16700
0.6625 0.56875 16700
0.6625 0.56875 16700
0.6625 0.56875 16700
0.6625 0.56875 16700
0.6625 0.56875 16700
0.6625 0.56875 16700
0.6625 0.56875 16700
0.6625 0.56875 16700
0.6625 0.56875 16700
0.6625 0.56875 16700
0.6625 0.56875 16700
0.6625 0.56875 16700
0.6625 0.56875 16700
0.6625 0.56875 16700
0.6625 0.56875 16700
0.6625 0.56875 16700
0.6625 0.56875 16700
0.6625 0.56875 16700
0.6625 0.56875 16700
0.6625 0.56875 16700
0.6625 0.56875 16700
0.6625 0.56875 16700
0.6625 0.56875 16700
0.6625 0.56875 16700
0.6625 0.56875 16700
0.6625 0.56875 16700
0.6625 0.56875 16700
0.6625 0.56875 16700
0.6625 0.56875 16700
0.6625 0.56875 16700
0.6625 0.56875 16700
0.6625 0.56875 16700
0.6625 0.56875 16700
0.6625 0.56875 16700
0.6625 0.56875 16700
0.6625 0.56875 16700
0.6625 0.56875 16700
0.6625 0.56875 16700
0.6625 0.56875 16700
0.6625 0.56875 16700
0.6625 0.56875 16700
0.6625 0.56875 16700
0.6625 0.56875 16700
0.6625 0.56875 16700
0.6625 0.56875 16700
0.6625 0.56875 16700
0.6625 0.56875 16700
0.6625 0.56875 16700
0.6625 0.56875 16700
0.6625 0.56875 16700
0.6625 0.56875 16700
0.6625 0.56875 16700
0.6625 0.56875 16700
0.6625 0.56875 16700
0.6625 0.56875 16700
0.6625 0.56875 16700
0.6625 0.56875 16700
0.6625 0.56875 16700
0.6625 0.56875 16700
0.6625 0.56875 16700
0.6625 0.56875 16700
0.6625 0.56875 16700
0.6625 0.56875 16700
0.6625 0.56875 16700
0.6625 0.56875 16700
0.6625 0.56875 16700
0.6625 0.56875 16700
0.6625 0.56875 16700
0.6625 0.56875 16700
0.6625 0.56875 16700
0.6625 0.56875 16700
0.6625 0.56875 16700
0.6625 0.56875 16700
0.6625 0.56875 16700
0.6625 0.56875 16700
0.6625 0.56875 16700
0.6625 0.56875 16700
0.6625 0.56875 16700
0.6625 0.56875 16700
0.6625 0.56875 16700
0.6625 0.56875 16700
0.6625 0.56875 16700
0.6625 0.56875 16700
0.6625 0.56875 16700
0.6625 0.56875 16700
0.6625 0.56875 16700
0.6625 0.56875 16700
0.6625 0.56875 16700
0.6625 0.56875 16700
0.6625 0.56875 16700
0.6625 0.56875 16700
0.6625 0.56875 16700
0.6625 0.56875 16700
0.6625 0.575 16700
0.6625 0.575 16700
0.6625 0.575 16700
0.6625 0.575 16700
0.6625 0.575 16700
0.6625 0.575 16700
0.6625 0.575 16700
0.6625 0.575 16700
0.6625 0.575 16700
0.6625 0.575 16700
0.6625 0.575 16700
0.6625 0.575 16700
0.6625 0.575 16700
0.6625 0.575 16700
0.6625 0.575 16700
0.6625 0.575 16700
0.6625 0.575 16700
0.6625 0.575 16700
0.6625 0.575 16700
0.6625 0.575 16700
0.6625 0.575 16700
0.6625 0.575 16700
0.6625 0.575 16700
0.6625 0.575 16700
0.6625 0.575 16700
0.6625 0.575 16700
0.6625 0.575 16700
0.6625 0.575 16700
0.6625 0.575 16700
0.6625 0.575 16700
0.6625 0.575 16700
0.6625 0.575 16700
0.6625 0.575 16700
0.6625 0.575 16700
0.6625 0.575 16700
0.6625 0.575 16700
0.6625 0.575 16700
0.6625 0.575 16700
0.6625 0.575 16700
0.6625 0.575 16700
0.6625 0.575 16700
0.6625 0.575 16700
0.6625 0.575 16700
0.6625 0.575 16700
0.6625 0.575 16700
0.6625 0.575 16700
0.6625 0.575 16700
0.6625 0.575 16700
0.6625 0.575 16700
0.6625 0.575 16700
0.6625 0.575 16700
0.6625 0.575 16700
0.6625 0.575 16700
0.6625 0.575 16700
0.6625 0.575 16700
0.6625 0.575 16700
0.6625 0.575 16700
0.6625 0.575 16700
0.6625 0.575 16700
0.6625 0.575 16700
0.6625 0.575 16700
0.6625 0.575 16700
0.6625 0.575 16700
0.6625 0.575 16700
0.6625 0.575 16700
0.6625 0.575 16700
0.6625 0.575 16700
0.6625 0.575 16700
0.6625 0.575 16700
0.6625 0.575 16700
0.6625 0.575 16700
0.6625 0.575 16700
0.6625 0.575 16700
0.6625 0.575 16700
0.6625 0.575 16700
0.6625 0.575 16700
0.6625 0.575 16700
0.6625 0.575 16700
0.6625 0.575 16700
0.6625 0.575 16700
0.6625 0.575 16700
0.6625 0.575 16700
0.6625 0.575 16700
0.6625 0.575 16700
0.6625 0.575 16700
0.6625 0.575 16700
0.6625 0.575 16700
0.6625 0.575 16700
0.6625 0.575 16700
0.6625 0.575 16700
0.6625 0.575 16700
0.6625 0.56875 16700
0.6625 0.56875 16700
0.6625 0.56875 16700
0.6625 0.56875 16700
0.6625 0.56875 16700
0.6625 0.56875 16700
0.6625 0.56875 16700
0.6625 0.56875 16700
0.6625 0.56875 16700
0.6625 0.56875 16700
0.6625 0.56875 16700
0.6625 0.56875 16700
0.6625 0.56875 16700
0.6625 0.575 16700
0.6625 0.575 16700
0.6625 0.575 16700
0.6625 0.575 16700
0.6625 0.575 16700
0.6625 0.575 16700
0.6625 0.575 16700
0.6625 0.575 16700
0.6625 0.575 16700
0.6625 0.575 16700
0.6625 0.575 16700
0.6625 0.575 16700
0.6625 0.575 16700
0.6625 0.575 16700
0.6625 0.575 16700
0.6625 0.575 16700
0.6625 0.575 16700
0.6625 0.575 16700
0.6625 0.575 16700
0.6625 0.575 16700
0.6625 0.575 16700
0.6625 0.575 16700
0.6625 0.575 16700
0.6625 0.575 16700
0.6625 0.575 16700
0.6625 0.575 16700
0.6625 0.575 16700
0.6625 0.575 16700
0.6625 0.575 16700
0.6625 0.575 16700
0.6625 0.575 16700
0.6625 0.575 16700
0.6625 0.575 16700
0.6625 0.575 16700
0.6625 0.575 16700
0.6625 0.575 16700
0.6625 0.575 16700
0.6625 0.575 16700
0.6625 0.575 16700
0.6625 0.575 16700
0.6625 0.575 16700
0.6625 0.575 16700
0.6625 0.575 16700
0.6625 0.575 16700
0.6625 0.575 16700
0.6625 0.575 16700
0.6625 0.575 16700
0.6625 0.575 16700
0.6625 0.575 16700
0.6625 0.575 16700
0.6625 0.575 16700
0.6625 0.575 16700
0.6625 0.575 16700
0.6625 0.575 16700
0.6625 0.575 16700
0.6625 0.575 16700
0.6625 0.575 16700
0.6625 0.575 16700
0.6625 0.575 16700
0.6625 0.575 16700
0.6625 0.575 16700
0.6625 0.575 16700
0.6625 0.575 16700
0.6625 0.575 16700
0.6625 0.575 16700
0.6625 0.575 16700
0.6625 0.575 16700
0.6625 0.575 16700
0.6625 0.575 16700
0.6625 0.575 16700
0.6625 0.575 16700
0.6625 0.575 16700
0.6625 0.575 16700
0.6625 0.575 16700
0.6625 0.575 16700
0.6625 0.575 16700
0.6625 0.575 16700
0.6625 0.575 16700
0.6625 0.575 16700
0.6625 0.575 16700
0.6625 0.575 16700
0.6625 0.575 16700
0.6625 0.575 16700
0.6625 0.575 16700
0.6625 0.575 16700
0.6625 0.575 16700
0.6625 0.575 16700
0.6625 0.575 16700
0.6625 0.575 16700
0.6625 0.575 16700
0.6625 0.575 16700
0.6625 0.575 16700
0.6625 0.575 16700
0.6625 0.575 16700
0.6625 0.575 16700
0.6625 0.575 16700
0.6625 0.575 16700
0.6625 0.575 16700
0.6625 0.575 16700
0.6625 0.575 16700
0.6625 0.575 16700
0.6625 0.575 16700
0.6625 0.575 16700
0.6625 0.575 16700
0.6625 0.575 16700
0.6625 0.575 16700
0.6625 0.575 16700
0.6625 0.575 16700
0.6625 0.575 16700
0.6625 0.575 16700
0.6625 0.575 16700
0.6625 0.575 16700
0.6625 0.575 16700
0.6625 0.575 16700
0.6625 0.575 16700
0.6625 0.575 16700
0.6625 0.575 16700
0.6625 0.575 16700
0.6625 0.575 16700
0.6625 0.575 16700
0.6625 0.575 16700
0.6625 0.575 16700
0.6625 0.575 16700
0.6625 0.575 16700
0.6625 0.575 16700
0.6625 0.575 16700
0.6625 0.575 16700
0.6625 0.575 16700
0.6625 0.575 16700
0.6625 0.575 16700
0.6625 0.575 16700
0.6625 0.56875 16700
0.6625 0.56875 16700
0.6625 0.56875 16700
0.6625 0.56875 16700
0.6625 0.56875 16700
0.6625 0.56875 16700
0.6625 0.56875 16700
0.6625 0.56875 16700
0.6625 0.56875 16700
0.6625 0.56875 16700
0.6625 0.56875 16700
0.6625 0.56875 16700
0.6625 0.56875 16700
0.6625 0.56875 16700
0.6625 0.56875 16700
0.6625 0.56875 16700
0.6625 0.56875 16700
0.6625 0.56875 16700
0.6625 0.56875 16700
0.6625 0.56875 16700
0.6625 0.56875 16700
0.6625 0.56875 16700
0.6625 0.56875 16700
0.6625 0.56875 16700
0.6625 0.56875 16700
0.6625 0.56875 16700
0.6625 0.56875 16700
0.6625 0.56875 16700
0.6625 0.56875 16700
0.6625 0.56875 16700
0.6625 0.56875 16700
0.6625 0.56875 16700
0.6625 0.56875 16700
0.6625 0.56875 16700
0.6625 0.56875 16700
0.6625 0.56875 16700
0.6625 0.56875 16700
0.6625 0.56875 16700
0.6625 0.56875 16700
0.6625 0.56875 16700
0.6625 0.56875 16700
0.6625 0.56875 16700
0.6625 0.56875 16700
0.6625 0.56875 16700
0.6625 0.56875 16700
0.6625 0.56875 16700
0.6625 0.56875 16700
0.6625 0.56875 16700
0.6625 0.56875 16700
0.6625 0.56875 16700
0.6625 0.56875 16700
0.6625 0.56875 16700
0.6625 0.56875 16700
0.6625 0.56875 16700
0.6625 0.56875 16700
0.6625 0.56875 16700
0.6625 0.56875 16700
0.6625 0.56875 16700
0.6625 0.56875 16700
0.6625 0.56875 16700
0.6625 0.56875 16700
0.6625 0.56875 16700
0.6625 0.56875 16700
0.6625 0.56875 16700
0.6625 0.56875 16700
0.6625 0.56875 16700
0.6625 0.56875 16700
0.6625 0.56875 16700
0.6625 0.56875 16700
0.6625 0.56875 16700
0.6625 0.56875 16700
0.6625 0.56875 16700
0.6625 0.56875 16700
0.6625 0.56875 16700
0.6625 0.56875 16700
0.6625 0.56875 16700
0.6625 0.56875 16700
0.6625 0.56875 16700
0.6625 0.5625 16700
0.6625 0.5625 16700
0.6625 0.5625 16700
0.6625 0.5625 16700
0.6625 0.5625 16700
0.6625 0.5625 16700
0.6625 0.5625 16700
0.6625 0.5625 16700
0.6625 0.5625 16700
0.6625 0.5625 16700
0.6625 0.5625 16700
0.6625 0.5625 16700
0.6625 0.5625 16700
0.6625 0.5625 16700
0.6625 0.5625 16700
0.6625 0.5625 16700
0.6625 0.5625 16700
0.6625 0.5625 16700
0.6625 0.5625 16700
0.6625 0.5625 16700
0.6625 0.5625 16700
0.6625 0.5625 16700
0.6625 0.5625 16700
0.6625 0.5625 16700
0.6625 0.5625 16700
0.6625 0.5625 16700
0.6625 0.5625 16700
0.6625 0.5625 16700
0.6625 0.5625 16700
0.6625 0.5625 16700
0.6625 0.5625 16700
0.6625 0.5625 16700
0.6625 0.5625 16700
0.6625 0.5625 16700
0.6625 0.5625 16700
0.6625 0.5625 16700
0.6625 0.5625 16700
0.6625 0.5625 16700
0.6625 0.5625 16700
0.6625 0.5625 16700
0.6625 0.5625 16700
0.6625 0.5625 16700
0.6625 0.5625 16700
0.6625 0.5625 16700
0.6625 0.5625 16700
0.6625 0.5625 16700
0.6625 0.5625 16700
0.6625 0.5625 16700
0.6625 0.5625 16700
0.6625 0.5625 16700
0.6625 0.5625 16700
0.6625 0.5625 16700
0.6625 0.5625 16700
0.6625 0.5625 16700
0.6625 0.5625 16700
0.6625 0.5625 16700
0.6625 0.5625 16700
0.6625 0.5625 16700
0.6625 0.5625 16700
0.6625 0.5625 16700
0.6625 0.5625 16700
0.6625 0.5625 16700
0.6625 0.5625 16700
0.6625 0.5625 16700
0.6625 0.5625 16700
0.6625 0.5625 16700
0.6625 0.5625 16700
0.6625 0.5625 16700
0.6625 0.5625 16700
0.6625 0.5625 16700
0.6625 0.5625 16700
0.6625 0.5625 16700
0.6625 0.5625 16700
0.6625 0.5625 16700
0.6625 0.5625 16700
0.6625 0.5625 16700
0.6625 0.5625 16700
0.6625 0.5625 16700
0.6625 0.5625 16700
0.6625 0.5625 16700
0.6625 0.5625 16700
0.6625 0.5625 16700
0.6625 0.5625 16700
0.6625 0.5625 16700
0.6625 0.5625 16700
0.6625 0.5625 16700
0.6625 0.5625 16700
0.6625 0.5625 16700
0.6625 0.5625 16700
0.6625 0.5625 16700
0.6625 0.5625 16700
0.6625 0.5625 16700
0.6625 0.5625 16700
0.6625 0.5625 16700
0.6625 0.5625 16700
0.6625 0.5625 16700
0.6625 0.5625 16700
0.6625 0.5625 16700
0.6625 0.5625 16700
0.6625 0.5625 16700
0.6625 0.5625 16700
0.6625 0.5625 16700
0.6625 0.5625 16700
0.6625 0.5625 16700
0.6625 0.5625 16700
0.6625 0.5625 16700
0.6625 0.5625 16700
0.6625 0.5625 16700
0.6625 0.5625 16700
0.6625 0.5625 16700
0.6625 0.5625 16700
0.6625 0.5625 16700
0.6625 0.5625 16700
0.6625 0.5625 16700
0.6625 0.5625 16700
0.6625 0.5625 16700
0.6625 0.5625 16700
0.6625 0.5625 16700
0.6625 0.5625 16700
0.6625 0.5625 16700
0.6625 0.5625 16700
0.6625 0.5625 16700
0.6625 0.5625 16700
0.6625 0.5625 16700
0.6625 0.5625 16700
0.6625 0.5625 16700
0.6625 0.5625 16700
0.6625 0.5625 16700
0.6625 0.5625 16700
0.6625 0.5625 16700
0.6625 0.5625 16700
0.6625 0.5625 16700
0.6625 0.5625 16700
0.6625 0.5625 16700
0.6625 0.5625 16700
0.6625 0.5625 16700
0.6625 0.5625 16700
0.6625 0.5625 16700
0.6625 0.5625 16700
0.6625 0.5625 16700
0.6625 0.5625 16700
0.6625 0.5625 16700
0.6625 0.5625 16700
0.6625 0.5625 16700
0.6625 0.5625 16700
0.6625 0.5625 16700
0.6625 0.5625 16700
0.6625 0.5625 16700
0.6625 0.5625 16700
0.6625 0.5625 16700
0.6625 0.5625 16700
0.6625 0.5625 16700
0.6625 0.5625 16700
0.6625 0.5625 16700
0.6625 0.5625 16700
0.6625 0.5625 16700
0.6625 0.5625 16700
0.6625 0.5625 16700
0.6625 0.5625 16700
0.6625 0.5625 16700
0.6625 0.5625 16700
0.6625 0.5625 16700
0.6625 0.5625 16700
0.6625 0.5625 16700
0.6625 0.5625 16700
0.6625 0.5625 16700
0.6625 0.5625 16700
0.6625 0.5625 16700
0.6625 0.5625 16700
0.6625 0.5625 16700
0.6625 0.5625 16700
0.6625 0.5625 16700
0.6625 0.5625 16700
0.6625 0.5625 16700
0.6625 0.5625 16700
0.6625 0.5625 16700
0.6625 0.5625 16700
0.6625 0.5625 16700
0.6625 0.5625 16700
0.6625 0.5625 16700
0.6625 0.5625 16700
0.6625 0.5625 16700
0.6625 0.5625 16700
0.6625 0.5625 16700
0.6625 0.5625 16700
0.6625 0.5625 16700
0.6625 0.5625 16700
0.6625 0.5625 16700
0.6625 0.5625 16700
0.6625 0.5625 16700
0.6625 0.5625 16700
0.6625 0.5625 16700
0.6625 0.5625 16700
0.6625 0.5625 16700
0.6625 0.5625 16700
0.6625 0.5625 16700
0.6625 0.5625 16700
0.6625 0.5625 16700
0.6625 0.5625 16700
0.6625 0.5625 16700
0.6625 0.5625 16700
0.6625 0.5625 16700
0.6625 0.5625 16700
0.6625 0.5625 16700
0.6625 0.5625 16700
0.6625 0.5625 16700
0.6625 0.5625 16700
0.6625 0.5625 16700
0.6625 0.5625 16700
0.6625 0.5625 16700
0.6625 0.5625 16700
0.6625 0.5625 16700
0.6625 0.5625 16700
0.6625 0.5625 16700
0.6625 0.5625 16700
0.6625 0.5625 16700
0.6625 0.5625 16700
0.6625 0.5625 16700
0.6625 0.5625 16700
0.6625 0.5625 16700
0.6625 0.5625 16700
0.6625 0.5625 16700
0.6625 0.5625 16700
0.6625 0.5625 16700
0.6625 0.5625 16700
0.6625 0.5625 16700
0.6625 0.5625 16700
0.6625 0.5625 16700
0.6625 0.5625 16700
0.6625 0.5625 16700
0.6625 0.5625 16700
0.6625 0.5625 16700
0.6625 0.5625 16700
0.6625 0.5625 16700
0.6625 0.5625 16700
0.6625 0.5625 16700
0.6625 0.5625 16700
0.6625 0.5625 16700
0.6625 0.5625 16700
0.6625 0.5625 16700
0.6625 0.5625 16700
0.6625 0.5625 16700
0.6625 0.5625 16700
0.6625 0.5625 16700
0.6625 0.5625 16700
0.6625 0.5625 16700
0.6625 0.5625 16700
0.6625 0.5625 16700
0.6625 0.5625 16700
0.6625 0.5625 16700
0.6625 0.5625 16700
0.6625 0.5625 16700
0.6625 0.5625 16700
0.6625 0.5625 16700
0.6625 0.5625 16700
0.6625 0.5625 16700
0.6625 0.5625 16700
0.6625 0.5625 16700
0.6625 0.5625 16700
0.6625 0.5625 16700
0.6625 0.5625 16700
0.6625 0.5625 16700
0.6625 0.5625 16700
0.6625 0.5625 16700
0.6625 0.5625 16700
0.6625 0.5625 16700
0.6625 0.5625 16700
0.6625 0.5625 16700
0.6625 0.5625 16700
0.6625 0.5625 16700
0.6625 0.5625 16700
0.6625 0.5625 16700
0.6625 0.5625 16700
0.6625 0.5625 16700
0.6625 0.5625 16700
0.6625 0.5625 16700
0.6625 0.5625 16700
0.6625 0.5625 16700
0.6625 0.5625 16700
0.6625 0.5625 16700
0.6625 0.5625 16700
0.6625 0.5625 16700
0.6625 0.5625 16700
0.6625 0.5625 16700
0.6625 0.5625 16700
0.6625 0.5625 16700
0.6625 0.5625 16700
0.6625 0.5625 16700
0.6625 0.5625 16700
0.6625 0.5625 16700
0.6625 0.5625 16700
0.6625 0.5625 16700
0.6625 0.5625 16700
0.6625 0.5625 16700
0.6625 0.5625 16700
0.6625 0.5625 16700
0.6625 0.5625 16700
0.6625 0.5625 16700
0.6625 0.5625 16700
0.6625 0.5625 16700
0.6625 0.5625 16700
0.6625 0.5625 16700
0.6625 0.5625 16700
0.6625 0.5625 16700
0.6625 0.5625 16700
0.6625 0.5625 16700
0.6625 0.5625 16700
0.6625 0.5625 16700
0.6625 0.5625 16700
0.6625 0.5625 16700
0.6625 0.5625 16700
0.6625 0.5625 16700
0.6625 0.5625 16700
0.6625 0.5625 16700
0.6625 0.5625 16700
0.6625 0.5625 16700
0.6625 0.5625 16700
0.6625 0.5625 16700
0.6625 0.5625 16700
0.6625 0.5625 16700
0.6625 0.5625 16700
0.6625 0.5625 16700
0.6625 0.5625 16700
0.6625 0.5625 16700
0.6625 0.5625 16700
0.6625 0.5625 16700
0.6625 0.5625 16700
0.6625 0.5625 16700
0.6625 0.5625 16700
0.6625 0.5625 16700
0.6625 0.5625 16700
0.6625 0.5625 16700
0.6625 0.5625 16700
0.6625 0.5625 16700
0.6625 0.5625 16700
0.6625 0.5625 16700
0.6625 0.5625 16700
0.6625 0.5625 16700
0.6625 0.5625 16700
0.6625 0.5625 16700
0.6625 0.5625 16700
0.6625 0.5625 16700
0.6625 0.5625 16700
0.6625 0.5625 16700
0.6625 0.5625 16700
0.6625 0.5625 16700
0.6625 0.5625 16700
0.6625 0.5625 16700
0.6625 0.5625 16700
0.6625 0.5625 16700
0.6625 0.5625 16700
0.6625 0.5625 16700
0.6625 0.5625 16700
0.6625 0.5625 16700
0.6625 0.5625 16700
0.6625 0.5625 16700
0.6625 0.5625 16700
0.6625 0.5625 16700
0.6625 0.5625 16700
0.6625 0.5625 16700
0.6625 0.5625 16700
0.6625 0.5625 16700
0.6625 0.5625 16700
0.6625 0.5625 16700
0.6625 0.5625 16700
0.6625 0.5625 16700
0.6625 0.5625 16700
0.6625 0.5625 16700
0.6625 0.5625 16700
0.6625 0.5625 16700
0.6625 0.5625 16700
0.6625 0.5625 16700
0.6625 0.5625 16700
0.6625 0.5625 16700
0.6625 0.5625 16700
0.6625 0.5625 16700
0.6625 0.5625 16700
0.6625 0.5625 16700
0.6625 0.5625 16700
0.6625 0.5625 16700
0.6625 0.5625 16700
0.6625 0.5625 16700
0.6625 0.5625 16700
0.6625 0.5625 16700
0.6625 0.5625 16700
0.6625 0.5625 16700
0.6625 0.5625 16700
0.6625 0.5625 16700
0.6625 0.5625 16700
0.6625 0.5625 16700
0.6625 0.5625 16700
0.6625 0.5625 16700
0.6625 0.5625 16700
0.6625 0.5625 16700
0.6625 0.5625 16700
0.6625 0.5625 16700
0.6625 0.5625 16700
0.6625 0.5625 16700
0.6625 0.5625 16700
0.6625 0.5625 16700
0.6625 0.5625 16700
0.6625 0.5625 16700
0.6625 0.5625 16700
0.6625 0.5625 16700
0.6625 0.5625 16700
0.6625 0.5625 16700
0.6625 0.5625 16700
0.6625 0.5625 16700
0.6625 0.5625 16700
0.6625 0.5625 16700
0.6625 0.5625 16700
0.6625 0.5625 16700
0.6625 0.5625 16700
0.6625 0.5625 16700
0.6625 0.5625 16700
0.6625 0.5625 16700
0.6625 0.5625 16700
0.6625 0.5625 16700
0.6625 0.5625 16700
0.6625 0.5625 16700
0.6625 0.5625 16700
0.6625 0.5625 16700
0.6625 0.5625 16700
0.6625 0.5625 16700
0.6625 0.5625 16700
0.6625 0.5625 16700
0.6625 0.5625 16700
0.6625 0.5625 16700
0.6625 0.5625 16700
0.6625 0.5625 16700
0.6625 0.5625 16700
0.6625 0.5625 16700
0.6625 0.5625 16700
0.6625 0.5625 16700
0.6625 0.5625 16700
0.6625 0.5625 16700
0.6625 0.5625 16700
0.6625 0.5625 16700
0.6625 0.5625 16700
0.6625 0.5625 16700
0.6625 0.5625 16700
0.6625 0.5625 16700
0.6625 0.5625 16700
0.6625 0.5625 16700
0.6625 0.5625 16700
0.6625 0.5625 16700
0.6625 0.5625 16700
0.6625 0.5625 16700
0.6625 0.5625 16700
0.6625 0.5625 16700
0.6625 0.5625 16700
0.6625 0.5625 16700
0.6625 0.5625 16700
0.6625 0.5625 16700
0.6625 0.5625 16700
0.6625 0.5625 16700
0.6625 0.5625 16700
0.6625 0.5625 16700
0.6625 0.5625 16700
0.6625 0.5625 16700
0.6625 0.5625 16700
0.6625 0.5625 16700
0.6625 0.5625 16700
0.6625 0.5625 16700
0.6625 0.5625 16700
0.6625 0.5625 16700
0.6625 0.5625 16700
0.6625 0.5625 16700
0.6625 0.5625 16700
0.6625 0.5625 16700
0.6625 0.5625 16700
0.6625 0.5625 16700
0.6625 0.5625 16700
0.6625 0.5625 16700
0.6625 0.5625 16700
0.6625 0.5625 16700
0.6625 0.5625 16700
0.6625 0.5625 16700
0.6625 0.5625 16700
0.6625 0.5625 16700
0.6625 0.5625 16700
0.6625 0.5625 16700
0.6625 0.5625 16700
0.6625 0.5625 16700
0.6625 0.5625 16700
0.6625 0.5625 16700
0.6625 0.5625 16700
0.6625 0.5625 16700
0.6625 0.5625 16700
0.6625 0.5625 16700
0.6625 0.5625 16700
0.6625 0.5625 16700
0.6625 0.5625 16700
0.6625 0.5625 16700
0.6625 0.5625 16700
0.6625 0.5625 16700
0.6625 0.5625 16700
0.6625 0.5625 16700
0.6625 0.5625 16700
0.6625 0.5625 16700
0.6625 0.5625 16700
0.6625 0.5625 16700
0.6625 0.5625 16700
0.6625 0.5625 16700
0.6625 0.5625 16700
0.6625 0.5625 16700
0.6625 0.5625 16700
0.6625 0.5625 16700
0.6625 0.5625 16700
0.6625 0.5625 16700
0.6625 0.5625 16700
0.6625 0.5625 16700
0.6625 0.5625 16700
0.6625 0.5625 16700
0.6625 0.5625 16700
0.6625 0.5625 16700
0.6625 0.5625 16700
0.6625 0.5625 16700
0.6625 0.5625 16700
0.6625 0.5625 16700
0.6625 0.5625 16700
0.6625 0.5625 16700
0.6625 0.5625 16700
0.6625 0.5625 16700
0.6625 0.5625 16700
0.6625 0.5625 16700
0.6625 0.5625 16700
0.6625 0.56875 16700
0.6625 0.56875 16700
0.6625 0.56875 16700
0.6625 0.56875 16700
0.6625 0.56875 16700
0.6625 0.56875 16700
0.6625 0.56875 16700
0.6625 0.56875 16700
0.6625 0.56875 16700
0.6625 0.56875 16700
0.6625 0.56875 16700
0.6625 0.56875 16700
0.6625 0.56875 16700
0.6625 0.56875 16700
0.6625 0.56875 16700
0.6625 0.56875 16700
0.6625 0.56875 16700
0.6625 0.56875 16700
0.6625 0.56875 16700
0.6625 0.56875 16700
0.6625 0.56875 16700
0.6625 0.56875 16700
0.6625 0.56875 16700
0.6625 0.56875 16700
0.6625 0.56875 16700
0.6625 0.56875 16700
0.6625 0.56875 16700
0.6625 0.56875 16700
0.6625 0.56875 16700
0.6625 0.56875 16700
0.6625 0.56875 16700
0.6625 0.56875 16700
0.6625 0.56875 16700
0.6625 0.56875 16700
0.6625 0.56875 16700
0.6625 0.56875 16700
0.6625 0.56875 16700
0.6625 0.56875 16700
0.6625 0.56875 16700
0.6625 0.56875 16700
0.6625 0.56875 16700
0.6625 0.56875 16700
0.6625 0.56875 16700
0.6625 0.56875 16700
0.6625 0.56875 16700
0.6625 0.56875 16700
0.6625 0.56875 16700
0.6625 0.56875 16700
0.6625 0.56875 16700
0.6625 0.56875 16700
0.6625 0.56875 16700
0.6625 0.56875 16700
0.6625 0.56875 16700
0.6625 0.56875 16700
0.6625 0.56875 16700
0.6625 0.56875 16700
0.6625 0.56875 16700
0.6625 0.56875 16700
0.6625 0.56875 16700
0.6625 0.56875 16700
0.6625 0.56875 16700
0.6625 0.56875 16700
0.6625 0.56875 16700
0.6625 0.56875 16700
0.6625 0.56875 16700
0.6625 0.56875 16700
0.6625 0.56875 16700
0.6625 0.56875 16700
0.6625 0.56875 16700
0.6625 0.56875 16700
0.6625 0.56875 16700
0.6625 0.56875 16700
0.6625 0.56875 16700
0.6625 0.56875 16700
0.6625 0.56875 16700
0.6625 0.56875 16700
0.6625 0.56875 16700
0.6625 0.56875 16700
0.6625 0.56875 16700
0.6625 0.56875 16700
0.6625 0.56875 16700
0.6625 0.56875 16700
0.6625 0.56875 16700
0.6625 0.56875 16700
0.6625 0.56875 16700
0.6625 0.56875 16700
0.6625 0.56875 16700
0.6625 0.56875 16700
0.6625 0.56875 16700
0.6625 0.56875 16700
0.6625 0.56875 16700
0.6625 0.56875 16700
0.6625 0.56875 16700
0.6625 0.56875 16700
0.6625 0.56875 16700
0.6625 0.56875 16700
0.6625 0.56875 16700
0.6625 0.56875 16700
0.6625 0.56875 16700
0.6625 0.56875 16700
0.6625 0.56875 16700
0.6625 0.56875 16700
0.6625 0.56875 16700
0.6625 0.56875 16700
0.6625 0.56875 16700
0.6625 0.56875 16700
0.6625 0.56875 16700
0.6625 0.56875 16700
0.6625 0.56875 16700
0.6625 0.56875 16700
0.6625 0.56875 16700
0.6625 0.56875 16700
0.6625 0.56875 16700
0.6625 0.56875 16700
0.6625 0.56875 16700
0.6625 0.56875 16700
0.6625 0.56875 16700
0.6625 0.56875 16700
0.6625 0.56875 16700
0.6625 0.56875 16700
0.6625 0.56875 16700
0.6625 0.56875 16700
0.6625 0.56875 16700
0.6625 0.56875 16700
0.6625 0.56875 16700
0.6625 0.56875 16700
0.6625 0.56875 16700
0.6625 0.56875 16700
0.6625 0.56875 16700
0.6625 0.56875 16700
0.6625 0.56875 16700
0.6625 0.56875 16700
0.6625 0.56875 16700
0.6625 0.56875 16700
0.6625 0.56875 16700
0.6625 0.56875 16700
0.6625 0.56875 16700
0.6625 0.56875 16700
0.6625 0.56875 16700
0.6625 0.56875 16700
0.6625 0.56875 16700
0.6625 0.56875 16700
0.6625 0.56875 16700
0.6625 0.56875 16700
0.6625 0.56875 16700
0.6625 0.56875 16700
0.6625 0.56875 16700
0.6625 0.56875 16700
0.6625 0.56875 16700
0.6625 0.56875 16700
0.6625 0.56875 16700
0.6625 0.56875 16700
0.6625 0.56875 16700
0.6625 0.56875 16700
0.6625 0.56875 16700
0.6625 0.56875 16700
0.6625 0.56875 16700
0.6625 0.56875 16700
0.6625 0.56875 16700
0.6625 0.56875 16700
0.6625 0.56875 16700
0.6625 0.56875 16700
0.6625 0.56875 16700
0.6625 0.56875 16700
0.6625 0.56875 16700
0.6625 0.56875 16700
0.6625 0.56875 16700
0.6625 0.56875 16700
0.6625 0.56875 16700
0.6625 0.56875 16700
0.6625 0.56875 16700
0.6625 0.56875 16700
0.6625 0.56875 16700
0.6625 0.56875 16700
0.6625 0.56875 16700
0.6625 0.56875 16700
0.6625 0.56875 16700
0.6625 0.56875 16700
0.6625 0.56875 16700
0.6625 0.56875 16700
0.6625 0.56875 16700
0.6625 0.56875 16700
0.6625 0.56875 16700
0.6625 0.56875 16700
0.6625 0.56875 16700
0.6625 0.56875 16700
0.6625 0.56875 16700
0.6625 0.56875 16700
0.6625 0.56875 16700
0.6625 0.56875 16700
0.6625 0.56875 16700
0.6625 0.56875 16700
0.6625 0.56875 16700
0.6625 0.56875 16700
0.6625 0.56875 16700
0.6625 0.56875 16700
0.6625 0.56875 16700
0.6625 0.56875 16700
0.6625 0.56875 16700
0.6625 0.56875 16700
0.6625 0.56875 16700
0.6625 0.56875 16700
0.6625 0.56875 16700
0.6625 0.56875 16700
0.6625 0.56875 16700
0.6625 0.571875 16700
0.6625 0.575 16700
0.6625 0.575 16700
0.6625 0.575 16700
0.6625 0.575 16700
0.6625 0.575 16700
0.6625 0.575 16700
0.6625 0.575 16700
0.6625 0.575 16700
0.6625 0.575 16700
0.6625 0.575 16700
0.6625 0.575 16700
0.6625 0.575 16700
0.6625 0.575 16700
0.6625 0.575 16700
0.6625 0.575 16700
0.6625 0.575 16700
0.6625 0.575 16700
0.6625 0.575 16700
0.6625 0.575 16700
0.6625 0.575 16700
0.6625 0.575 16700
0.6625 0.575 16700
0.6625 0.575 16700
0.6625 0.575 16700
0.6625 0.575 16700
0.6625 0.575 16700
0.6625 0.575 16700
0.6625 0.575 16700
0.6625 0.575 16700
0.6625 0.575 16700
0.6625 0.575 16700
0.6625 0.575 16700
0.6625 0.575 16700
0.6625 0.575 16700
0.6625 0.575 16700
0.6625 0.575 16700
0.6625 0.575 16700
0.6625 0.575 16700
0.6625 0.575 16700
0.6625 0.575 16700
0.6625 0.575 16700
0.6625 0.575 16700
0.6625 0.575 16700
0.6625 0.575 16700
0.6625 0.575 16700
0.6625 0.575 16700
0.6625 0.575 16700
0.6625 0.575 16700
0.6625 0.575 16700
0.6625 0.575 16700
0.6625 0.575 16700
0.6625 0.575 16700
0.6625 0.575 16700
0.6625 0.575 16700
0.6625 0.575 16700
0.6625 0.575 16700
0.6625 0.575 16700
0.6625 0.575 16700
0.6625 0.575 16700
0.6625 0.575 16700
0.6625 0.575 16700
0.6625 0.575 16700
0.6625 0.575 16700
0.6625 0.575 16700
0.6625 0.575 16700
0.6625 0.575 16700
0.6625 0.575 16700
0.6625 0.575 16700
0.6625 0.575 16700
0.6625 0.575 16700
0.6625 0.575 16700
0.6625 0.575 16700
0.6625 0.575 16700
0.6625 0.575 16700
0.6625 0.575 16700
0.6625 0.575 16700
0.6625 0.575 16700
0.6625 0.575 16700
0.6625 0.575 16700
0.6625 0.575 16700
0.6625 0.575 16700
0.6625 0.575 16700
0.6625 0.575 16700
0.6625 0.575 16700
0.6625 0.575 16700
0.6625 0.575 16700
0.6625 0.575 16700
0.6625 0.58125 16700
0.6625 0.58125 16700
0.6625 0.58125 16700
0.6625 0.58125 16700
0.6625 0.58125 16700
0.6625 0.58125 16700
0.6625 0.58125 16700
0.6625 0.58125 16700
0.6625 0.58125 16700
0.6625 0.58125 16700
0.6625 0.58125 16700
0.6625 0.58125 16700
0.6625 0.58125 16700
0.6625 0.58125 16700
0.6625 0.58125 16700
0.6625 0.58125 16700
0.6625 0.58125 16700
0.6625 0.58125 16700
0.6625 0.58125 16700
0.6625 0.58125 16700
0.6625 0.58125 16700
0.6625 0.58125 16700
0.6625 0.58125 16700
0.6625 0.58125 16700
0.6625 0.58125 16700
0.6625 0.58125 16700
0.6625 0.58125 16700
0.6625 0.58125 16700
0.6625 0.58125 16700
0.6625 0.58125 16700
0.6625 0.58125 16700
0.6625 0.58125 16700
0.6625 0.58125 16700
0.6625 0.58125 16700
0.6625 0.58125 16700
0.6625 0.58125 16700
0.6625 0.58125 16700
0.6625 0.58125 16700
0.6625 0.58125 16700
0.6625 0.58125 16700
0.6625 0.58125 16700
0.6625 0.58125 16700
0.6625 0.58125 16700
0.6625 0.58125 16700
0.6625 0.58125 16700
0.6625 0.58125 16700
0.6625 0.58125 16700
0.6625 0.58125 16700
0.6625 0.58125 16700
0.6625 0.58125 16700
0.6625 0.58125 16700
0.6625 0.58125 16700
0.6625 0.58125 16700
0.6625 0.58125 16700
0.6625 0.58125 16700
0.6625 0.58125 16700
0.6625 0.58125 16700
0.6625 0.58125 16700
0.6625 0.58125 16700
0.6625 0.58125 16700
0.6625 0.58125 16700
0.6625 0.58125 16700
0.6625 0.58125 16700
0.6625 0.58125 16700
0.6625 0.58125 16700
0.6625 0.58125 16700
0.6625 0.58125 16700
0.6625 0.58125 16700
0.6625 0.58125 16700
0.6625 0.58125 16700
0.6625 0.58125 16700
0.6625 0.58125 16700
0.6625 0.58125 16700
0.6625 0.58125 16700
0.6625 0.58125 16700
0.6625 0.58125 16700
0.6625 0.58125 16700
0.6625 0.58125 16700
0.6625 0.58125 16700
0.6625 0.58125 16700
0.6625 0.58125 16700
0.6625 0.58125 16700
0.6625 0.58125 16700
0.6625 0.58125 16700
0.6625 0.58125 16700
0.6625 0.58125 16700
0.6625 0.58125 16700
0.6625 0.58125 16700
0.6625 0.58125 16700
0.6625 0.58125 16700
0.6625 0.58125 16700
0.6625 0.58125 16700
0.6625 0.58125 16700
0.6625 0.58125 16700
0.6625 0.58125 16700
0.6625 0.58125 16700
0.6625 0.58125 16700
0.6625 0.58125 16700
0.6625 0.58125 16700
0.6625 0.58125 16700
0.6625 0.58125 16700
0.6625 0.58125 16700
0.6625 0.58125 16700
0.6625 0.58125 16700
0.6625 0.58125 16700
0.6625 0.58125 16700
0.6625 0.58125 16700
0.6625 0.58125 16700
0.6625 0.58125 16700
0.6625 0.58125 16700
0.6625 0.58125 16700
0.6625 0.58125 16700
0.6625 0.58125 16700
0.6625 0.58125 16700
0.6625 0.58125 16700
0.6625 0.58125 16700
0.6625 0.58125 16700
0.6625 0.58125 16700
0.6625 0.58125 16700
0.6625 0.58125 16700
0.6625 0.58125 16700
0.6625 0.58125 16700
0.6625 0.58125 16700
0.6625 0.58125 16700
0.6625 0.58125 16700
0.6625 0.58125 16700
0.6625 0.58125 16700
0.6625 0.58125 16700
0.6625 0.58125 16700
0.6625 0.58125 16700
0.6625 0.58125 16700
0.6625 0.58125 16700
0.6625 0.58125 16700
0.6625 0.58125 16700
0.6625 0.58125 16700
0.6625 0.58125 16700
0.6625 0.58125 16700
0.6625 0.58125 16700
0.6625 0.58125 16700
0.6625 0.58125 16700
0.6625 0.58125 16700
0.6625 0.58125 16700
0.6625 0.58125 16700
0.6625 0.58125 16700
0.6625 0.58125 16700
0.6625 0.58125 16700
0.6625 0.58125 16700
0.6625 0.58125 16700
0.6625 0.58125 16700
0.6625 0.58125 16700
0.6625 0.58125 16700
0.6625 0.58125 16700
0.6625 0.58125 16700
0.6625 0.58125 16700
0.6625 0.58125 16700
0.6625 0.58125 16700
0.6625 0.58125 16700
0.6625 0.58125 16700
0.6625 0.58125 16700
0.6625 0.58125 16700
0.6625 0.58125 16700
0.6625 0.58125 16700
0.6625 0.58125 16700
0.6625 0.58125 16700
0.6625 0.58125 16700
0.6625 0.58125 16700
0.6625 0.58125 16700
0.6625 0.58125 16700
0.6625 0.58125 16700
0.6625 0.58125 16700
0.6625 0.58125 16700
0.6625 0.58125 16700
0.6625 0.58125 16700
0.6625 0.58125 16700
0.6625 0.58125 16700
0.6625 0.58125 16700
0.6625 0.58125 16700
0.6625 0.58125 16700
0.6625 0.584375 16700
0.6625 0.5875 16700
0.6625 0.5875 16700
0.6625 0.5875 16700
0.6625 0.5875 16700
0.6625 0.5875 16700
0.6625 0.5875 16700
0.6625 0.5875 16700
0.6625 0.5875 16700
0.6625 0.5875 16700
0.6625 0.5875 16700
0.6625 0.5875 16700
0.6625 0.5875 16700
0.6625 0.5875 16700
0.6625 0.5875 16700
0.6625 0.5875 16700
0.6625 0.5875 16700
0.6625 0.5875 16700
0.6625 0.5875 16700
0.6625 0.5875 16700
0.6625 0.5875 16700
0.6625 0.5875 16700
0.6625 0.5875 16700
0.6625 0.5875 16700
0.6625 0.5875 16700
0.6625 0.5875 16700
0.6625 0.5875 16700
0.6625 0.5875 16700
0.6625 0.5875 16700
0.6625 0.5875 16700
0.6625 0.5875 16700
0.6625 0.5875 16700
0.6625 0.5875 16700
0.6625 0.5875 16700
0.6625 0.5875 16700
0.6625 0.5875 16700
0.6625 0.5875 16700
0.6625 0.5875 16700
0.6625 0.5875 16700
0.6625 0.5875 16700
0.6625 0.5875 16700
0.6625 0.5875 16700
0.6625 0.5875 16700
0.6625 0.5875 16700
0.6625 0.5875 16700
0.6625 0.5875 16700
0.6625 0.5875 16700
0.6625 0.5875 16700
0.6625 0.5875 16700
0.6625 0.5875 16700
0.6625 0.5875 16700
0.6625 0.5875 16700
0.6625 0.5875 16700
0.6625 0.5875 16700
0.6625 0.5875 16700
0.6625 0.5875 16700
0.6625 0.5875 16700
0.6625 0.5875 16700
0.6625 0.5875 16700
0.6625 0.5875 16700
0.6625 0.5875 16700
0.6625 0.5875 16700
0.6625 0.5875 16700
0.6625 0.5875 16700
0.6625 0.5875 16700
0.6625 0.5875 16700
0.6625 0.5875 16700
0.6625 0.5875 16700
0.6625 0.5875 16700
0.6625 0.5875 16700
0.6625 0.5875 16700
0.6625 0.5875 16700
0.6625 0.5875 16700
0.6625 0.5875 16700
0.6625 0.5875 16700
0.6625 0.5875 16700
0.6625 0.5875 16700
0.6625 0.5875 16700
0.6625 0.5875 16700
0.6625 0.5875 16700
0.6625 0.5875 16700
0.6625 0.5875 16700
0.6625 0.5875 16700
0.6625 0.5875 16700
0.6625 0.5875 16700
0.6625 0.5875 16700
0.6625 0.5875 16700
0.6625 0.5875 16700
0.6625 0.5875 16700
0.6625 0.5875 16700
0.6625 0.5875 16700
0.6625 0.5875 16700
0.6625 0.5875 16700
0.6625 0.5875 16700
0.6625 0.5875 16700
0.6625 0.5875 16700
0.6625 0.5875 16700
0.6625 0.5875 16700
0.6625 0.5875 16700
0.6625 0.5875 16700
0.6625 0.5875 16700
0.6625 0.5875 16700
0.6625 0.5875 16700
0.6625 0.5875 16700
0.6625 0.5875 16700
0.6625 0.5875 16700
0.6625 0.5875 16700
0.6625 0.5875 16700
0.6625 0.5875 16700
0.6625 0.5875 16700
0.6625 0.5875 16700
0.6625 0.5875 16700
0.6625 0.5875 16700
0.6625 0.5875 16700
0.6625 0.5875 16700
0.6625 0.5875 16700
0.6625 0.5875 16700
0.6625 0.5875 16700
0.6625 0.5875 16700
0.6625 0.5875 16700
0.6625 0.5875 16700
0.6625 0.5875 16700
0.6625 0.5875 16700
0.6625 0.5875 16700
0.6625 0.5875 16700
0.6625 0.5875 16700
0.6625 0.5875 16700
0.6625 0.5875 16700
0.6625 0.5875 16700
0.6625 0.5875 16700
0.6625 0.5875 16700
0.6625 0.5875 16700
0.6625 0.5875 16700
0.6625 0.5875 16700
0.6625 0.5875 16700
0.6625 0.5875 16700
0.6625 0.5875 16700
0.6625 0.5875 16700
0.6625 0.5875 16700
0.6625 0.5875 16700
0.6625 0.5875 16700
0.6625 0.5875 16700
0.6625 0.5875 16700
0.6625 0.5875 16700
0.6625 0.5875 16700
0.6625 0.5875 16700
0.6625 0.5875 16700
0.6625 0.5875 16700
0.6625 0.5875 16700
0.6625 0.5875 16700
0.6625 0.5875 16700
0.6625 0.5875 16700
0.6625 0.5875 16700
0.6625 0.5875 16700
0.6625 0.5875 16700
0.6625 0.5875 16700
0.6625 0.5875 16700
0.6625 0.5875 16700
0.6625 0.5875 16700
0.6625 0.5875 16700
0.6625 0.5875 16700
0.6625 0.5875 16700
0.6625 0.5875 16700
0.6625 0.5875 16700
0.6625 0.5875 16700
0.6625 0.5875 16700
0.6625 0.5875 16700
0.6625 0.5875 16700
0.6625 0.5875 16700
0.6625 0.5875 16700
0.6625 0.5875 16700
0.6625 0.5875 16700
0.6625 0.5875 16700
0.6625 0.5875 16700
0.6625 0.5875 16700
0.6625 0.5875 16700
0.6625 0.5875 16700
0.6625 0.5875 16700
0.6625 0.5875 16700
0.6625 0.5875 16700
0.6625 0.5875 16700
0.6625 0.5875 16700
0.6625 0.5875 16700
0.6625 0.5875 16700
0.6625 0.5875 16700
0.6625 0.5875 16700
0.6625 0.5875 16700
0.6625 0.5875 16700
0.6625 0.5875 16700
0.6625 0.5875 16700
0.6625 0.5875 16700
0.6625 0.5875 16700
0.6625 0.5875 16700
0.6625 0.5875 16700
0.6625 0.5875 16700
0.6625 0.5875 16700
0.6625 0.5875 16700
0.6625 0.5875 16700
0.6625 0.5875 16700
0.6625 0.5875 16700
0.6625 0.5875 16700
0.6625 0.5875 16700
0.6625 0.5875 16700
0.6625 0.5875 16700
0.6625 0.5875 16700
0.6625 0.5875 16700
0.6625 0.5875 16700
0.6625 0.5875 16700
0.6625 0.5875 16700
0.6625 0.5875 16700
0.6625 0.5875 16700
0.6625 0.5875 16700
0.6625 0.5875 16700
0.6625 0.5875 16700
0.6625 0.5875 16700
0.6625 0.5875 16700
0.6625 0.5875 16700
0.6625 0.5875 16700
0.6625 0.5875 16700
0.6625 0.5875 16700
0.6625 0.5875 16700
0.6625 0.5875 16700
0.6625 0.5875 16700
0.6625 0.5875 16700
0.6625 0.5875 16700
0.6625 0.5875 16700
0.6625 0.5875 16700
0.6625 0.5875 16700
0.6625 0.5875 16700
0.6625 0.5875 16700
0.6625 0.5875 16700
0.6625 0.5875 16700
0.6625 0.5875 16700
0.6625 0.5875 16700
0.6625 0.5875 16700
0.6625 0.5875 16700
0.6625 0.5875 16700
0.6625 0.5875 16700
0.6625 0.5875 16700
0.6625 0.5875 16700
0.6625 0.5875 16700
0.6625 0.5875 16700
0.6625 0.5875 16700
0.6625 0.5875 16700
0.6625 0.5875 16700
0.6625 0.5875 16700
0.6625 0.5875 16700
0.6625 0.5875 16700
0.6625 0.5875 16700
0.6625 0.5875 16700
0.6625 0.5875 16700
0.6625 0.5875 16700
0.6625 0.5875 16700
0.6625 0.5875 16700
0.6625 0.5875 16700
0.6625 0.5875 16700
0.6625 0.5875 16700
0.6625 0.5875 16700
0.6625 0.5875 16700
0.6625 0.5875 16700
0.6625 0.5875 16700
0.6625 0.5875 16700
0.6625 0.5875 16700
0.6625 0.5875 16700
0.6625 0.5875 16700
0.6625 0.5875 16700
0.6625 0.5875 16700
0.6625 0.5875 16700
0.6625 0.5875 16700
0.6625 0.5875 16700
0.6625 0.5875 16700
0.6625 0.5875 16700
0.6625 0.5875 16700
0.6625 0.5875 16700
0.6625 0.5875 16700
0.6625 0.5875 16700
0.6625 0.5875 16700
0.6625 0.5875 16700
0.6625 0.5875 16700
0.6625 0.5875 16700
0.6625 0.5875 16700
0.6625 0.5875 16700
0.6625 0.5875 16700
0.6625 0.5875 16700
0.6625 0.5875 16700
0.6625 0.5875 16700
0.6625 0.5875 16700
0.6625 0.5875 16700
0.6625 0.5875 16700
0.6625 0.5875 16700
0.6625 0.5875 16700
0.6625 0.5875 16700
0.6625 0.5875 16700
0.6625 0.5875 16700
0.6625 0.5875 16700
0.6625 0.5875 16700
0.6625 0.5875 16700
0.6625 0.5875 16700
0.6625 0.5875 16700
0.6625 0.5875 16700
0.6625 0.5875 16700
0.6625 0.5875 16700
0.6625 0.5875 16700
0.6625 0.5875 16700
0.6625 0.5875 16700
0.6625 0.5875 16700
0.6625 0.5875 16700
0.6625 0.5875 16700
0.6625 0.5875 16700
0.6625 0.5875 16700
0.6625 0.5875 16700
0.6625 0.5875 16700
0.6625 0.5875 16700
0.6625 0.5875 16700
0.6625 0.5875 16700
0.6625 0.5875 16700
0.6625 0.5875 16700
0.6625 0.5875 16700
0.6625 0.5875 16700
0.6625 0.5875 16700
0.6625 0.5875 16700
0.6625 0.5875 16700
0.6625 0.5875 16700
0.6625 0.5875 16700
0.6625 0.5875 16700
0.6625 0.5875 16700
0.6625 0.5875 16700
0.6625 0.5875 16700
0.6625 0.5875 16700
0.6625 0.5875 16700
0.6625 0.5875 16700
0.6625 0.5875 16700
0.6625 0.5875 16700
0.6625 0.5875 16700
0.6625 0.5875 16700
0.6625 0.5875 16700
0.6625 0.5875 16700
0.6625 0.5875 16700
0.6625 0.5875 16700
0.6625 0.5875 16700
0.6625 0.5875 16700
0.6625 0.5875 16700
0.6625 0.5875 16700
0.6625 0.5875 16700
0.6625 0.5875 16700
0.6625 0.5875 16700
0.6625 0.5875 16700
0.6625 0.5875 16700
0.6625 0.5875 16700
0.6625 0.5875 16700
0.6625 0.5875 16700
0.6625 0.5875 16700
0.6625 0.5875 16700
0.6625 0.5875 16700
0.6625 0.5875 16700
0.6625 0.5875 16700
0.6625 0.5875 16700
0.6625 0.5875 16700
0.6625 0.5875 16700
0.6625 0.5875 16700
0.6625 0.5875 16700
0.6625 0.5875 16700
0.6625 0.5875 16700
0.6625 0.5875 16700
0.6625 0.5875 16700
0.6625 0.5875 16700
0.6625 0.5875 16700
0.6625 0.5875 16700
0.6625 0.5875 16700
0.6625 0.5875 16700
0.6625 0.5875 16700
0.6625 0.5875 16700
0.6625 0.5875 16700
0.6625 0.5875 16700
0.6625 0.5875 16700
0.6625 0.5875 16700
0.6625 0.5875 16700
0.6625 0.5875 16700
0.6625 0.5875 16700
0.6625 0.5875 16700
0.6625 0.5875 16700
0.6625 0.5875 16700
0.6625 0.5875 16700
0.6625 0.5875 16700
0.6625 0.5875 16700
0.6625 0.5875 16700
0.6625 0.5875 16700
0.6625 0.5875 16700
0.6625 0.5875 16700
0.6625 0.5875 16700
0.6625 0.5875 16700
0.6625 0.5875 16700
0.6625 0.5875 16700
0.6625 0.5875 16700
0.6625 0.5875 16700
0.6625 0.5875 16700
0.6625 0.5875 16700
0.6625 0.5875 16700
0.6625 0.5875 16700
0.6625 0.5875 16700
0.6625 0.5875 16700
0.6625 0.5875 16700
0.6625 0.5875 16700
0.6625 0.5875 16700
0.6625 0.5875 16700
0.6625 0.5875 16700
0.6625 0.5875 16700
0.6625 0.5875 16700
0.6625 0.5875 16700
0.6625 0.5875 16700
0.6625 0.5875 16700
0.6625 0.5875 16700
0.6625 0.5875 16700
0.6625 0.5875 16700
0.6625 0.5875 16700
0.6625 0.5875 16700
0.6625 0.5875 16700
0.6625 0.5875 16700
0.6625 0.5875 16700
0.6625 0.5875 16700
0.6625 0.5875 16700
0.6625 0.5875 16700
0.6625 0.5875 16700
0.6625 0.5875 16700
0.6625 0.5875 16700
0.6625 0.5875 16700
0.6625 0.5875 16700
0.6625 0.5875 16700
0.6625 0.5875 16700
0.6625 0.5875 16700
0.6625 0.5875 16700
0.6625 0.5875 16700
0.6625 0.5875 16700
0.6625 0.5875 16700
0.6625 0.5875 16700
0.6625 0.5875 16700
0.6625 0.5875 16700
0.6625 0.5875 16700
0.6625 0.5875 16700
0.6625 0.5875 16700
0.6625 0.5875 16700
0.6625 0.5875 16700
0.6625 0.5875 16700
0.6625 0.5875 16700
0.6625 0.5875 16700
0.6625 0.5875 16700
0.6625 0.5875 16700
0.6625 0.5875 16700
0.6625 0.5875 16700
0.6625 0.5875 16700
0.6625 0.5875 16700
0.6625 0.5875 16700
0.6625 0.5875 16700
0.6625 0.5875 16700
0.6625 0.5875 16700
0.6625 0.5875 16700
0.6625 0.5875 16700
0.6625 0.5875 16700
0.6625 0.5875 16700
0.6625 0.5875 16700
0.6625 0.5875 16700
0.6625 0.5875 16700
0.6625 0.5875 16700
0.6625 0.5875 16700
0.6625 0.5875 16700
0.6625 0.5875 16700
0.6625 0.5875 16700
0.6625 0.5875 16700
0.6625 0.5875 16700
0.6625 0.5875 16700
0.6625 0.5875 16700
0.6625 0.5875 16700
0.6625 0.5875 16700
0.6625 0.5875 16700
0.6625 0.5875 16700
0.6625 0.5875 16700
0.6625 0.5875 16700
0.6625 0.5875 16700
0.6625 0.5875 16700
0.6625 0.5875 16700
0.6625 0.5875 16700
0.6625 0.5875 16700
0.6625 0.5875 16700
0.6625 0.5875 16700
0.6625 0.5875 16700
0.6625 0.5875 16700
0.6625 0.5875 16700
0.6625 0.5875 16700
0.6625 0.5875 16700
0.6625 0.5875 16700
0.6625 0.5875 16700
0.6625 0.5875 16700
0.6625 0.5875 16700
0.6625 0.5875 16700
0.6625 0.5875 16700
0.6625 0.5875 16700
0.6625 0.5875 16700
0.6625 0.5875 16700
0.6625 0.5875 16700
0.6625 0.5875 16700
0.6625 0.5875 16700
0.6625 0.5875 16700
0.6625 0.5875 16700
0.6625 0.5875 16700
0.6625 0.5875 16700
0.6625 0.5875 16700
0.6625 0.5875 16700
0.6625 0.5875 16700
0.6625 0.5875 16700
0.6625 0.5875 16700
0.6625 0.5875 16700
0.6625 0.5875 16700
0.6625 0.5875 16700
0.6625 0.5875 16700
0.6625 0.5875 16700
0.6625 0.5875 16700
0.6625 0.5875 16700
0.6625 0.5875 16700
0.6625 0.5875 16700
0.6625 0.5875 16700
0.6625 0.5875 16700
0.6625 0.5875 16700
0.6625 0.5875 16700
0.6625 0.5875 16700
0.6625 0.5875 16700
0.6625 0.5875 16700
0.6625 0.5875 16700
0.6625 0.5875 16700
0.6625 0.5875 16700
0.6625 0.5875 16700
0.6625 0.5875 16700
0.6625 0.5875 16700
0.6625 0.5875 16700
0.6625 0.5875 16700
0.6625 0.5875 16700
0.6625 0.5875 16700
0.6625 0.5875 16700
0.6625 0.5875 16700
0.6625 0.5875 16700
0.6625 0.5875 16700
0.6625 0.5875 16700
0.6625 0.5875 16700
0.6625 0.5875 16700
0.6625 0.5875 16700
0.6625 0.5875 16700
0.6625 0.5875 16700
0.6625 0.5875 16700
0.6625 0.5875 16700
0.6625 0.5875 16700
0.6625 0.5875 16700
0.6625 0.5875 16700
0.6625 0.5875 16700
0.6625 0.5875 16700
0.6625 0.5875 16700
0.6625 0.5875 16700
0.6625 0.5875 16700
0.6625 0.5875 16700
0.6625 0.5875 16700
0.6625 0.5875 16700
0.6625 0.5875 16700
0.6625 0.5875 16700
0.6625 0.5875 16700
0.6625 0.5875 16700
0.6625 0.5875 16700
0.6625 0.5875 16700
0.6625 0.5875 16700
0.6625 0.5875 16700
0.6625 0.5875 16700
0.6625 0.5875 16700
0.6625 0.5875 16700
0.6625 0.5875 16700
0.6625 0.5875 16700
0.6625 0.5875 16700
0.6625 0.5875 16700
0.6625 0.5875 16700
0.6625 0.5875 16700
0.6625 0.5875 16700
0.6625 0.5875 16700
0.6625 0.5875 16700
0.6625 0.5875 16700
0.6625 0.5875 16700
0.6625 0.5875 16700
0.6625 0.5875 16700
0.6625 0.5875 16700
0.6625 0.5875 16700
0.6625 0.5875 16700
0.6625 0.5875 16700
0.6625 0.5875 16700
0.6625 0.5875 16700
0.6625 0.5875 16700
0.6625 0.5875 16700
0.6625 0.5875 16700
0.6625 0.5875 16700
0.6625 0.5875 16700
0.6625 0.5875 16700
0.6625 0.5875 16700
0.6625 0.5875 16700
0.6625 0.5875 16700
0.6625 0.5875 16700
0.6625 0.5875 16700
0.6625 0.5875 16700
0.6625 0.58125 16700
0.6625 0.58125 16700
0.6625 0.58125 16700
0.6625 0.58125 16700
0.6625 0.58125 16700
0.6625 0.58125 16700
0.6625 0.58125 16700
0.6625 0.58125 16700
0.6625 0.575 16700
0.6625 0.575 16700
0.6625 0.575 16700
0.6625 0.575 16700
0.6625 0.575 16700
0.6625 0.575 16700
0.6625 0.575 16700
0.6625 0.575 16700
0.6625 0.575 16700
0.6625 0.575 16700
0.6625 0.575 16700
0.6625 0.575 16700
0.6625 0.575 16700
0.6625 0.575 16700
0.6625 0.575 16700
0.6625 0.575 16700
0.6625 0.575 16700
0.6625 0.575 16700
0.6625 0.575 16700
0.6625 0.575 16700
0.6625 0.575 16700
0.6625 0.575 16700
0.6625 0.575 16700
0.6625 0.575 16700
0.6625 0.575 16700
0.6625 0.575 16700
0.6625 0.575 16700
0.6625 0.575 16700
0.6625 0.575 16700
0.6625 0.575 16700
0.6625 0.575 16700
0.6625 0.575 16700
0.6625 0.575 16700
0.6625 0.575 16700
0.6625 0.575 16700
0.6625 0.575 16700
0.6625 0.575 16700
0.6625 0.575 16700
0.6625 0.575 16700
0.6625 0.575 16700
0.6625 0.575 16700
0.6625 0.575 16700
0.6625 0.575 16700
0.6625 0.575 16700
0.6625 0.575 16700
0.6625 0.575 16700
0.6625 0.575 16700
0.6625 0.575 16700
0.6625 0.575 16700
0.6625 0.575 16700
0.6625 0.575 16700
0.6625 0.575 16700
0.6625 0.575 16700
0.6625 0.575 16700
0.6625 0.575 16700
0.6625 0.575 16700
0.6625 0.575 16700
0.6625 0.575 16700
0.6625 0.575 16700
0.6625 0.575 16700
0.6625 0.575 16700
0.6625 0.575 16700
0.6625 0.575 16700
0.6625 0.575 16700
0.6625 0.575 16700
0.6625 0.575 16700
0.6625 0.575 16700
0.6625 0.575 16700
0.6625 0.575 16700
0.6625 0.575 16700
0.6625 0.575 16700
0.6625 0.575 16700
0.6625 0.575 16700
0.6625 0.575 16700
0.6625 0.575 16700
0.6625 0.575 16700
0.6625 0.575 16700
0.6625 0.575 16700
0.6625 0.575 16700
0.6625 0.575 16700
0.6625 0.575 16700
0.6625 0.575 16700
0.6625 0.575 16700
0.6625 0.575 16700
0.6625 0.575 16700
0.6625 0.575 16700
0.6625 0.575 16700
0.6625 0.575 16700
0.6625 0.575 16700
0.6625 0.575 16700
0.6625 0.575 16700
0.6625 0.575 16700
0.6625 0.575 16700
0.6625 0.575 16700
0.6625 0.575 16700
0.6625 0.575 16700
0.6625 0.575 16700
0.6625 0.575 16700
0.6625 0.575 16700
0.6625 0.575 16700
0.6625 0.575 16700
0.6625 0.575 16700
0.6625 0.575 16700
0.6625 0.575 16700
0.6625 0.575 16700
0.6625 0.575 16700
0.6625 0.575 16700
0.6625 0.575 16700
0.6625 0.575 16700
0.6625 0.575 16700
0.6625 0.575 16700
0.6625 0.575 16700
0.6625 0.575 16700
0.6625 0.575 16700
0.6625 0.575 16700
0.6625 0.575 16700
0.6625 0.575 16700
0.6625 0.575 16700
0.6625 0.575 16700
0.6625 0.575 16700
0.6625 0.575 16700
0.6625 0.575 16700
0.6625 0.575 16700
0.6625 0.575 16700
0.6625 0.575 16700
0.6625 0.575 16700
0.6625 0.575 16700
0.6625 0.575 16700
0.6625 0.575 16700
0.6625 0.575 16700
0.6625 0.575 16700
0.6625 0.575 16700
0.6625 0.575 16700
0.6625 0.575 16700
0.6625 0.575 16700
0.6625 0.575 16700
0.6625 0.575 16700
0.6625 0.575 16700
0.6625 0.575 16700
0.6625 0.575 16700
0.6625 0.575 16700
0.6625 0.575 16700
0.6625 0.575 16700
0.6625 0.575 16700
0.6625 0.575 16700
0.6625 0.575 16700
0.6625 0.575 16700
0.6625 0.575 16700
0.6625 0.575 16700
0.6625 0.575 16700
0.6625 0.575 16700
0.6625 0.575 16700
0.6625 0.575 16700
0.6625 0.575 16700
0.6625 0.575 16700
0.6625 0.575 16700
0.6625 0.575 16700
0.6625 0.575 16700
0.6625 0.575 16700
0.6625 0.575 16700
0.6625 0.575 16700
0.6625 0.575 16700
0.6625 0.575 16700
0.6625 0.575 16700
0.6625 0.575 16700
0.6625 0.575 16700
0.6625 0.575 16700
0.6625 0.575 16700
0.6625 0.575 16700
0.6625 0.575 16700
0.6625 0.575 16700
0.6625 0.575 16700
0.6625 0.575 16700
0.6625 0.575 16700
0.6625 0.575 16700
0.6625 0.575 16700
0.6625 0.575 16700
0.6625 0.575 16700
0.6625 0.575 16700
0.6625 0.575 16700
0.6625 0.575 16700
0.6625 0.575 16700
0.6625 0.575 16700
0.6625 0.575 16700
0.6625 0.575 16700
0.6625 0.575 16700
0.6625 0.575 16700
0.6625 0.575 16700
0.6625 0.575 16700
0.6625 0.575 16700
0.6625 0.575 16700
0.6625 0.575 16700
0.6625 0.575 16700
0.6625 0.575 16700
0.6625 0.575 16700
0.6625 0.575 16700
0.6625 0.575 16700
0.6625 0.575 16700
0.6625 0.575 16700
0.6625 0.575 16700
0.6625 0.575 16700
0.6625 0.575 16700
0.6625 0.575 16700
0.6625 0.575 16700
0.6625 0.575 16700
0.6625 0.575 16700
0.6625 0.575 16700
0.6625 0.575 16700
0.6625 0.575 16700
0.6625 0.575 16700
0.6625 0.575 16700
0.6625 0.575 16700
0.6625 0.575 16700
0.6625 0.575 16700
0.6625 0.575 16700
0.6625 0.575 16700
0.6625 0.575 16700
0.6625 0.575 16700
0.6625 0.575 16700
0.6625 0.575 16700
0.6625 0.575 16700
0.6625 0.575 16700
0.6625 0.575 16700
0.6625 0.575 16700
0.6625 0.575 16700
0.6625 0.575 16700
0.6625 0.575 16700
0.6625 0.575 16700
0.6625 0.575 16700
0.6625 0.575 16700
0.6625 0.575 16700
0.6625 0.575 16700
0.6625 0.575 16700
0.6625 0.575 16700
0.6625 0.575 16700
0.6625 0.575 16700
0.6625 0.575 16700
0.6625 0.575 16700
0.6625 0.575 16700
0.6625 0.575 16700
0.6625 0.575 16700
0.6625 0.575 16700
0.6625 0.575 16700
0.6625 0.575 16700
0.6625 0.575 16700
0.6625 0.575 16700
0.6625 0.575 16700
0.6625 0.575 16700
0.6625 0.575 16700
0.6625 0.575 16700
0.6625 0.575 16700
0.6625 0.575 16700
0.6625 0.575 16700
0.6625 0.575 16700
0.6625 0.575 16700
0.6625 0.575 16700
0.6625 0.575 16700
0.6625 0.575 16700
0.6625 0.575 16700
0.6625 0.575 16700
0.6625 0.575 16700
0.6625 0.575 16700
0.6625 0.575 16700
0.6625 0.575 16700
0.6625 0.575 16700
0.6625 0.575 16700
0.6625 0.575 16700
0.6625 0.58125 16700
0.6625 0.58125 16700
0.6625 0.58125 16700
0.6625 0.58125 16700
0.6625 0.58125 16700
0.6625 0.58125 16700
0.6625 0.58125 16700
0.6625 0.58125 16700
0.6625 0.58125 16700
0.6625 0.58125 16700
0.6625 0.58125 16700
0.6625 0.58125 16700
0.6625 0.58125 16700
0.6625 0.58125 16700
0.6625 0.58125 16700
0.6625 0.58125 16700
0.6625 0.58125 16700
0.6625 0.58125 16700
0.6625 0.58125 16700
0.6625 0.58125 16700
0.6625 0.58125 16700
0.6625 0.58125 16700
0.6625 0.58125 16700
0.6625 0.58125 16700
0.6625 0.58125 16700
0.6625 0.58125 16700
0.6625 0.58125 16700
0.6625 0.5875 16700
0.6625 0.5875 16700
0.6625 0.5875 16700
0.6625 0.5875 16700
0.6625 0.5875 16700
0.6625 0.5875 16700
0.6625 0.5875 16700
0.6625 0.5875 16700
0.6625 0.5875 16700
0.6625 0.59375 16700
0.6625 0.59375 16700
0.6625 0.59375 16700
0.6625 0.59375 16700
0.6625 0.59375 16700
0.6625 0.59375 16700
0.6625 0.59375 16700
0.6625 0.59375 16700
0.6625 0.59375 16700
0.6625 0.59375 16700
0.6625 0.59375 16700
0.6625 0.59375 16700
0.6625 0.59375 16700
0.6625 0.59375 16700
0.6625 0.59375 16700
0.6625 0.59375 16700
0.6625 0.59375 16700
0.6625 0.59375 16700
0.6625 0.59375 16700
0.6625 0.59375 16700
0.6625 0.59375 16700
0.6625 0.59375 16700
0.6625 0.59375 16700
0.6625 0.59375 16700
0.6625 0.59375 16700
0.6625 0.59375 16700
0.6625 0.59375 16700
0.6625 0.59375 16700
0.6625 0.59375 16700
0.6625 0.59375 16700
0.6625 0.59375 16700
0.6625 0.59375 16700
0.6625 0.59375 16700
0.6625 0.59375 16700
0.6625 0.59375 16700
0.6625 0.59375 16700
0.6625 0.59375 16700
0.6625 0.59375 16700
0.6625 0.59375 16700
0.6625 0.59375 16700
0.6625 0.59375 16700
0.6625 0.59375 16700
0.6625 0.59375 16700
0.6625 0.59375 16700
0.6625 0.59375 16700
0.6625 0.59375 16700
0.6625 0.59375 16700
0.6625 0.59375 16700
0.6625 0.59375 16700
0.6625 0.59375 16700
0.6625 0.59375 16700
0.6625 0.59375 16700
0.6625 0.59375 16700
0.6625 0.59375 16700
0.6625 0.59375 16700
0.6625 0.59375 16700
0.6625 0.596875 16700
0.6625 0.6 16700
0.6625 0.6 16700
0.6625 0.6 16700
0.6625 0.6 16700
0.6625 0.6 16700
0.6625 0.6 16700
0.6625 0.6 16700
0.6625 0.6 16700
0.6625 0.6 16700
0.6625 0.6 16700
0.6625 0.6 16700
0.6625 0.6 16700
0.6625 0.6 16700
0.6625 0.6 16700
0.6625 0.6 16700
0.6625 0.6 16700
0.6625 0.6 16700
0.6625 0.6 16700
0.6625 0.6 16700
0.6625 0.6 16700
0.6625 0.6 16700
0.6625 0.6 16700
0.6625 0.6 16700
0.6625 0.6 16700
0.6625 0.6 16700
0.6625 0.6 16700
0.6625 0.6 16700
0.6625 0.6 16700
0.6625 0.6 16700
0.6625 0.6 16700
0.6625 0.6 16700
0.6625 0.6 16700
0.6625 0.6 16700
0.6625 0.6 16700
0.6625 0.6 16700
0.6625 0.6 16700
0.6625 0.6 16700
0.6625 0.6 16700
0.6625 0.6 16700
0.6625 0.6 16700
0.6625 0.6 16700
0.6625 0.6 16700
0.6625 0.6 16700
0.6625 0.6 16700
0.6625 0.6 16700
0.6625 0.6 16700
0.6625 0.6 16700
0.6625 0.6 16700
0.6625 0.6 16700
0.6625 0.6 16700
0.6625 0.6 16700
0.6625 0.6 16700
0.6625 0.6 16700
0.6625 0.6 16700
0.6625 0.6 16700
0.6625 0.6 16700
0.6625 0.6 16700
0.6625 0.6 16700
0.6625 0.6 16700
0.6625 0.6 16700
0.6625 0.6 16700
0.6625 0.6 16700
0.6625 0.60625 16700
0.6625 0.60625 16700
0.6625 0.60625 16700
0.6625 0.60625 16700
0.6625 0.60625 16700
0.6625 0.60625 16700
0.6625 0.60625 16700
0.6625 0.60625 16700
0.6625 0.60625 16700
0.6625 0.60625 16700
0.6625 0.60625 16700
0.6625 0.60625 16700
0.6625 0.60625 16700
0.6625 0.60625 16700
0.6625 0.60625 16700
0.6625 0.60625 16700
0.6625 0.60625 16700
0.6625 0.60625 16700
0.6625 0.60625 16700
0.6625 0.60625 16700
0.6625 0.60625 16700
0.6625 0.60625 16700
0.6625 0.60625 16700
0.6625 0.60625 16700
0.6625 0.60625 16700
0.6625 0.60625 16700
0.6625 0.60625 16700
0.6625 0.60625 16700
0.6625 0.60625 16700
0.6625 0.60625 16700
0.6625 0.60625 16700
0.6625 0.60625 16700
0.6625 0.60625 16700
0.6625 0.60625 16700
0.6625 0.60625 16700
0.6625 0.60625 16700
0.6625 0.60625 16700
0.6625 0.60625 16700
0.6625 0.60625 16700
0.6625 0.60625 16700
0.6625 0.60625 16700
0.6625 0.60625 16700
0.6625 0.60625 16700
0.6625 0.60625 16700
0.6625 0.60625 16700
0.6625 0.60625 16700
0.6625 0.60625 16700
0.6625 0.60625 16700
0.6625 0.60625 16700
0.6625 0.60625 16700
0.6625 0.60625 16700
0.6625 0.60625 16700
0.6625 0.60625 16700
0.6625 0.60625 16700
0.6625 0.60625 16700
0.6625 0.60625 16700
0.6625 0.60625 16700
0.6625 0.60625 16700
0.6625 0.60625 16700
0.6625 0.60625 16700
0.6625 0.60625 16700
0.6625 0.60625 16700
0.6625 0.60625 16700
0.6625 0.60625 16700
0.6625 0.60625 16700
0.6625 0.60625 16700
0.6625 0.60625 16700
0.6625 0.60625 16700
0.6625 0.60625 16700
0.6625 0.60625 16700
0.6625 0.60625 16700
0.6625 0.60625 16700
0.6625 0.60625 16700
0.6625 0.60625 16700
0.6625 0.60625 16700
0.6625 0.60625 16700
0.6625 0.60625 16700
0.6625 0.60625 16700
0.6625 0.60625 16700
0.6625 0.60625 16700
0.6625 0.60625 16700
0.6625 0.60625 16700
0.6625 0.60625 16700
0.6625 0.60625 16700
0.6625 0.60625 16700
0.6625 0.60625 16700
0.6625 0.60625 16700
0.6625 0.60625 16700
0.6625 0.60625 16700
0.6625 0.60625 16700
0.6625 0.60625 16700
0.6625 0.60625 16700
0.6625 0.60625 16700
0.6625 0.60625 16700
0.6625 0.60625 16700
0.6625 0.60625 16700
0.6625 0.60625 16700
0.6625 0.60625 16700
0.6625 0.60625 16700
0.6625 0.60625 16700
0.6625 0.60625 16700
0.6625 0.60625 16700
0.6625 0.60625 16700
0.6625 0.60625 16700
0.6625 0.60625 16700
0.6625 0.60625 16700
0.6625 0.60625 16700
0.6625 0.60625 16700
0.6625 0.60625 16700
0.6625 0.60625 16700
0.6625 0.60625 16700
0.6625 0.60625 16700
0.6625 0.60625 16700
0.6625 0.60625 16700
0.6625 0.6125 16700
0.6625 0.6125 16700
0.6625 0.6125 16700
0.6625 0.6125 16700
0.6625 0.6125 16700
0.6625 0.6125 16700
0.6625 0.6125 16700
0.6625 0.6125 16700
0.6625 0.6125 16700
0.6625 0.6125 16700
0.6625 0.6125 16700
0.6625 0.6125 16700
0.6625 0.6125 16700
0.6625 0.6125 16700
0.6625 0.6125 16700
0.6625 0.6125 16700
0.6625 0.6125 16700
0.6625 0.6125 16700
0.6625 0.6125 16700
0.6625 0.6125 16700
0.6625 0.6125 16700
0.6625 0.6125 16700
0.6625 0.6125 16700
0.6625 0.6125 16700
0.6625 0.6125 16700
0.6625 0.6125 16700
0.6625 0.6125 16700
0.6625 0.6125 16700
0.6625 0.6125 16700
0.6625 0.6125 16700
0.6625 0.6125 16700
0.6625 0.6125 16700
0.6625 0.6125 16700
0.6625 0.6125 16700
0.6625 0.6125 16700
0.6625 0.6125 16700
0.6625 0.6125 16700
0.6625 0.6125 16700
0.6625 0.6125 16700
0.6625 0.6125 16700
0.6625 0.6125 16700
0.6625 0.6125 16700
0.6625 0.6125 16700
0.6625 0.6125 16700
0.6625 0.6125 16700
0.6625 0.6125 16700
0.6625 0.6125 16700
0.6625 0.6125 16700
0.6625 0.6125 16700
0.6625 0.6125 16700
0.6625 0.6125 16700
0.6625 0.6125 16700
0.6625 0.6125 16700
0.6625 0.6125 16700
0.6625 0.6125 16700
0.6625 0.6125 16700
0.6625 0.6125 16700
0.6625 0.6125 16700
0.6625 0.6125 16700
0.6625 0.6125 16700
0.6625 0.6125 16700
0.6625 0.6125 16700
0.6625 0.6125 16700
0.6625 0.6125 16700
0.6625 0.6125 16700
0.6625 0.6125 16700
0.6625 0.6125 16700
0.6625 0.6125 16700
0.6625 0.6125 16700
0.6625 0.6125 16700
0.6625 0.6125 16700
0.6625 0.6125 16700
0.6625 0.6125 16700
0.6625 0.6125 16700
0.6625 0.6125 16700
0.6625 0.6125 16700
0.6625 0.6125 16700
0.6625 0.6125 16700
0.6625 0.6125 16700
0.6625 0.6125 16700
0.6625 0.6125 16700
0.6625 0.6125 16700
0.6625 0.6125 16700
0.6625 0.6125 16700
0.6625 0.6125 16700
0.6625 0.6125 16700
0.6625 0.6125 16700
0.6625 0.6125 16700
0.6625 0.6125 16700
0.6625 0.6125 16700
0.6625 0.6125 16700
0.6625 0.6125 16700
0.6625 0.6125 16700
0.6625 0.6125 16700
0.6625 0.6125 16700
0.6625 0.6125 16700
0.6625 0.6125 16700
0.6625 0.6125 16700
0.6625 0.6125 16700
0.6625 0.6125 16700
0.6625 0.6125 16700
0.6625 0.6125 16700
0.6625 0.6125 16700
0.6625 0.6125 16700
0.6625 0.6125 16700
0.6625 0.6125 16700
0.6625 0.6125 16700
0.6625 0.6125 16700
0.6625 0.6125 16700
0.6625 0.6125 16700
0.6625 0.6125 16700
0.6625 0.6125 16700
0.6625 0.6125 16700
0.6625 0.6125 16700
0.6625 0.6125 16700
0.6625 0.6125 16700
0.6625 0.6125 16700
0.6625 0.6125 16700
0.6625 0.6125 16700
0.6625 0.6125 16700
0.6625 0.6125 16700
0.6625 0.61875 16700
0.6625 0.61875 16700
0.6625 0.61875 16700
0.6625 0.61875 16700
0.6625 0.61875 16700
0.6625 0.61875 16700
0.6625 0.61875 16700
0.6625 0.61875 16700
0.6625 0.61875 16700
0.6625 0.61875 16700
0.6625 0.61875 16700
0.6625 0.61875 16700
0.6625 0.61875 16700
0.6625 0.61875 16700
0.6625 0.61875 16700
0.6625 0.61875 16700
0.6625 0.61875 16700
0.6625 0.61875 16700
0.6625 0.61875 16700
0.6625 0.61875 16700
0.6625 0.61875 16700
0.6625 0.61875 16700
0.6625 0.61875 16700
0.6625 0.61875 16700
0.6625 0.61875 16700
0.6625 0.61875 16700
0.6625 0.61875 16700
0.6625 0.61875 16700
0.6625 0.61875 16700
0.6625 0.61875 16700
0.6625 0.61875 16700
0.6625 0.61875 16700
0.6625 0.61875 16700
0.6625 0.61875 16700
0.6625 0.61875 16700
0.6625 0.61875 16700
0.6625 0.61875 16700
0.6625 0.61875 16700
0.6625 0.61875 16700
0.6625 0.61875 16700
0.6625 0.61875 16700
0.6625 0.61875 16700
0.6625 0.61875 16700
0.6625 0.61875 16700
0.6625 0.61875 16700
0.6625 0.61875 16700
0.6625 0.61875 16700
0.6625 0.61875 16700
0.6625 0.61875 16700
0.6625 0.61875 16700
0.6625 0.61875 16700
0.6625 0.61875 16700
0.6625 0.61875 16700
0.6625 0.61875 16700
0.6625 0.621875 16700
0.6625 0.625 16700
0.6625 0.625 16700
0.6625 0.625 16700
0.6625 0.625 16700
0.6625 0.625 16700
0.6625 0.625 16700
0.6625 0.625 16700
0.6625 0.625 16700
0.6625 0.625 16700
0.6625 0.625 16700
0.6625 0.625 16700
0.6625 0.625 16700
0.6625 0.625 16700
0.6625 0.625 16700
0.6625 0.625 16700
0.6625 0.625 16700
0.6625 0.625 16700
0.6625 0.625 16700
0.6625 0.625 16700
0.6625 0.625 16700
0.6625 0.625 16700
0.6625 0.625 16700
0.6625 0.625 16700
0.6625 0.625 16700
0.6625 0.625 16700
0.6625 0.625 16700
0.6625 0.625 16700
0.6625 0.625 16700
0.6625 0.625 16700
0.6625 0.625 16700
0.6625 0.625 16700
0.6625 0.625 16700
0.6625 0.625 16700
0.6625 0.625 16700
0.6625 0.625 16700
0.6625 0.625 16700
0.6625 0.625 16700
0.6625 0.625 16700
0.6625 0.625 16700
0.6625 0.625 16700
0.6625 0.625 16700
0.6625 0.625 16700
0.6625 0.625 16700
0.6625 0.625 16700
0.6625 0.625 16700
0.6625 0.625 16700
0.6625 0.625 16700
0.6625 0.625 16700
0.6625 0.625 16700
0.6625 0.625 16700
0.6625 0.625 16700
0.6625 0.625 16700
0.6625 0.625 16700
0.6625 0.625 16700
0.6625 0.625 16700
0.6625 0.625 16700
0.6625 0.625 16700
0.6625 0.625 16700
0.6625 0.625 16700
0.6625 0.625 16700
0.6625 0.625 16700
0.6625 0.625 16700
0.6625 0.625 16700
0.6625 0.625 16700
0.6625 0.625 16700
0.6625 0.625 16700
0.6625 0.625 16700
0.6625 0.625 16700
0.6625 0.625 16700
0.6625 0.625 16700
0.6625 0.625 16700
0.6625 0.625 16700
0.6625 0.625 16700
0.6625 0.625 16700
0.6625 0.625 16700
0.6625 0.625 16700
0.6625 0.625 16700
0.6625 0.625 16700
0.6625 0.625 16700
0.6625 0.625 16700
0.6625 0.625 16700
0.6625 0.625 16700
0.6625 0.625 16700
0.6625 0.625 16700
0.6625 0.625 16700
0.6625 0.625 16700
0.6625 0.625 16700
0.6625 0.625 16700
0.6625 0.625 16700
0.6625 0.625 16700
0.6625 0.625 16700
0.6625 0.625 16700
0.6625 0.625 16700
0.6625 0.625 16700
0.6625 0.625 16700
0.6625 0.625 16700
0.6625 0.625 16700
0.6625 0.625 16700
0.6625 0.625 16700
0.6625 0.625 16700
0.6625 0.625 16700
0.6625 0.625 16700
0.6625 0.625 16700
0.6625 0.625 16700
0.6625 0.625 16700
0.6625 0.625 16700
0.6625 0.625 16700
0.6625 0.625 16700
0.6625 0.625 16700
0.6625 0.625 16700
0.6625 0.625 16700
0.6625 0.625 16700
0.6625 0.625 16700
0.6625 0.625 16700
0.6625 0.625 16700
0.6625 0.625 16700
0.6625 0.625 16700
0.6625 0.625 16700
0.6625 0.625 16700
0.6625 0.625 16700
0.6625 0.625 16700
0.6625 0.625 16700
0.6625 0.625 16700
0.6625 0.625 16700
0.6625 0.625 16700
0.6625 0.625 16700
0.6625 0.625 16700
0.6625 0.625 16700
0.6625 0.625 16700
0.6625 0.625 16700
0.6625 0.625 16700
0.6625 0.625 16700
0.6625 0.625 16700
0.6625 0.625 16700
0.6625 0.625 16700
0.6625 0.625 16700
0.6625 0.625 16700
0.6625 0.625 16700
0.6625 0.625 16700
0.6625 0.625 16700
0.6625 0.625 16700
0.6625 0.625 16700
0.6625 0.625 16700
0.6625 0.625 16700
0.6625 0.625 16700
0.6625 0.625 16700
0.6625 0.625 16700
0.6625 0.625 16700
0.6625 0.625 16700
0.6625 0.625 16700
0.6625 0.625 16700
0.6625 0.625 16700
0.6625 0.625 16700
0.6625 0.625 16700
0.6625 0.625 16700
0.6625 0.625 16700
0.6625 0.625 16700
0.6625 0.625 16700
0.6625 0.625 16700
0.6625 0.625 16700
0.6625 0.625 16700
0.6625 0.625 16700
0.6625 0.625 16700
0.6625 0.625 16700
0.6625 0.625 16700
0.6625 0.625 16700
0.6625 0.625 16700
0.6625 0.625 16700
0.6625 0.625 16700
0.6625 0.625 16700
0.6625 0.625 16700
0.6625 0.625 16700
0.6625 0.625 16700
0.6625 0.625 16700
0.6625 0.625 16700
0.6625 0.625 16700
0.6625 0.625 16700
0.6625 0.625 16700
0.6625 0.625 16700
0.6625 0.625 16700
0.6625 0.625 16700
0.6625 0.625 16700
0.6625 0.625 16700
0.6625 0.625 16700
0.6625 0.625 16700
0.6625 0.625 16700
0.6625 0.625 16700
0.6625 0.625 16700
0.6625 0.625 16700
0.6625 0.625 16700
0.6625 0.625 16700
0.6625 0.625 16700
0.6625 0.625 16700
0.6625 0.625 16700
0.6625 0.625 16700
0.6625 0.625 16700
0.6625 0.625 16700
0.6625 0.625 16700
0.6625 0.61875 16700
0.6625 0.61875 16700
0.6625 0.61875 16700
0.6625 0.6125 16700
0.6625 0.6125 16700
0.6625 0.6125 16700
0.6625 0.6125 16700
0.6625 0.6125 16700
0.6625 0.6125 16700
0.6625 0.6125 16700
0.6625 0.6125 16700
0.6625 0.60625 16700
0.6625 0.60625 16700
0.6625 0.60625 16700
0.6625 0.60625 16700
0.6625 0.60625 16700
0.6625 0.60625 16700
0.6625 0.60625 16700
0.6625 0.60625 16700
0.6625 0.60625 16700
0.6625 0.60625 16700
0.6625 0.60625 16700
0.6625 0.60625 16700
0.6625 0.60625 16700
0.6625 0.60625 16700
0.6625 0.60625 16700
0.6625 0.60625 16700
0.6625 0.60625 16700
0.6625 0.60625 16700
0.6625 0.60625 16700
0.6625 0.60625 16700
0.6625 0.60625 16700
0.6625 0.60625 16700
0.6625 0.60625 16700
0.6625 0.60625 16700
0.6625 0.60625 16700
0.6625 0.60625 16700
0.6625 0.60625 16700
0.6625 0.60625 16700
0.6625 0.60625 16700
0.6625 0.60625 16700
0.6625 0.60625 16700
0.6625 0.60625 16700
0.6625 0.60625 16700
0.6625 0.60625 16700
0.6625 0.60625 16700
0.6625 0.60625 16700
0.6625 0.60625 16700
0.6625 0.60625 16700
0.6625 0.60625 16700
0.6625 0.60625 16700
0.6625 0.60625 16700
0.6625 0.60625 16700
0.6625 0.60625 16700
0.6625 0.60625 16700
0.6625 0.60625 16700
0.6625 0.60625 16700
0.6625 0.60625 16700
0.6625 0.60625 16700
0.6625 0.60625 16700
0.6625 0.60625 16700
0.6625 0.60625 16700
0.6625 0.60625 16700
0.6625 0.60625 16700
0.6625 0.60625 16700
0.6625 0.60625 16700
0.6625 0.60625 16700
0.6625 0.60625 16700
0.6625 0.60625 16700
0.6625 0.60625 16700
0.6625 0.60625 16700
0.6625 0.60625 16700
0.6625 0.60625 16700
0.6625 0.60625 16700
0.6625 0.60625 16700
0.6625 0.60625 16700
0.6625 0.60625 16700
0.6625 0.60625 16700
0.6625 0.60625 16700
0.6625 0.60625 16700
0.6625 0.60625 16700
0.6625 0.60625 16700
0.6625 0.60625 16700
0.6625 0.60625 16700
0.6625 0.60625 16700
0.6625 0.60625 16700
0.6625 0.60625 16700
0.6625 0.60625 16700
0.6625 0.60625 16700
0.6625 0.60625 16700
0.6625 0.60625 16700
0.6625 0.60625 16700
0.6625 0.60625 16700
0.6625 0.60625 16700
0.6625 0.60625 16700
0.6625 0.60625 16700
0.6625 0.60625 16700
0.6625 0.60625 16700
0.6625 0.60625 16700
0.6625 0.60625 16700
0.6625 0.60625 16700
0.6625 0.60625 16700
0.6625 0.60625 16700
0.6625 0.60625 16700
0.6625 0.60625 16700
0.6625 0.60625 16700
0.6625 0.60625 16700
0.6625 0.60625 16700
0.6625 0.60625 16700
0.6625 0.60625 16700
0.6625 0.60625 16700
0.6625 0.60625 16700
0.6625 0.60625 16700
0.6625 0.60625 16700
0.6625 0.60625 16700
0.6625 0.60625 16700
0.6625 0.60625 16700
0.6625 0.60625 16700
0.6625 0.60625 16700
0.6625 0.60625 16700
0.6625 0.60625 16700
0.6625 0.60625 16700
0.6625 0.60625 16700
0.6625 0.60625 16700
0.6625 0.60625 16700
0.6625 0.60625 16700
0.6625 0.60625 16700
0.6625 0.60625 16700
