0.5 0.2642857142857143 62
0.4928571428571429 0.29285714285714287 68
0.4928571428571429 0.3 68
0.4928571428571429 0.3 68
0.4928571428571429 0.3 70
0.4928571428571429 0.30714285714285716 70
0.4928571428571429 0.30714285714285716 70
0.4928571428571429 0.32142857142857145 72
0.4928571428571429 0.32142857142857145 72
0.4928571428571429 0.32142857142857145 72
0.4928571428571429 0.32142857142857145 72
0.4928571428571429 0.32857142857142857 72
0.4928571428571429 0.3357142857142857 72
0.4928571428571429 0.3357142857142857 74
0.4928571428571429 0.3357142857142857 76
0.4928571428571429 0.34285714285714286 76
0.4928571428571429 0.35 76
0.4928571428571429 0.35 76
0.4928571428571429 0.35 76
0.4928571428571429 0.35 76
0.4928571428571429 0.35 76
0.4928571428571429 0.35 76
0.4928571428571429 0.35 76
0.4928571428571429 0.35 76
0.4928571428571429 0.35 76
0.4928571428571429 0.35 76
0.4928571428571429 0.35 82
0.4928571428571429 0.35 82
0.4928571428571429 0.35 82
0.4928571428571429 0.35 82
0.4928571428571429 0.35 82
0.4928571428571429 0.35 82
0.4928571428571429 0.35 82
0.4928571428571429 0.35 82
0.4928571428571429 0.36428571428571427 84
0.4928571428571429 0.36428571428571427 84
0.4928571428571429 0.36428571428571427 84
0.4928571428571429 0.36428571428571427 84
0.4928571428571429 0.36428571428571427 84
0.55 0.42142857142857143 126
0.55 0.42142857142857143 128
0.55 0.42142857142857143 128
0.55 0.42142857142857143 128
0.55 0.42142857142857143 128
0.55 0.42142857142857143 128
0.55 0.42857142857142855 130
0.55 0.4357142857142857 130
0.55 0.45 132
0.55 0.45 132
0.55 0.45 132
0.55 0.45 132
0.55 0.45 132
0.55 0.4714285714285714 132
0.55 0.4714285714285714 132
0.55 0.4714285714285714 132
0.55 0.4714285714285714 134
0.55 0.4714285714285714 134
0.55 0.4714285714285714 134
0.55 0.4714285714285714 134
0.55 0.4714285714285714 134
0.55 0.4714285714285714 134
0.55 0.4785714285714286 134
0.55 0.4785714285714286 134
0.55 0.4785714285714286 134
0.55 0.4785714285714286 134
0.55 0.4785714285714286 136
0.55 0.4785714285714286 136
0.55 0.4785714285714286 136
0.55 0.4785714285714286 136
0.55 0.4785714285714286 136
0.55 0.4785714285714286 136
0.55 0.4785714285714286 136
0.55 0.4785714285714286 136
0.55 0.4785714285714286 136
0.55 0.4785714285714286 136
0.55 0.4785714285714286 136
0.55 0.4785714285714286 136
0.55 0.4785714285714286 136
0.55 0.4785714285714286 136
0.55 0.4785714285714286 136
0.55 0.4785714285714286 136
0.55 0.4785714285714286 138
0.55 0.4785714285714286 140
0.55 0.4785714285714286 140
0.55 0.4785714285714286 140
0.55 0.4785714285714286 140
0.55 0.4785714285714286 140
0.55 0.4785714285714286 140
0.55 0.4785714285714286 140
0.55 0.4785714285714286 140
0.55 0.4785714285714286 140
0.55 0.4785714285714286 146
0.55 0.4785714285714286 146
0.55 0.4785714285714286 146
0.55 0.4785714285714286 146
0.55 0.4928571428571429 146
0.55 0.4928571428571429 146
0.55 0.4928571428571429 146
0.55 0.4928571428571429 146
0.55 0.4928571428571429 148
0.55 0.4928571428571429 148
0.55 0.4928571428571429 148
0.55 0.4928571428571429 148
0.55 0.4928571428571429 148
0.55 0.4928571428571429 150
0.55 0.4928571428571429 150
0.55 0.4928571428571429 150
0.55 0.4928571428571429 150
0.55 0.4928571428571429 150
0.55 0.4928571428571429 150
0.55 0.4928571428571429 150
0.55 0.4928571428571429 150
0.55 0.4928571428571429 150
0.6 0.5428571428571428 260
0.6 0.5428571428571428 260
0.6 0.5428571428571428 260
0.6 0.5428571428571428 260
0.6 0.5428571428571428 260
0.6 0.5428571428571428 260
0.6 0.5428571428571428 260
0.6 0.5428571428571428 260
0.6 0.5428571428571428 260
0.6 0.5428571428571428 262
0.6 0.5428571428571428 262
0.6 0.5428571428571428 262
0.6 0.5428571428571428 262
0.6 0.5428571428571428 262
0.6 0.5428571428571428 264
0.6 0.5428571428571428 264
0.6 0.5428571428571428 264
0.6 0.5428571428571428 264
0.6 0.55 264
0.6 0.55 264
0.6 0.55 264
0.6 0.55 264
0.6 0.5571428571428572 336
0.6 0.5571428571428572 336
0.6 0.5571428571428572 336
0.6 0.5571428571428572 336
0.6 0.5571428571428572 342
0.5928571428571429 0.5571428571428572 524
0.5928571428571429 0.5571428571428572 524
0.5928571428571429 0.5571428571428572 524
0.5928571428571429 0.5571428571428572 524
0.5928571428571429 0.5571428571428572 524
0.5928571428571429 0.5571428571428572 524
0.5928571428571429 0.5571428571428572 524
0.5928571428571429 0.5571428571428572 524
0.5928571428571429 0.5571428571428572 524
0.5928571428571429 0.5571428571428572 524
0.5928571428571429 0.5571428571428572 524
0.5928571428571429 0.5642857142857143 524
0.5928571428571429 0.5642857142857143 524
0.5928571428571429 0.5642857142857143 524
0.5928571428571429 0.5642857142857143 524
0.5928571428571429 0.5642857142857143 524
0.5928571428571429 0.5642857142857143 524
0.5928571428571429 0.5642857142857143 524
0.5928571428571429 0.5642857142857143 524
0.5928571428571429 0.5642857142857143 526
0.5928571428571429 0.5642857142857143 526
0.5928571428571429 0.5642857142857143 528
0.5928571428571429 0.5642857142857143 528
0.5928571428571429 0.5642857142857143 528
0.5928571428571429 0.5642857142857143 528
0.5928571428571429 0.5642857142857143 528
0.5928571428571429 0.5642857142857143 528
0.5928571428571429 0.5642857142857143 528
0.5928571428571429 0.5642857142857143 528
0.5928571428571429 0.5642857142857143 528
0.5928571428571429 0.5642857142857143 528
0.5928571428571429 0.5642857142857143 528
0.5928571428571429 0.5642857142857143 528
0.5928571428571429 0.5642857142857143 528
0.5928571428571429 0.5642857142857143 528
0.5928571428571429 0.5642857142857143 528
0.5928571428571429 0.5642857142857143 528
0.5928571428571429 0.5642857142857143 528
0.5928571428571429 0.5642857142857143 528
0.5928571428571429 0.5642857142857143 528
0.5928571428571429 0.5642857142857143 528
0.5928571428571429 0.5642857142857143 528
0.5928571428571429 0.5642857142857143 528
0.5928571428571429 0.5642857142857143 528
0.5928571428571429 0.5642857142857143 528
0.5928571428571429 0.5642857142857143 528
0.5928571428571429 0.5642857142857143 528
0.5928571428571429 0.5642857142857143 528
0.5928571428571429 0.5642857142857143 528
0.5928571428571429 0.5642857142857143 528
0.5928571428571429 0.5642857142857143 528
0.5928571428571429 0.5642857142857143 528
0.5928571428571429 0.5642857142857143 528
0.5928571428571429 0.5642857142857143 528
0.5928571428571429 0.5642857142857143 528
0.5928571428571429 0.5642857142857143 528
0.5928571428571429 0.5642857142857143 528
0.5928571428571429 0.5642857142857143 528
0.5928571428571429 0.5642857142857143 528
0.5928571428571429 0.5642857142857143 528
0.5928571428571429 0.5642857142857143 528
0.5928571428571429 0.5642857142857143 528
0.5928571428571429 0.5642857142857143 528
0.5928571428571429 0.5642857142857143 528
0.5928571428571429 0.5642857142857143 540
0.5928571428571429 0.5642857142857143 540
0.5928571428571429 0.5642857142857143 540
0.5928571428571429 0.5642857142857143 540
0.5928571428571429 0.5642857142857143 540
0.5928571428571429 0.5642857142857143 540
0.5928571428571429 0.5642857142857143 540
0.5928571428571429 0.5642857142857143 542
0.5928571428571429 0.5642857142857143 548
0.5928571428571429 0.5642857142857143 548
0.5928571428571429 0.5642857142857143 554
0.5928571428571429 0.5642857142857143 554
0.5928571428571429 0.5642857142857143 556
0.5928571428571429 0.5642857142857143 556
0.5928571428571429 0.5642857142857143 666
0.5928571428571429 0.5642857142857143 666
0.5928571428571429 0.5642857142857143 666
0.5928571428571429 0.5642857142857143 666
0.5928571428571429 0.5642857142857143 668
0.5928571428571429 0.5642857142857143 668
0.5928571428571429 0.5642857142857143 668
0.5928571428571429 0.5642857142857143 668
0.5928571428571429 0.5642857142857143 668
0.5928571428571429 0.5642857142857143 668
0.5928571428571429 0.5642857142857143 668
0.5928571428571429 0.5642857142857143 668
0.5928571428571429 0.5642857142857143 668
0.5928571428571429 0.5642857142857143 668
0.5928571428571429 0.5642857142857143 668
0.5928571428571429 0.5642857142857143 668
0.5928571428571429 0.5642857142857143 668
0.5928571428571429 0.5642857142857143 668
0.5928571428571429 0.5642857142857143 668
0.5928571428571429 0.5642857142857143 668
0.5928571428571429 0.5642857142857143 668
0.5928571428571429 0.5642857142857143 668
0.5928571428571429 0.5642857142857143 670
0.5928571428571429 0.5642857142857143 670
0.5928571428571429 0.5642857142857143 670
0.5928571428571429 0.5642857142857143 670
0.5928571428571429 0.5642857142857143 670
0.5928571428571429 0.5642857142857143 670
0.5928571428571429 0.5642857142857143 670
0.5928571428571429 0.5642857142857143 670
0.5928571428571429 0.5642857142857143 670
0.5928571428571429 0.5642857142857143 670
0.5928571428571429 0.5642857142857143 676
0.5928571428571429 0.5642857142857143 676
0.5928571428571429 0.5642857142857143 676
0.5928571428571429 0.5642857142857143 676
0.5928571428571429 0.5642857142857143 676
0.5928571428571429 0.5642857142857143 676
0.5928571428571429 0.5642857142857143 676
0.5928571428571429 0.5642857142857143 676
0.5928571428571429 0.5642857142857143 676
0.5928571428571429 0.5642857142857143 676
0.5928571428571429 0.5642857142857143 676
0.5928571428571429 0.5642857142857143 676
0.5928571428571429 0.5642857142857143 678
0.5928571428571429 0.5642857142857143 678
0.5928571428571429 0.5642857142857143 678
0.5928571428571429 0.5642857142857143 678
0.5928571428571429 0.5642857142857143 684
0.5928571428571429 0.5642857142857143 684
0.5928571428571429 0.5642857142857143 684
0.5928571428571429 0.5642857142857143 684
0.5928571428571429 0.5642857142857143 684
0.5928571428571429 0.5642857142857143 684
0.5928571428571429 0.5642857142857143 684
0.5928571428571429 0.5642857142857143 690
0.5928571428571429 0.5642857142857143 690
0.5928571428571429 0.5642857142857143 692
0.5928571428571429 0.5642857142857143 694
0.5928571428571429 0.5642857142857143 694
0.5928571428571429 0.5642857142857143 694
0.5928571428571429 0.5642857142857143 696
0.5928571428571429 0.5642857142857143 696
0.5928571428571429 0.5642857142857143 696
0.5928571428571429 0.5642857142857143 696
0.5928571428571429 0.5642857142857143 696
0.5928571428571429 0.5642857142857143 696
0.5928571428571429 0.5642857142857143 696
0.5928571428571429 0.5642857142857143 696
0.5928571428571429 0.5642857142857143 696
0.5928571428571429 0.5642857142857143 726
0.5928571428571429 0.5642857142857143 726
0.5928571428571429 0.5642857142857143 728
0.5928571428571429 0.5642857142857143 730
0.5928571428571429 0.5642857142857143 730
0.5928571428571429 0.55 736
0.5928571428571429 0.55 736
0.5928571428571429 0.55 736
0.5928571428571429 0.55 736
0.5928571428571429 0.55 736
0.5857142857142857 0.55 748
0.5857142857142857 0.55 748
0.5857142857142857 0.55 748
0.5857142857142857 0.55 748
0.5857142857142857 0.55 748
0.5857142857142857 0.55 748
0.5857142857142857 0.55 750
0.5857142857142857 0.55 750
0.5857142857142857 0.55 770
0.5857142857142857 0.5642857142857143 800
0.5857142857142857 0.5642857142857143 800
0.5857142857142857 0.5642857142857143 800
0.5857142857142857 0.5642857142857143 800
0.5857142857142857 0.5642857142857143 800
0.5857142857142857 0.5642857142857143 800
0.5857142857142857 0.5642857142857143 800
0.5857142857142857 0.5642857142857143 800
0.5857142857142857 0.5642857142857143 800
0.5857142857142857 0.5642857142857143 800
0.5857142857142857 0.5642857142857143 800
0.5857142857142857 0.5642857142857143 800
0.5857142857142857 0.5642857142857143 800
0.5857142857142857 0.5642857142857143 800
0.5857142857142857 0.5642857142857143 802
0.5857142857142857 0.5642857142857143 802
0.5857142857142857 0.5642857142857143 802
0.5857142857142857 0.5642857142857143 802
0.5857142857142857 0.5642857142857143 804
0.5857142857142857 0.5642857142857143 804
0.5857142857142857 0.5642857142857143 804
0.5857142857142857 0.5642857142857143 804
0.5857142857142857 0.5642857142857143 804
0.5857142857142857 0.5642857142857143 810
0.5857142857142857 0.5642857142857143 810
0.5857142857142857 0.5642857142857143 816
0.5857142857142857 0.5642857142857143 818
0.5857142857142857 0.5642857142857143 818
0.5857142857142857 0.5642857142857143 818
0.5857142857142857 0.5642857142857143 818
0.5857142857142857 0.5642857142857143 818
0.5857142857142857 0.5642857142857143 820
0.5857142857142857 0.5642857142857143 820
0.5857142857142857 0.5642857142857143 820
0.5857142857142857 0.5642857142857143 822
0.5857142857142857 0.5642857142857143 822
0.5857142857142857 0.5642857142857143 822
0.5857142857142857 0.5642857142857143 828
0.5857142857142857 0.5642857142857143 828
0.5857142857142857 0.5642857142857143 834
0.5857142857142857 0.5642857142857143 834
0.5857142857142857 0.5642857142857143 834
0.5857142857142857 0.5642857142857143 834
0.5857142857142857 0.5642857142857143 836
0.5857142857142857 0.5642857142857143 838
0.5857142857142857 0.5642857142857143 838
0.5857142857142857 0.5642857142857143 838
0.5857142857142857 0.5642857142857143 838
0.5857142857142857 0.5642857142857143 838
0.5857142857142857 0.5642857142857143 838
0.5857142857142857 0.5642857142857143 838
0.5857142857142857 0.5642857142857143 838
0.5857142857142857 0.5642857142857143 838
0.5857142857142857 0.5714285714285714 844
0.5857142857142857 0.5714285714285714 846
0.5857142857142857 0.5714285714285714 846
0.5857142857142857 0.5714285714285714 846
0.5857142857142857 0.5714285714285714 846
0.5857142857142857 0.5714285714285714 846
0.5857142857142857 0.5714285714285714 846
0.5857142857142857 0.5714285714285714 846
0.5857142857142857 0.5714285714285714 846
0.5857142857142857 0.5714285714285714 846
0.5857142857142857 0.5714285714285714 846
0.5857142857142857 0.5714285714285714 846
0.5857142857142857 0.5714285714285714 846
0.5857142857142857 0.5714285714285714 846
0.5857142857142857 0.5714285714285714 846
0.5857142857142857 0.5714285714285714 846
0.5857142857142857 0.5714285714285714 848
0.5857142857142857 0.5714285714285714 848
0.5857142857142857 0.5714285714285714 848
0.5857142857142857 0.5714285714285714 848
0.5857142857142857 0.5714285714285714 848
0.5857142857142857 0.5714285714285714 848
0.5857142857142857 0.5714285714285714 848
0.5857142857142857 0.5714285714285714 850
0.5857142857142857 0.5714285714285714 850
0.5857142857142857 0.5714285714285714 850
0.5857142857142857 0.5714285714285714 850
0.5857142857142857 0.5714285714285714 850
0.5857142857142857 0.5714285714285714 850
0.5857142857142857 0.5714285714285714 850
0.5857142857142857 0.5714285714285714 850
0.5857142857142857 0.5714285714285714 850
0.5857142857142857 0.5714285714285714 852
0.5857142857142857 0.5714285714285714 852
0.5857142857142857 0.5714285714285714 854
0.5857142857142857 0.5714285714285714 854
0.5857142857142857 0.5714285714285714 854
0.5857142857142857 0.5714285714285714 854
0.5857142857142857 0.5714285714285714 854
0.5857142857142857 0.5714285714285714 854
0.5857142857142857 0.5714285714285714 854
0.5857142857142857 0.5714285714285714 854
0.5857142857142857 0.5714285714285714 856
0.5857142857142857 0.5714285714285714 856
0.5642857142857143 0.55 1162
0.5642857142857143 0.55 1164
0.5642857142857143 0.55 1164
0.5642857142857143 0.55 1164
0.5642857142857143 0.55 1164
0.5642857142857143 0.55 1164
0.5642857142857143 0.55 1164
0.5642857142857143 0.55 1164
0.5642857142857143 0.55 1166
0.5642857142857143 0.55 1166
0.5642857142857143 0.55 1168
0.5642857142857143 0.55 1168
0.5642857142857143 0.55 1168
0.5642857142857143 0.55 1168
0.5071428571428571 0.45714285714285713 4360
0.5071428571428571 0.45714285714285713 4360
0.5071428571428571 0.45714285714285713 4362
0.5071428571428571 0.45714285714285713 4362
0.5071428571428571 0.45714285714285713 4362
0.5071428571428571 0.45714285714285713 4362
0.5071428571428571 0.45714285714285713 4362
0.5071428571428571 0.45714285714285713 4364
0.5071428571428571 0.45714285714285713 4364
0.5071428571428571 0.45714285714285713 4364
0.5071428571428571 0.45714285714285713 4364
0.5071428571428571 0.45714285714285713 4364
0.5071428571428571 0.45714285714285713 4366
0.5071428571428571 0.45714285714285713 4366
0.5071428571428571 0.45714285714285713 4368
0.5071428571428571 0.45714285714285713 4368
0.5071428571428571 0.4642857142857143 4368
0.5071428571428571 0.4642857142857143 4368
0.5071428571428571 0.4642857142857143 4368
0.5071428571428571 0.4642857142857143 4368
0.5071428571428571 0.45714285714285713 4388
0.5071428571428571 0.45714285714285713 4388
0.5071428571428571 0.45714285714285713 4388
0.5071428571428571 0.45714285714285713 4388
0.5071428571428571 0.45714285714285713 4388
0.5071428571428571 0.45714285714285713 4388
0.5071428571428571 0.45714285714285713 4388
0.5071428571428571 0.45714285714285713 4388
0.5071428571428571 0.45714285714285713 4390
0.5071428571428571 0.45714285714285713 4390
0.5071428571428571 0.45714285714285713 4390
0.5071428571428571 0.45714285714285713 4390
0.5071428571428571 0.45714285714285713 4390
0.5071428571428571 0.4642857142857143 4390
0.5071428571428571 0.4714285714285714 4390
0.5071428571428571 0.4714285714285714 4390
0.5071428571428571 0.4714285714285714 4390
0.5071428571428571 0.4714285714285714 4390
0.5071428571428571 0.4714285714285714 4390
0.5071428571428571 0.4714285714285714 4390
0.5071428571428571 0.4714285714285714 4390
0.5071428571428571 0.4714285714285714 4390
0.5071428571428571 0.4714285714285714 4390
0.5071428571428571 0.4714285714285714 4390
0.5071428571428571 0.4714285714285714 4390
0.5071428571428571 0.4714285714285714 4390
0.5071428571428571 0.4714285714285714 4390
0.5071428571428571 0.4714285714285714 4390
0.5071428571428571 0.4714285714285714 4390
0.5071428571428571 0.4714285714285714 4390
0.5071428571428571 0.4714285714285714 4390
0.5071428571428571 0.4714285714285714 4390
0.5071428571428571 0.4714285714285714 4390
0.5071428571428571 0.4714285714285714 4390
0.5071428571428571 0.4714285714285714 4390
0.5071428571428571 0.4714285714285714 4390
0.5071428571428571 0.4714285714285714 4390
0.5071428571428571 0.4714285714285714 4390
0.5071428571428571 0.4714285714285714 4390
0.5071428571428571 0.4714285714285714 4390
0.5071428571428571 0.4714285714285714 4390
0.5071428571428571 0.4714285714285714 4392
0.5071428571428571 0.4714285714285714 4392
0.5071428571428571 0.4714285714285714 4392
0.5071428571428571 0.4714285714285714 4392
0.5071428571428571 0.4714285714285714 4392
0.5071428571428571 0.4714285714285714 4392
0.5071428571428571 0.4714285714285714 4392
0.5071428571428571 0.4714285714285714 4392
0.5071428571428571 0.4714285714285714 4394
0.5071428571428571 0.4714285714285714 4394
0.5071428571428571 0.4714285714285714 4400
0.5071428571428571 0.4714285714285714 4400
0.5071428571428571 0.4714285714285714 4400
0.5071428571428571 0.4714285714285714 4400
0.5071428571428571 0.4714285714285714 4400
0.5071428571428571 0.4714285714285714 4400
0.5071428571428571 0.4714285714285714 4400
0.5071428571428571 0.4714285714285714 4400
0.5071428571428571 0.4714285714285714 4400
0.5071428571428571 0.4714285714285714 4400
0.5071428571428571 0.4714285714285714 4400
0.5071428571428571 0.4714285714285714 4400
0.5071428571428571 0.4714285714285714 4400
0.5071428571428571 0.4714285714285714 4402
0.5071428571428571 0.4714285714285714 4402
0.5071428571428571 0.4714285714285714 4402
0.5071428571428571 0.4714285714285714 4402
0.5071428571428571 0.4714285714285714 4402
0.5071428571428571 0.4714285714285714 4402
0.5071428571428571 0.4714285714285714 4402
0.5071428571428571 0.4714285714285714 4402
0.5071428571428571 0.4714285714285714 4402
0.5071428571428571 0.4714285714285714 4402
0.5071428571428571 0.4714285714285714 4402
0.5071428571428571 0.4714285714285714 4402
0.5071428571428571 0.4714285714285714 4402
0.5071428571428571 0.4714285714285714 4402
0.5071428571428571 0.4714285714285714 4402
0.5071428571428571 0.4714285714285714 4402
0.5071428571428571 0.4714285714285714 4402
0.5071428571428571 0.4714285714285714 4402
0.5071428571428571 0.4714285714285714 4408
0.5071428571428571 0.4714285714285714 4408
0.5071428571428571 0.4714285714285714 4410
0.5071428571428571 0.4714285714285714 4410
0.5071428571428571 0.4714285714285714 4410
0.5071428571428571 0.4714285714285714 4410
0.5071428571428571 0.4714285714285714 4410
0.5071428571428571 0.4714285714285714 4410
0.5071428571428571 0.4714285714285714 4410
0.5071428571428571 0.4714285714285714 4410
0.5071428571428571 0.4714285714285714 4410
0.5071428571428571 0.4714285714285714 4410
0.5071428571428571 0.4714285714285714 4410
0.5071428571428571 0.4714285714285714 4410
0.5071428571428571 0.4714285714285714 4410
0.5071428571428571 0.4714285714285714 4410
0.5071428571428571 0.4714285714285714 4410
0.5071428571428571 0.4714285714285714 4412
0.5071428571428571 0.4714285714285714 4412
0.5071428571428571 0.4714285714285714 4468
0.5071428571428571 0.4714285714285714 4468
0.5071428571428571 0.4714285714285714 4468
0.5071428571428571 0.4714285714285714 4468
0.5071428571428571 0.4714285714285714 4468
0.5071428571428571 0.4714285714285714 4468
0.5071428571428571 0.4714285714285714 4468
0.5071428571428571 0.4714285714285714 4468
0.5071428571428571 0.4714285714285714 4468
0.5071428571428571 0.4714285714285714 4468
0.5071428571428571 0.4714285714285714 4468
0.5071428571428571 0.4714285714285714 4468
0.5071428571428571 0.4714285714285714 4470
0.5071428571428571 0.4714285714285714 4470
0.5071428571428571 0.4714285714285714 4470
0.5071428571428571 0.4714285714285714 4470
0.5071428571428571 0.4714285714285714 4470
0.5071428571428571 0.4714285714285714 4470
0.5071428571428571 0.4714285714285714 4470
0.5071428571428571 0.4714285714285714 4470
0.5071428571428571 0.4714285714285714 4470
0.5071428571428571 0.4714285714285714 4470
0.5071428571428571 0.4714285714285714 4470
0.5071428571428571 0.4714285714285714 4470
0.5071428571428571 0.4714285714285714 4470
0.5071428571428571 0.4714285714285714 4470
0.5071428571428571 0.4714285714285714 4470
0.5071428571428571 0.4714285714285714 4470
0.5071428571428571 0.4714285714285714 4470
0.5071428571428571 0.4714285714285714 4470
0.5071428571428571 0.4714285714285714 4470
0.5071428571428571 0.4714285714285714 4472
0.5071428571428571 0.4714285714285714 4472
0.5071428571428571 0.4714285714285714 4472
0.5071428571428571 0.4714285714285714 4474
0.5071428571428571 0.4714285714285714 4474
0.5071428571428571 0.4714285714285714 4474
0.5071428571428571 0.4714285714285714 4474
0.5071428571428571 0.4714285714285714 4474
0.5071428571428571 0.4714285714285714 4564
0.5071428571428571 0.4714285714285714 4564
0.5071428571428571 0.4714285714285714 4566
0.5071428571428571 0.4714285714285714 4566
0.5071428571428571 0.4714285714285714 4566
0.5071428571428571 0.4714285714285714 4566
0.5071428571428571 0.4714285714285714 4566
0.5071428571428571 0.4714285714285714 4566
0.5071428571428571 0.4714285714285714 4566
0.5071428571428571 0.4785714285714286 4608
0.5071428571428571 0.4785714285714286 4608
0.5071428571428571 0.4785714285714286 4608
0.5071428571428571 0.4785714285714286 4608
0.5071428571428571 0.4785714285714286 4610
0.5071428571428571 0.4785714285714286 4610
0.5071428571428571 0.4785714285714286 4610
0.5071428571428571 0.4785714285714286 4610
0.5071428571428571 0.4785714285714286 4610
0.5071428571428571 0.4785714285714286 4612
0.5071428571428571 0.4785714285714286 4612
0.5071428571428571 0.4785714285714286 4612
0.5071428571428571 0.4785714285714286 4612
0.5071428571428571 0.4785714285714286 4612
0.5071428571428571 0.4785714285714286 4612
0.5071428571428571 0.4785714285714286 4612
0.5071428571428571 0.4785714285714286 4612
0.5071428571428571 0.4785714285714286 4612
0.5071428571428571 0.4714285714285714 4618
0.5071428571428571 0.4714285714285714 4618
0.5071428571428571 0.4714285714285714 4618
0.5071428571428571 0.4714285714285714 4618
0.5071428571428571 0.4714285714285714 4618
0.5071428571428571 0.4714285714285714 4618
0.5071428571428571 0.4714285714285714 4620
0.5071428571428571 0.4714285714285714 4620
0.5071428571428571 0.4714285714285714 4620
0.5071428571428571 0.4714285714285714 4626
0.5071428571428571 0.4714285714285714 4626
0.5071428571428571 0.4714285714285714 4626
0.5071428571428571 0.4714285714285714 4628
0.5071428571428571 0.4714285714285714 4628
0.5071428571428571 0.4714285714285714 4628
0.5071428571428571 0.4714285714285714 4628
0.5071428571428571 0.4714285714285714 4628
0.5071428571428571 0.4714285714285714 4628
0.5071428571428571 0.4714285714285714 4628
0.5071428571428571 0.4714285714285714 4628
0.5071428571428571 0.4714285714285714 4628
0.5071428571428571 0.4714285714285714 4628
0.5071428571428571 0.4714285714285714 4628
0.5071428571428571 0.4714285714285714 4630
0.5071428571428571 0.4714285714285714 4630
0.5071428571428571 0.4714285714285714 4630
0.5071428571428571 0.4714285714285714 4630
0.5071428571428571 0.4714285714285714 4632
0.5071428571428571 0.4714285714285714 4634
0.5071428571428571 0.4714285714285714 4634
0.5071428571428571 0.4714285714285714 4634
0.5071428571428571 0.4714285714285714 4640
0.5071428571428571 0.4714285714285714 4642
0.5071428571428571 0.4714285714285714 4642
0.5071428571428571 0.4714285714285714 4642
0.5071428571428571 0.4714285714285714 4644
0.5071428571428571 0.4714285714285714 4644
0.5071428571428571 0.4714285714285714 4644
0.5071428571428571 0.4714285714285714 4644
0.5071428571428571 0.4714285714285714 4644
0.5071428571428571 0.4714285714285714 4644
0.5071428571428571 0.4714285714285714 4644
0.5071428571428571 0.4714285714285714 4644
0.5071428571428571 0.4714285714285714 4644
0.5071428571428571 0.4714285714285714 4644
0.5071428571428571 0.4714285714285714 4644
0.5071428571428571 0.4714285714285714 4644
0.5071428571428571 0.4714285714285714 4644
0.5071428571428571 0.4714285714285714 4644
0.5071428571428571 0.4785714285714286 4644
0.5071428571428571 0.4785714285714286 4644
0.5071428571428571 0.4785714285714286 4644
0.5071428571428571 0.4785714285714286 4644
0.5071428571428571 0.4785714285714286 4644
0.5071428571428571 0.4785714285714286 4826
0.5071428571428571 0.4785714285714286 4826
0.5071428571428571 0.4785714285714286 4826
0.5071428571428571 0.4785714285714286 4826
0.5071428571428571 0.4785714285714286 4826
0.5071428571428571 0.4785714285714286 4826
0.5071428571428571 0.4785714285714286 4826
0.5071428571428571 0.4714285714285714 4826
0.5071428571428571 0.4714285714285714 4826
