0.5 0.2642857142857143 62
0.5 0.2642857142857143 62
0.5 0.2642857142857143 62
0.5 0.3 62
0.5 0.30714285714285716 62
0.5 0.3142857142857143 62
0.5 0.3142857142857143 62
0.5 0.3142857142857143 62
0.5 0.3142857142857143 62
0.5 0.3142857142857143 62
0.5 0.3142857142857143 62
0.5 0.32857142857142857 64
0.5 0.32857142857142857 66
0.5 0.32857142857142857 66
0.5 0.32857142857142857 66
0.5 0.32857142857142857 66
0.5 0.32857142857142857 66
0.5 0.32857142857142857 66
0.5 0.32857142857142857 66
0.5 0.32857142857142857 66
0.5 0.3357142857142857 66
0.5 0.3357142857142857 66
0.5 0.3357142857142857 66
0.5 0.3357142857142857 66
0.5 0.3357142857142857 66
0.5 0.3357142857142857 66
0.5 0.3357142857142857 66
0.5 0.3357142857142857 66
0.5 0.3357142857142857 66
0.5 0.34285714285714286 66
0.5 0.34285714285714286 66
0.5 0.34285714285714286 66
0.5 0.34285714285714286 66
0.5 0.34285714285714286 66
0.5 0.34285714285714286 66
0.5 0.34285714285714286 66
0.5 0.34285714285714286 66
0.5 0.34285714285714286 66
0.5 0.34285714285714286 66
0.5 0.35 66
0.5 0.35 66
0.5 0.35 66
0.5 0.35 66
0.5 0.35 66
0.5 0.35 66
0.5 0.35 72
0.5 0.35 72
0.5 0.35 72
0.5 0.35 72
0.5 0.35 72
0.5 0.35 72
0.5 0.35 72
0.5 0.35 72
0.5 0.35 72
0.5 0.35 72
0.4928571428571429 0.38571428571428573 128
0.4928571428571429 0.38571428571428573 128
0.4928571428571429 0.38571428571428573 128
0.4928571428571429 0.38571428571428573 128
0.4928571428571429 0.38571428571428573 148
0.4928571428571429 0.38571428571428573 148
0.4928571428571429 0.38571428571428573 148
0.4928571428571429 0.38571428571428573 148
0.4928571428571429 0.38571428571428573 150
0.4928571428571429 0.38571428571428573 150
0.4928571428571429 0.38571428571428573 150
0.4928571428571429 0.38571428571428573 170
0.4928571428571429 0.38571428571428573 170
0.4928571428571429 0.38571428571428573 170
0.4928571428571429 0.38571428571428573 170
0.4928571428571429 0.38571428571428573 170
0.4928571428571429 0.38571428571428573 172
0.4928571428571429 0.38571428571428573 174
0.4928571428571429 0.38571428571428573 174
0.4928571428571429 0.38571428571428573 174
0.4928571428571429 0.38571428571428573 174
0.4928571428571429 0.38571428571428573 174
0.4928571428571429 0.38571428571428573 174
0.4928571428571429 0.38571428571428573 174
0.4928571428571429 0.38571428571428573 174
0.4928571428571429 0.38571428571428573 174
0.4928571428571429 0.38571428571428573 174
0.4928571428571429 0.38571428571428573 174
0.4928571428571429 0.38571428571428573 174
0.4928571428571429 0.38571428571428573 174
0.4928571428571429 0.38571428571428573 174
0.4928571428571429 0.38571428571428573 174
0.4928571428571429 0.38571428571428573 176
0.4928571428571429 0.38571428571428573 176
0.4928571428571429 0.38571428571428573 176
0.4928571428571429 0.38571428571428573 176
0.4928571428571429 0.38571428571428573 176
0.4928571428571429 0.38571428571428573 178
0.4928571428571429 0.38571428571428573 178
0.4928571428571429 0.38571428571428573 184
0.4928571428571429 0.38571428571428573 190
0.4928571428571429 0.38571428571428573 190
0.4928571428571429 0.38571428571428573 190
0.4928571428571429 0.38571428571428573 196
0.4928571428571429 0.38571428571428573 196
0.4928571428571429 0.38571428571428573 196
0.4928571428571429 0.38571428571428573 196
0.4928571428571429 0.39285714285714285 196
0.4928571428571429 0.39285714285714285 196
0.4928571428571429 0.39285714285714285 196
0.4928571428571429 0.39285714285714285 196
0.4928571428571429 0.39285714285714285 198
0.4928571428571429 0.39285714285714285 198
0.4928571428571429 0.39285714285714285 198
0.4928571428571429 0.40714285714285714 198
0.4928571428571429 0.40714285714285714 198
0.4928571428571429 0.40714285714285714 198
0.4928571428571429 0.40714285714285714 198
0.4928571428571429 0.40714285714285714 198
0.4928571428571429 0.40714285714285714 198
0.4928571428571429 0.40714285714285714 204
0.4928571428571429 0.40714285714285714 204
0.4928571428571429 0.40714285714285714 204
0.4928571428571429 0.40714285714285714 204
0.4928571428571429 0.40714285714285714 204
0.4928571428571429 0.40714285714285714 204
0.4928571428571429 0.40714285714285714 204
0.4928571428571429 0.40714285714285714 204
0.4928571428571429 0.40714285714285714 204
0.4928571428571429 0.40714285714285714 204
0.4928571428571429 0.40714285714285714 204
0.4928571428571429 0.40714285714285714 204
0.4928571428571429 0.40714285714285714 210
0.4928571428571429 0.40714285714285714 210
0.4928571428571429 0.40714285714285714 210
0.4928571428571429 0.40714285714285714 210
0.4928571428571429 0.40714285714285714 210
0.4928571428571429 0.4142857142857143 210
0.4928571428571429 0.4142857142857143 210
0.4928571428571429 0.4142857142857143 210
0.4928571428571429 0.4142857142857143 210
0.4928571428571429 0.4142857142857143 210
0.4928571428571429 0.4142857142857143 210
0.4928571428571429 0.4142857142857143 210
0.4928571428571429 0.4142857142857143 210
0.4928571428571429 0.4142857142857143 210
0.4928571428571429 0.4142857142857143 210
0.4928571428571429 0.4142857142857143 210
0.4928571428571429 0.4142857142857143 210
0.4928571428571429 0.4142857142857143 210
0.4928571428571429 0.4142857142857143 212
0.4928571428571429 0.4142857142857143 212
0.4928571428571429 0.4142857142857143 212
0.4928571428571429 0.4142857142857143 212
0.4928571428571429 0.4142857142857143 212
0.4928571428571429 0.4142857142857143 212
0.4928571428571429 0.4142857142857143 214
0.4928571428571429 0.4142857142857143 214
0.4928571428571429 0.4142857142857143 216
0.5642857142857143 0.4642857142857143 258
0.5642857142857143 0.4642857142857143 258
0.5642857142857143 0.4642857142857143 258
0.5642857142857143 0.4642857142857143 260
0.5642857142857143 0.4642857142857143 260
0.5642857142857143 0.4642857142857143 260
0.5642857142857143 0.4642857142857143 260
0.5642857142857143 0.4642857142857143 260
0.5642857142857143 0.4642857142857143 260
0.5642857142857143 0.4642857142857143 260
0.5642857142857143 0.4642857142857143 262
0.5642857142857143 0.4642857142857143 262
0.5642857142857143 0.4642857142857143 262
0.5642857142857143 0.4642857142857143 262
0.5642857142857143 0.4642857142857143 262
0.5642857142857143 0.4642857142857143 264
0.5642857142857143 0.4642857142857143 264
0.5642857142857143 0.4642857142857143 264
0.5642857142857143 0.4642857142857143 266
0.5642857142857143 0.4642857142857143 266
0.5642857142857143 0.4642857142857143 268
0.5642857142857143 0.4642857142857143 268
0.5642857142857143 0.4642857142857143 268
0.5642857142857143 0.4642857142857143 268
0.5642857142857143 0.4785714285714286 268
0.5642857142857143 0.4785714285714286 268
0.5642857142857143 0.4785714285714286 270
0.5642857142857143 0.4785714285714286 270
0.5642857142857143 0.4785714285714286 270
0.5642857142857143 0.4785714285714286 270
0.5642857142857143 0.4785714285714286 270
0.5642857142857143 0.4785714285714286 270
0.5642857142857143 0.4785714285714286 270
0.5642857142857143 0.4785714285714286 270
0.5642857142857143 0.4785714285714286 270
0.5642857142857143 0.4785714285714286 270
0.5642857142857143 0.4785714285714286 270
0.5642857142857143 0.4785714285714286 270
0.5642857142857143 0.4785714285714286 270
0.5642857142857143 0.4785714285714286 270
0.5642857142857143 0.4785714285714286 270
0.5642857142857143 0.4785714285714286 270
0.5642857142857143 0.4785714285714286 276
0.5642857142857143 0.4785714285714286 276
0.5642857142857143 0.4785714285714286 276
0.5642857142857143 0.4785714285714286 276
0.5642857142857143 0.4785714285714286 276
0.5642857142857143 0.4785714285714286 276
0.5642857142857143 0.4785714285714286 276
0.5642857142857143 0.4785714285714286 276
0.5642857142857143 0.4785714285714286 276
0.5642857142857143 0.4785714285714286 276
0.5642857142857143 0.4785714285714286 276
0.5642857142857143 0.4785714285714286 276
0.5642857142857143 0.4785714285714286 276
0.5642857142857143 0.4785714285714286 276
0.5642857142857143 0.4785714285714286 278
0.5642857142857143 0.4785714285714286 280
0.5642857142857143 0.4785714285714286 280
0.5642857142857143 0.4785714285714286 280
0.5642857142857143 0.4785714285714286 310
0.5642857142857143 0.4785714285714286 310
0.5642857142857143 0.4785714285714286 310
0.5642857142857143 0.4785714285714286 316
0.5642857142857143 0.4785714285714286 316
0.5642857142857143 0.4785714285714286 316
0.5642857142857143 0.4785714285714286 316
0.5642857142857143 0.4785714285714286 316
0.5642857142857143 0.4785714285714286 316
0.5642857142857143 0.4785714285714286 316
0.5642857142857143 0.4785714285714286 316
0.5642857142857143 0.4785714285714286 316
0.5642857142857143 0.4785714285714286 316
0.5642857142857143 0.4785714285714286 316
0.5642857142857143 0.4785714285714286 318
0.5642857142857143 0.4785714285714286 320
0.5642857142857143 0.4785714285714286 320
0.5642857142857143 0.4785714285714286 322
0.5642857142857143 0.4785714285714286 322
0.5642857142857143 0.4785714285714286 322
0.5642857142857143 0.4785714285714286 322
0.5642857142857143 0.4785714285714286 322
0.5642857142857143 0.4785714285714286 322
0.5642857142857143 0.4785714285714286 322
0.5642857142857143 0.4785714285714286 322
0.5642857142857143 0.4785714285714286 322
0.5642857142857143 0.4785714285714286 324
0.5642857142857143 0.4785714285714286 324
0.5642857142857143 0.4785714285714286 324
0.5642857142857143 0.4785714285714286 324
0.5642857142857143 0.4785714285714286 326
0.5642857142857143 0.4785714285714286 328
0.65 0.4928571428571429 3520
0.65 0.4928571428571429 3520
0.65 0.4928571428571429 3520
0.65 0.4928571428571429 3520
0.65 0.4928571428571429 3520
0.65 0.4928571428571429 3520
0.65 0.4928571428571429 3520
0.65 0.4928571428571429 3522
0.65 0.4928571428571429 3522
0.65 0.4928571428571429 3522
0.65 0.5 3522
0.65 0.5 3522
0.65 0.5 3522
0.65 0.5 3528
0.65 0.5 3528
0.65 0.5 3528
0.65 0.5 3528
0.65 0.5 3528
0.65 0.5 3528
0.65 0.5 3528
0.65 0.5 3528
0.65 0.5 3528
0.65 0.5 3528
0.65 0.5 3528
0.65 0.5 3528
0.65 0.5 3528
0.65 0.5 3528
0.65 0.5 3528
0.65 0.5 3528
0.65 0.5 3528
0.65 0.5 3530
0.65 0.5 3530
0.65 0.5 3530
0.65 0.5 3532
0.65 0.5 3532
0.65 0.5 3532
0.65 0.5 3532
0.65 0.5 3532
0.65 0.5 3534
0.65 0.5 3534
0.65 0.5 3534
0.65 0.5 3536
0.65 0.5 3536
0.65 0.5 3538
0.65 0.5 3538
0.6571428571428571 0.5 3580
0.6571428571428571 0.5 3580
0.6571428571428571 0.5 3580
0.6571428571428571 0.5 3580
0.6571428571428571 0.5 3580
0.6571428571428571 0.5 3580
0.6571428571428571 0.5 3580
0.6571428571428571 0.5 3580
0.6571428571428571 0.5 3582
0.6571428571428571 0.5 3582
0.6571428571428571 0.5 3582
0.6571428571428571 0.5 3582
0.6571428571428571 0.5 3582
0.6571428571428571 0.5 3582
0.6571428571428571 0.5 3582
0.6571428571428571 0.5 3588
0.6571428571428571 0.5 3588
0.6571428571428571 0.5 3588
0.6571428571428571 0.5 3588
0.6571428571428571 0.5 3588
0.6571428571428571 0.5 3588
0.6571428571428571 0.5 3588
0.6571428571428571 0.5 3588
0.6571428571428571 0.5 3588
0.6571428571428571 0.5 3590
0.6571428571428571 0.5 3602
0.6571428571428571 0.5 3602
0.6571428571428571 0.5 3602
0.6571428571428571 0.5 3604
0.6571428571428571 0.5 3604
0.6571428571428571 0.5 3604
0.6571428571428571 0.5 3604
0.6571428571428571 0.5 3604
0.6571428571428571 0.5 3604
0.6571428571428571 0.5 3604
0.6571428571428571 0.5 3604
0.6571428571428571 0.5 3616
0.6571428571428571 0.5 3616
0.6571428571428571 0.5 3616
0.6571428571428571 0.5 3616
0.6571428571428571 0.5 3616
0.6571428571428571 0.5 3616
0.6571428571428571 0.5 3616
0.6571428571428571 0.5 3622
0.6571428571428571 0.5 3622
0.6571428571428571 0.5 3624
0.6571428571428571 0.5 3624
0.6571428571428571 0.5 3626
0.6571428571428571 0.5 3626
0.6571428571428571 0.5 3626
0.6571428571428571 0.5 3628
0.6571428571428571 0.5 3628
0.6571428571428571 0.5 3628
0.6571428571428571 0.5 3628
0.6571428571428571 0.5 3628
0.6571428571428571 0.5 3628
0.6571428571428571 0.5 3630
0.6571428571428571 0.5 3630
0.6571428571428571 0.5 3630
0.6571428571428571 0.5 3630
0.6571428571428571 0.5 3630
0.6571428571428571 0.5 3632
0.6571428571428571 0.5 3632
0.6571428571428571 0.5 3632
0.6571428571428571 0.5 3634
0.6571428571428571 0.5 3634
0.6571428571428571 0.5 3634
0.6571428571428571 0.5 3634
0.6571428571428571 0.5 3634
0.6571428571428571 0.5 3634
0.6571428571428571 0.5 3634
0.6571428571428571 0.5 3640
0.6571428571428571 0.5 3640
0.6571428571428571 0.5 3642
0.6571428571428571 0.5 3642
0.6571428571428571 0.5 3642
0.6571428571428571 0.5 3642
0.6571428571428571 0.5 3642
0.6571428571428571 0.5 3642
0.6571428571428571 0.5 3644
0.6571428571428571 0.5 3644
0.6571428571428571 0.5 3644
0.6571428571428571 0.5 3644
0.6571428571428571 0.5 3644
0.6571428571428571 0.5 3646
0.6571428571428571 0.5 3646
0.6571428571428571 0.5 3648
0.6571428571428571 0.5 3648
0.6571428571428571 0.5 3648
0.6571428571428571 0.5 3648
0.6571428571428571 0.5 3648
0.6571428571428571 0.5 3648
0.6571428571428571 0.5 3648
0.6571428571428571 0.5 3648
0.6571428571428571 0.5 3648
0.6571428571428571 0.5 3648
0.6571428571428571 0.5 3648
0.6571428571428571 0.5 3648
0.6571428571428571 0.5 3650
0.6571428571428571 0.5 3650
0.6571428571428571 0.5 3650
0.6571428571428571 0.5 3650
0.6571428571428571 0.5 3650
0.6571428571428571 0.5 3650
0.6571428571428571 0.5 3650
0.6571428571428571 0.5 3650
0.6571428571428571 0.5 3650
0.6571428571428571 0.5 3650
0.6571428571428571 0.5 3650
0.6571428571428571 0.5 3652
0.6571428571428571 0.5 3652
0.6571428571428571 0.5 3654
0.6571428571428571 0.5 3654
0.6571428571428571 0.5 3654
0.6571428571428571 0.5 3654
0.6571428571428571 0.5071428571428571 3654
0.6571428571428571 0.5071428571428571 3654
0.6571428571428571 0.5071428571428571 3654
0.6571428571428571 0.5071428571428571 3654
0.6571428571428571 0.5071428571428571 3654
0.6571428571428571 0.5071428571428571 3654
0.6571428571428571 0.5071428571428571 3654
0.6571428571428571 0.5071428571428571 3654
0.6571428571428571 0.5071428571428571 3654
0.6571428571428571 0.5071428571428571 3654
0.6571428571428571 0.5071428571428571 3654
0.6571428571428571 0.5071428571428571 3654
0.6571428571428571 0.5071428571428571 3654
0.6571428571428571 0.5071428571428571 3654
0.6571428571428571 0.5071428571428571 3654
0.6571428571428571 0.5071428571428571 3654
0.6571428571428571 0.5142857142857142 3654
0.6571428571428571 0.5142857142857142 3654
0.6571428571428571 0.5142857142857142 3654
0.6571428571428571 0.5142857142857142 3654
0.6571428571428571 0.5142857142857142 3654
0.6571428571428571 0.5142857142857142 3654
0.6571428571428571 0.5142857142857142 3656
0.6571428571428571 0.5142857142857142 3656
0.6571428571428571 0.5142857142857142 3656
0.6571428571428571 0.5142857142857142 3656
0.6571428571428571 0.5142857142857142 3656
0.6571428571428571 0.5142857142857142 3656
0.6571428571428571 0.5142857142857142 3658
0.6571428571428571 0.5142857142857142 3658
0.6571428571428571 0.5142857142857142 3658
0.6571428571428571 0.5142857142857142 3658
0.6571428571428571 0.5142857142857142 3658
0.6571428571428571 0.5142857142857142 3658
0.6571428571428571 0.5142857142857142 3658
0.6571428571428571 0.5142857142857142 3658
0.6571428571428571 0.5071428571428571 3658
0.65 0.4928571428571429 3840
0.65 0.4928571428571429 3840
0.65 0.4928571428571429 3840
0.65 0.4928571428571429 3840
0.65 0.4928571428571429 3840
0.65 0.4928571428571429 3842
0.65 0.4928571428571429 3842
0.65 0.4928571428571429 3842
0.65 0.4928571428571429 3844
0.65 0.4928571428571429 3844
0.65 0.4928571428571429 3844
0.65 0.4928571428571429 3844
0.65 0.4928571428571429 3844
0.65 0.4928571428571429 3844
0.65 0.4928571428571429 3844
0.65 0.4928571428571429 3844
0.65 0.4928571428571429 3844
0.65 0.4928571428571429 3846
0.65 0.4857142857142857 3846
0.65 0.4857142857142857 3846
0.65 0.4857142857142857 3852
0.65 0.4857142857142857 3852
0.65 0.4857142857142857 3852
0.65 0.4857142857142857 3852
0.65 0.4857142857142857 3852
0.65 0.4857142857142857 3852
0.65 0.4857142857142857 3852
0.65 0.4857142857142857 3852
0.65 0.4857142857142857 3852
0.65 0.4857142857142857 3852
0.65 0.4857142857142857 3852
0.65 0.4857142857142857 3852
0.65 0.4857142857142857 3852
0.65 0.4857142857142857 3858
0.65 0.4857142857142857 3858
0.65 0.4857142857142857 3858
0.65 0.4857142857142857 3858
0.65 0.4857142857142857 3858
0.65 0.4857142857142857 3858
0.65 0.4857142857142857 3858
0.65 0.4857142857142857 3858
0.65 0.4857142857142857 3858
0.65 0.4857142857142857 3858
0.65 0.4857142857142857 3858
0.65 0.4857142857142857 3858
0.65 0.4857142857142857 3858
0.6285714285714286 0.4928571428571429 4040
0.6285714285714286 0.4928571428571429 4042
0.6285714285714286 0.4928571428571429 4042
0.6285714285714286 0.4928571428571429 4042
0.6285714285714286 0.4928571428571429 4042
0.6285714285714286 0.4928571428571429 4042
0.6285714285714286 0.5 4042
0.6285714285714286 0.5 4042
0.6285714285714286 0.5 4042
0.6285714285714286 0.5 4042
0.6285714285714286 0.5 4114
0.6285714285714286 0.5 4114
0.6285714285714286 0.5 4114
0.6285714285714286 0.5 4114
0.6285714285714286 0.5 4120
0.6285714285714286 0.5 4120
0.6285714285714286 0.5 4120
0.6285714285714286 0.5 4120
0.6285714285714286 0.5 4120
0.6285714285714286 0.5 4120
0.6285714285714286 0.5 4120
0.6285714285714286 0.5 4120
0.6285714285714286 0.5 4120
0.6285714285714286 0.5 4120
0.6285714285714286 0.5 4120
0.6285714285714286 0.5 4120
0.6285714285714286 0.5 4120
0.6285714285714286 0.5 4120
0.6285714285714286 0.5 4120
0.6285714285714286 0.5 4120
0.6285714285714286 0.5 4120
0.6285714285714286 0.5 4120
0.6285714285714286 0.5 4120
0.6285714285714286 0.5 4120
0.6285714285714286 0.5 4120
0.6285714285714286 0.5 4126
0.6285714285714286 0.5 4126
0.6285714285714286 0.5 4126
0.6214285714285714 0.5071428571428571 4432
0.6571428571428571 0.5214285714285715 4542
0.6571428571428571 0.5214285714285715 4542
0.6571428571428571 0.5214285714285715 4542
0.6571428571428571 0.5214285714285715 4632
0.6571428571428571 0.5214285714285715 4632
0.6571428571428571 0.5214285714285715 4632
0.6571428571428571 0.5214285714285715 4632
0.6571428571428571 0.5214285714285715 4632
0.6571428571428571 0.5214285714285715 4632
0.6571428571428571 0.5214285714285715 4632
0.6571428571428571 0.5214285714285715 4632
0.6571428571428571 0.5214285714285715 4632
0.6571428571428571 0.5214285714285715 4632
0.6571428571428571 0.5214285714285715 4632
0.6571428571428571 0.5214285714285715 4632
0.6571428571428571 0.5214285714285715 4632
0.6571428571428571 0.5214285714285715 4632
0.6571428571428571 0.5214285714285715 4632
0.6571428571428571 0.5214285714285715 4632
0.6571428571428571 0.5214285714285715 4632
0.6571428571428571 0.5214285714285715 4632
0.6571428571428571 0.5214285714285715 4632
0.6571428571428571 0.5214285714285715 4632
0.6571428571428571 0.5214285714285715 4632
0.6571428571428571 0.5214285714285715 4632
0.6571428571428571 0.5214285714285715 4632
0.6571428571428571 0.5214285714285715 4632
0.6571428571428571 0.5214285714285715 4634
0.6571428571428571 0.5214285714285715 4634
0.6571428571428571 0.5214285714285715 4634
0.6571428571428571 0.5214285714285715 4634
0.6571428571428571 0.5214285714285715 4634
0.6571428571428571 0.5214285714285715 4634
0.6571428571428571 0.5214285714285715 4634
0.6571428571428571 0.5214285714285715 4634
0.6571428571428571 0.5214285714285715 4634
0.6571428571428571 0.5214285714285715 4634
0.6571428571428571 0.5214285714285715 4640
0.6571428571428571 0.5214285714285715 4640
0.6571428571428571 0.5214285714285715 4640
0.6571428571428571 0.5214285714285715 4642
0.6571428571428571 0.5214285714285715 4642
0.6571428571428571 0.5214285714285715 4642
0.6571428571428571 0.5214285714285715 4642
0.6571428571428571 0.5214285714285715 4644
0.6571428571428571 0.5214285714285715 4644
0.6571428571428571 0.5214285714285715 4644
0.6571428571428571 0.5214285714285715 4644
0.6571428571428571 0.5214285714285715 4644
0.6571428571428571 0.5214285714285715 4646
0.6571428571428571 0.5214285714285715 4648
0.6571428571428571 0.5214285714285715 4648
0.6571428571428571 0.5214285714285715 4648
0.6571428571428571 0.5214285714285715 4648
0.6571428571428571 0.5214285714285715 4650
0.6571428571428571 0.5214285714285715 4650
0.6571428571428571 0.5214285714285715 4650
0.6571428571428571 0.5214285714285715 4650
0.6571428571428571 0.5214285714285715 4656
0.6571428571428571 0.5214285714285715 4656
0.6571428571428571 0.5214285714285715 4656
0.6571428571428571 0.5214285714285715 4656
0.6571428571428571 0.5214285714285715 4656
0.6571428571428571 0.5214285714285715 4656
0.6571428571428571 0.5214285714285715 4656
0.6571428571428571 0.5214285714285715 4656
0.6571428571428571 0.5214285714285715 4656
0.6571428571428571 0.5214285714285715 4662
0.6571428571428571 0.5214285714285715 4662
0.6571428571428571 0.5214285714285715 4662
0.6571428571428571 0.5214285714285715 4662
0.6571428571428571 0.5214285714285715 4662
0.6571428571428571 0.5214285714285715 4662
0.6571428571428571 0.5214285714285715 4662
0.6571428571428571 0.5214285714285715 4662
0.6571428571428571 0.5214285714285715 4664
0.6571428571428571 0.5214285714285715 4664
0.6571428571428571 0.5214285714285715 4664
0.6571428571428571 0.5214285714285715 4664
0.6571428571428571 0.5214285714285715 4666
0.6571428571428571 0.5214285714285715 4666
0.6571428571428571 0.5214285714285715 4666
0.6571428571428571 0.5214285714285715 4666
0.6571428571428571 0.5214285714285715 4666
0.6571428571428571 0.5214285714285715 4666
0.6571428571428571 0.5214285714285715 4666
0.6571428571428571 0.5214285714285715 4696
0.6571428571428571 0.5214285714285715 4696
0.6571428571428571 0.5214285714285715 4696
0.6571428571428571 0.5214285714285715 4698
0.6571428571428571 0.5214285714285715 4698
0.6571428571428571 0.5214285714285715 4698
0.6571428571428571 0.5214285714285715 4698
0.6571428571428571 0.5214285714285715 4808
0.6571428571428571 0.5214285714285715 4808
0.6571428571428571 0.5214285714285715 4808
0.6571428571428571 0.5214285714285715 4808
0.6571428571428571 0.5214285714285715 4808
0.6571428571428571 0.5214285714285715 4810
0.6571428571428571 0.5214285714285715 4810
0.6571428571428571 0.5214285714285715 4810
0.6571428571428571 0.5214285714285715 4810
0.6571428571428571 0.5214285714285715 4810
0.6571428571428571 0.5214285714285715 4810
0.6571428571428571 0.5214285714285715 4810
0.6571428571428571 0.5214285714285715 4810
0.6571428571428571 0.5214285714285715 4810
0.6571428571428571 0.5214285714285715 4816
0.6571428571428571 0.5214285714285715 4816
0.6571428571428571 0.5214285714285715 4816
0.6571428571428571 0.5214285714285715 4816
0.6571428571428571 0.5214285714285715 4816
0.6571428571428571 0.5214285714285715 4816
0.6571428571428571 0.5214285714285715 4818
0.6571428571428571 0.5214285714285715 4818
0.6571428571428571 0.5214285714285715 4818
0.6571428571428571 0.5357142857142857 4818
0.6571428571428571 0.5357142857142857 4818
0.6571428571428571 0.5357142857142857 4820
0.6571428571428571 0.5357142857142857 4820
0.6571428571428571 0.5357142857142857 4820
0.6571428571428571 0.5357142857142857 4820
0.6571428571428571 0.5357142857142857 4822
0.6571428571428571 0.5357142857142857 4822
0.6571428571428571 0.5357142857142857 4824
0.6571428571428571 0.5357142857142857 4826
0.6571428571428571 0.5357142857142857 4826
0.6571428571428571 0.5357142857142857 4826
0.6571428571428571 0.5357142857142857 4826
0.6571428571428571 0.5357142857142857 4826
0.6571428571428571 0.5357142857142857 4826
0.6571428571428571 0.5357142857142857 4826
0.6571428571428571 0.5357142857142857 4826
0.6571428571428571 0.5357142857142857 4826
0.6571428571428571 0.5357142857142857 4826
0.6571428571428571 0.5357142857142857 4826
0.6571428571428571 0.5357142857142857 4826
0.6571428571428571 0.5357142857142857 4826
0.6571428571428571 0.5357142857142857 4826
0.6571428571428571 0.5357142857142857 4826
