0.5 0.22857142857142856 62
0.5 0.22857142857142856 62
0.5 0.22857142857142856 62
0.5 0.22857142857142856 62
0.5 0.22857142857142856 62
0.5 0.22857142857142856 62
0.5 0.22857142857142856 62
0.5 0.22857142857142856 62
0.5 0.22857142857142856 62
0.5 0.24285714285714285 62
0.5 0.24285714285714285 62
0.5 0.24285714285714285 62
0.5 0.2571428571428571 68
0.5 0.2571428571428571 68
0.5 0.2571428571428571 68
0.5 0.2571428571428571 68
0.5 0.2571428571428571 68
0.5 0.2571428571428571 68
0.5 0.2571428571428571 68
0.5 0.2571428571428571 68
0.5 0.2571428571428571 68
0.5 0.2571428571428571 68
0.5 0.2571428571428571 68
0.5 0.2571428571428571 68
0.5 0.2571428571428571 68
0.5 0.2571428571428571 68
0.5 0.2571428571428571 68
0.5 0.2714285714285714 68
0.5 0.2714285714285714 68
0.5 0.2714285714285714 68
0.5 0.3142857142857143 68
0.5 0.32142857142857145 70
0.5 0.32857142857142857 142
0.5 0.32857142857142857 142
0.5 0.32857142857142857 142
0.5 0.34285714285714286 142
0.5 0.34285714285714286 142
0.5 0.34285714285714286 144
0.5 0.34285714285714286 144
0.5 0.34285714285714286 144
0.5 0.34285714285714286 144
0.5 0.34285714285714286 144
0.5 0.34285714285714286 144
0.5 0.35 144
0.5 0.35 144
0.5 0.35714285714285715 144
0.5 0.35714285714285715 144
0.5 0.35714285714285715 144
0.5 0.35714285714285715 144
0.5 0.35714285714285715 144
0.5 0.35714285714285715 144
0.5 0.35714285714285715 146
0.5 0.35714285714285715 148
0.5 0.35714285714285715 148
0.5 0.35714285714285715 148
0.5 0.35714285714285715 148
0.5 0.35714285714285715 150
0.5 0.35714285714285715 156
0.5 0.35714285714285715 156
0.5 0.35714285714285715 156
0.5 0.35714285714285715 162
0.5 0.35714285714285715 162
0.5 0.35714285714285715 164
0.5 0.35714285714285715 164
0.5 0.35714285714285715 166
0.5 0.35714285714285715 166
0.5 0.35714285714285715 168
0.5 0.35714285714285715 168
0.5 0.37857142857142856 168
0.5 0.39285714285714285 168
0.5 0.39285714285714285 168
0.5 0.39285714285714285 168
0.5 0.39285714285714285 168
0.5 0.4 174
0.5 0.4 174
0.5 0.4 176
0.5 0.4 176
0.5 0.4 176
0.5 0.4142857142857143 176
0.5 0.4142857142857143 176
0.5 0.4142857142857143 176
0.5 0.4142857142857143 176
0.5 0.4142857142857143 176
0.5 0.4142857142857143 176
0.5 0.4142857142857143 176
0.5 0.4142857142857143 176
0.5 0.4142857142857143 176
0.5 0.4142857142857143 176
0.5 0.4142857142857143 178
0.5 0.42142857142857143 178
0.5 0.42142857142857143 178
0.5 0.42142857142857143 180
0.5 0.42142857142857143 180
0.5 0.42142857142857143 180
0.5 0.42142857142857143 186
0.5 0.42857142857142855 186
0.5 0.42857142857142855 186
0.5 0.42857142857142855 186
0.5 0.42857142857142855 186
0.5 0.42857142857142855 186
0.5 0.42857142857142855 186
0.5 0.42857142857142855 186
0.5 0.42857142857142855 186
0.5 0.42857142857142855 186
0.5 0.42857142857142855 186
0.5 0.42857142857142855 188
0.5 0.42857142857142855 188
0.5 0.42857142857142855 188
0.5 0.42857142857142855 188
0.5 0.42857142857142855 188
0.5 0.42857142857142855 188
0.5 0.42857142857142855 194
0.5 0.42857142857142855 194
0.5 0.42857142857142855 194
0.5 0.42857142857142855 194
0.5 0.42857142857142855 194
0.5714285714285714 0.4928571428571429 500
0.5714285714285714 0.4928571428571429 500
0.5714285714285714 0.4928571428571429 502
0.5714285714285714 0.4928571428571429 502
0.5714285714285714 0.4928571428571429 502
0.5714285714285714 0.4928571428571429 502
0.5714285714285714 0.4928571428571429 502
0.5714285714285714 0.4928571428571429 504
0.5714285714285714 0.4928571428571429 506
0.5714285714285714 0.4928571428571429 506
0.5714285714285714 0.4928571428571429 506
0.5714285714285714 0.4928571428571429 506
0.5714285714285714 0.4928571428571429 506
0.5714285714285714 0.4928571428571429 506
0.5714285714285714 0.4928571428571429 506
0.5714285714285714 0.4928571428571429 506
0.5714285714285714 0.4928571428571429 508
0.5714285714285714 0.4928571428571429 508
0.5714285714285714 0.4928571428571429 508
0.5714285714285714 0.4928571428571429 508
0.5714285714285714 0.4928571428571429 508
0.5714285714285714 0.4928571428571429 508
0.5714285714285714 0.4928571428571429 508
0.5714285714285714 0.4928571428571429 508
0.5714285714285714 0.4928571428571429 508
0.5714285714285714 0.4928571428571429 508
0.5714285714285714 0.4928571428571429 508
0.5714285714285714 0.4928571428571429 510
0.5714285714285714 0.5 510
0.5714285714285714 0.5 510
0.5857142857142857 0.5285714285714286 522
0.5857142857142857 0.5285714285714286 522
0.5857142857142857 0.5285714285714286 524
0.5857142857142857 0.5285714285714286 524
0.5857142857142857 0.5285714285714286 524
0.5857142857142857 0.5285714285714286 524
0.5857142857142857 0.5285714285714286 524
0.5857142857142857 0.5285714285714286 524
0.5857142857142857 0.5285714285714286 524
0.5857142857142857 0.5357142857142857 524
0.5857142857142857 0.5357142857142857 524
0.5857142857142857 0.5357142857142857 524
0.5857142857142857 0.5357142857142857 524
0.5857142857142857 0.5357142857142857 524
0.5857142857142857 0.5357142857142857 524
0.5857142857142857 0.5357142857142857 524
0.5857142857142857 0.5357142857142857 530
0.5857142857142857 0.5357142857142857 530
0.5857142857142857 0.5357142857142857 530
0.5857142857142857 0.5357142857142857 530
0.5857142857142857 0.5357142857142857 530
0.5857142857142857 0.5357142857142857 530
0.5857142857142857 0.5357142857142857 530
0.5857142857142857 0.5357142857142857 530
0.5857142857142857 0.5357142857142857 530
0.5857142857142857 0.5357142857142857 530
0.6142857142857143 0.5714285714285714 3722
0.6142857142857143 0.5714285714285714 3722
0.6142857142857143 0.5714285714285714 3722
0.6142857142857143 0.5714285714285714 3722
0.6142857142857143 0.5714285714285714 3722
0.6142857142857143 0.5714285714285714 3724
0.6142857142857143 0.5714285714285714 3724
0.6142857142857143 0.5714285714285714 3724
0.6142857142857143 0.5714285714285714 3724
0.6142857142857143 0.5714285714285714 3724
0.6142857142857143 0.6 3724
0.6142857142857143 0.6 3724
0.6142857142857143 0.6 3724
0.6142857142857143 0.6 3724
0.6142857142857143 0.6 3724
0.6142857142857143 0.6 3724
0.6142857142857143 0.6 3724
0.6142857142857143 0.6 3724
0.6142857142857143 0.6 3724
0.6142857142857143 0.6 3724
0.6142857142857143 0.5857142857142857 3730
0.6142857142857143 0.5857142857142857 3730
0.6142857142857143 0.5857142857142857 3730
0.6142857142857143 0.5857142857142857 3730
0.6142857142857143 0.5714285714285714 3730
0.6142857142857143 0.5714285714285714 3730
0.6142857142857143 0.5714285714285714 3730
0.6142857142857143 0.5714285714285714 3730
0.6142857142857143 0.5714285714285714 3730
0.6142857142857143 0.5714285714285714 3732
0.6142857142857143 0.5714285714285714 3732
0.6142857142857143 0.5714285714285714 3732
0.6142857142857143 0.5714285714285714 3762
0.6142857142857143 0.5714285714285714 3762
0.6142857142857143 0.5714285714285714 3762
0.6142857142857143 0.5714285714285714 3762
0.6142857142857143 0.5714285714285714 3762
0.6142857142857143 0.5714285714285714 3762
0.6142857142857143 0.5714285714285714 3762
0.6142857142857143 0.5714285714285714 3762
0.6142857142857143 0.5714285714285714 3762
0.6142857142857143 0.5714285714285714 3764
0.6142857142857143 0.5714285714285714 3764
0.6142857142857143 0.5714285714285714 3764
0.6142857142857143 0.5714285714285714 3766
0.6142857142857143 0.5714285714285714 3766
0.6142857142857143 0.5714285714285714 3766
0.6142857142857143 0.5714285714285714 3766
0.6142857142857143 0.5714285714285714 3766
0.6142857142857143 0.5714285714285714 3766
0.6142857142857143 0.5714285714285714 3766
0.6142857142857143 0.5714285714285714 3766
0.6142857142857143 0.5714285714285714 3766
0.6142857142857143 0.5714285714285714 3766
0.6142857142857143 0.5714285714285714 3766
0.6142857142857143 0.6 3766
0.6142857142857143 0.6 3766
0.6142857142857143 0.6 3768
0.6142857142857143 0.6 3770
0.6142857142857143 0.6 3790
0.6142857142857143 0.6 3790
0.6142857142857143 0.6 3790
0.6142857142857143 0.6 3790
0.6142857142857143 0.5857142857142857 3796
0.6142857142857143 0.5714285714285714 3798
0.6142857142857143 0.5714285714285714 3798
0.6142857142857143 0.5714285714285714 3798
0.6142857142857143 0.6 3798
0.6142857142857143 0.6 3798
0.6142857142857143 0.5714285714285714 3798
0.6142857142857143 0.5714285714285714 3798
0.6142857142857143 0.5714285714285714 3798
0.6142857142857143 0.6 3798
0.6142857142857143 0.6 3798
0.6142857142857143 0.6 3798
0.6142857142857143 0.6 3798
0.6142857142857143 0.6 3798
0.6142857142857143 0.6 3798
0.6142857142857143 0.6 3798
0.6142857142857143 0.6 3798
0.6142857142857143 0.6 3798
0.6142857142857143 0.6 3798
0.6142857142857143 0.6 3798
0.6142857142857143 0.6 3798
0.6142857142857143 0.6 3798
0.6142857142857143 0.6 3798
0.6142857142857143 0.6 3798
0.6142857142857143 0.6 3798
0.6142857142857143 0.6 3798
0.6142857142857143 0.5857142857142857 3798
0.6142857142857143 0.5857142857142857 3798
0.6142857142857143 0.6 3854
0.6142857142857143 0.6 3854
0.6142857142857143 0.6 3854
0.6142857142857143 0.6 3854
0.6142857142857143 0.6 3854
0.6142857142857143 0.6 3856
0.6142857142857143 0.6 3856
0.6142857142857143 0.6 3856
0.6142857142857143 0.6 3858
0.6142857142857143 0.6 3858
0.6142857142857143 0.6 3858
0.6142857142857143 0.6 3858
0.6142857142857143 0.6 3858
0.6 0.5571428571428572 4040
0.6 0.5571428571428572 4040
0.6 0.5571428571428572 4040
0.6 0.5571428571428572 4040
0.6 0.5571428571428572 4040
0.6 0.5571428571428572 4040
0.6 0.5571428571428572 4046
0.6 0.5571428571428572 4046
0.6 0.5642857142857143 4046
0.6 0.5642857142857143 4048
0.6 0.5642857142857143 4048
0.6 0.5642857142857143 4048
0.6 0.5642857142857143 4048
0.6 0.5642857142857143 4048
0.6 0.5642857142857143 4050
0.6 0.5642857142857143 4050
0.6 0.5642857142857143 4052
0.6 0.5642857142857143 4052
0.6 0.5642857142857143 4052
0.6 0.5642857142857143 4052
0.6 0.5642857142857143 4082
0.6 0.5642857142857143 4082
0.6 0.5642857142857143 4084
0.6 0.5642857142857143 4084
0.6 0.5642857142857143 4086
0.6 0.5642857142857143 4086
0.6 0.5642857142857143 4086
0.6 0.5642857142857143 4086
0.6 0.5571428571428572 4176
0.6 0.5571428571428572 4176
0.6 0.5571428571428572 4178
0.6 0.5571428571428572 4178
0.6 0.5571428571428572 4178
0.6 0.5571428571428572 4180
0.6 0.5571428571428572 4180
0.6 0.5571428571428572 4180
0.6 0.5642857142857143 4180
0.6 0.5642857142857143 4180
0.6 0.5642857142857143 4180
0.6 0.5642857142857143 4180
0.6 0.5642857142857143 4180
0.6 0.5642857142857143 4186
0.6 0.5642857142857143 4186
0.6 0.5642857142857143 4186
0.6 0.5714285714285714 4186
0.6 0.5714285714285714 4186
0.6 0.5714285714285714 4186
0.6 0.5714285714285714 4188
0.6 0.5714285714285714 4188
0.6 0.5714285714285714 4188
0.6 0.5714285714285714 4194
0.6 0.5714285714285714 4196
0.6 0.5714285714285714 4196
0.6 0.5714285714285714 4202
0.6 0.5714285714285714 4204
0.6 0.5714285714285714 4204
0.6 0.5714285714285714 4204
0.6 0.5714285714285714 4204
0.6 0.5714285714285714 4206
0.6 0.5642857142857143 4226
0.6 0.5642857142857143 4226
0.6 0.5642857142857143 4226
0.6 0.5642857142857143 4226
0.6 0.5571428571428572 4232
0.6 0.5571428571428572 4232
0.6 0.5571428571428572 4232
0.6 0.5571428571428572 4232
0.6 0.5571428571428572 4232
0.6 0.5571428571428572 4232
0.6142857142857143 0.5714285714285714 4274
0.6142857142857143 0.5714285714285714 4276
0.6285714285714286 0.5714285714285714 4386
0.6285714285714286 0.5714285714285714 4392
0.6285714285714286 0.5714285714285714 4392
0.6285714285714286 0.5714285714285714 4392
0.6285714285714286 0.5714285714285714 4392
0.6285714285714286 0.5714285714285714 4394
0.6285714285714286 0.5714285714285714 4394
0.6285714285714286 0.5714285714285714 4394
0.6285714285714286 0.5714285714285714 4394
0.6285714285714286 0.5714285714285714 4394
0.6285714285714286 0.5714285714285714 4394
0.6285714285714286 0.5714285714285714 4394
0.6285714285714286 0.5714285714285714 4394
0.6285714285714286 0.5714285714285714 4394
0.6285714285714286 0.5714285714285714 4394
0.6285714285714286 0.5714285714285714 4396
0.6285714285714286 0.5714285714285714 4396
0.6285714285714286 0.5714285714285714 4398
0.6285714285714286 0.5714285714285714 4398
0.6285714285714286 0.5714285714285714 4398
0.6285714285714286 0.5714285714285714 4398
0.6285714285714286 0.5714285714285714 4400
0.6285714285714286 0.5714285714285714 4400
0.6285714285714286 0.5714285714285714 4400
0.6285714285714286 0.5714285714285714 4400
0.6285714285714286 0.5714285714285714 4400
0.6285714285714286 0.5714285714285714 4400
0.6285714285714286 0.5714285714285714 4400
0.6285714285714286 0.5714285714285714 4400
0.6285714285714286 0.5714285714285714 4400
0.6285714285714286 0.5642857142857143 4400
0.6285714285714286 0.5642857142857143 4400
0.6285714285714286 0.5642857142857143 4400
0.6285714285714286 0.5642857142857143 4400
0.6285714285714286 0.5642857142857143 4400
0.6285714285714286 0.5642857142857143 4402
0.6285714285714286 0.5642857142857143 4402
0.6285714285714286 0.5642857142857143 4402
0.6285714285714286 0.5642857142857143 4402
0.6285714285714286 0.5642857142857143 4402
0.6285714285714286 0.5642857142857143 4402
0.6285714285714286 0.5642857142857143 4402
0.6285714285714286 0.5642857142857143 4402
0.6285714285714286 0.5571428571428572 4402
0.6285714285714286 0.5571428571428572 4402
0.6285714285714286 0.5571428571428572 4402
0.6285714285714286 0.5571428571428572 4404
0.6285714285714286 0.5571428571428572 4404
0.6285714285714286 0.5571428571428572 4404
0.6285714285714286 0.5571428571428572 4404
0.6285714285714286 0.5571428571428572 4404
0.6285714285714286 0.5571428571428572 4404
0.6285714285714286 0.5571428571428572 4404
0.6285714285714286 0.5571428571428572 4404
0.6285714285714286 0.5571428571428572 4404
0.6285714285714286 0.5571428571428572 4410
0.6285714285714286 0.5571428571428572 4410
0.6285714285714286 0.5571428571428572 4412
0.6285714285714286 0.5571428571428572 4412
0.6285714285714286 0.5571428571428572 4414
0.6285714285714286 0.5571428571428572 4414
0.6285714285714286 0.5571428571428572 4416
0.6285714285714286 0.5571428571428572 4416
0.6285714285714286 0.5571428571428572 4418
0.6285714285714286 0.5571428571428572 4418
0.6285714285714286 0.5571428571428572 4418
0.6285714285714286 0.5571428571428572 4418
0.6285714285714286 0.5571428571428572 4418
0.6285714285714286 0.5571428571428572 4418
0.6285714285714286 0.5571428571428572 4418
0.6285714285714286 0.5571428571428572 4418
0.6285714285714286 0.5571428571428572 4418
0.6285714285714286 0.5571428571428572 4418
0.6285714285714286 0.5571428571428572 4420
0.6285714285714286 0.5571428571428572 4420
0.6285714285714286 0.5571428571428572 4420
0.6285714285714286 0.5571428571428572 4420
0.6285714285714286 0.5571428571428572 4420
0.6285714285714286 0.5571428571428572 4420
0.6285714285714286 0.5571428571428572 4420
0.6285714285714286 0.5571428571428572 4420
0.6285714285714286 0.5571428571428572 4420
0.6285714285714286 0.5714285714285714 4462
0.6285714285714286 0.5714285714285714 4462
0.6285714285714286 0.5714285714285714 4462
0.6285714285714286 0.5714285714285714 4462
0.6285714285714286 0.5714285714285714 4462
0.6285714285714286 0.5714285714285714 4462
0.6285714285714286 0.5714285714285714 4462
0.6285714285714286 0.5714285714285714 4462
0.6285714285714286 0.5714285714285714 4462
0.6285714285714286 0.5714285714285714 4462
0.6285714285714286 0.5714285714285714 4462
0.6285714285714286 0.5714285714285714 4462
0.6285714285714286 0.5714285714285714 4462
0.6285714285714286 0.5714285714285714 4462
0.6285714285714286 0.5714285714285714 4462
0.6285714285714286 0.5714285714285714 4462
0.6285714285714286 0.5714285714285714 4462
0.6285714285714286 0.5714285714285714 4462
0.6285714285714286 0.5714285714285714 4462
0.6285714285714286 0.5714285714285714 4462
0.6285714285714286 0.5642857142857143 4464
0.6285714285714286 0.5642857142857143 4464
0.6285714285714286 0.5642857142857143 4464
0.6285714285714286 0.5642857142857143 4476
0.6285714285714286 0.5642857142857143 4476
0.6285714285714286 0.5642857142857143 4476
0.6285714285714286 0.5642857142857143 4476
0.6285714285714286 0.5714285714285714 4476
0.6285714285714286 0.5714285714285714 4476
0.6285714285714286 0.5714285714285714 4478
0.6285714285714286 0.5714285714285714 4478
0.6285714285714286 0.5714285714285714 4478
0.6285714285714286 0.5714285714285714 4478
0.6285714285714286 0.5714285714285714 4478
0.6285714285714286 0.5714285714285714 4478
0.6285714285714286 0.5714285714285714 4480
0.6285714285714286 0.5714285714285714 4480
0.6285714285714286 0.5714285714285714 4480
0.6285714285714286 0.5714285714285714 4480
0.6285714285714286 0.5714285714285714 4482
0.6285714285714286 0.5714285714285714 4482
0.6285714285714286 0.5714285714285714 4482
0.6285714285714286 0.5714285714285714 4482
0.6285714285714286 0.5714285714285714 4482
0.6285714285714286 0.5714285714285714 4482
0.6285714285714286 0.5714285714285714 4482
0.6285714285714286 0.5714285714285714 4482
0.6285714285714286 0.5714285714285714 4484
0.6285714285714286 0.5714285714285714 4484
0.6285714285714286 0.5714285714285714 4484
0.6285714285714286 0.5714285714285714 4484
0.6285714285714286 0.5714285714285714 4484
0.6285714285714286 0.5714285714285714 4484
0.6285714285714286 0.5714285714285714 4484
0.6285714285714286 0.5714285714285714 4484
0.6285714285714286 0.5714285714285714 4484
0.6285714285714286 0.5714285714285714 4484
0.6285714285714286 0.5714285714285714 4484
0.6285714285714286 0.5714285714285714 4484
0.6285714285714286 0.5714285714285714 4484
0.6285714285714286 0.5714285714285714 4484
0.6285714285714286 0.5714285714285714 4484
0.6285714285714286 0.5714285714285714 4484
0.6285714285714286 0.5714285714285714 4486
0.6285714285714286 0.5714285714285714 4486
0.6285714285714286 0.5714285714285714 4486
0.6285714285714286 0.5714285714285714 4486
0.6285714285714286 0.5714285714285714 4486
0.6285714285714286 0.5714285714285714 4486
0.6285714285714286 0.5714285714285714 4486
0.6285714285714286 0.5714285714285714 4486
0.6285714285714286 0.5714285714285714 4486
0.6285714285714286 0.5714285714285714 4486
0.6285714285714286 0.5714285714285714 4486
0.6285714285714286 0.5714285714285714 4486
0.6285714285714286 0.5714285714285714 4486
0.6285714285714286 0.5714285714285714 4486
0.6285714285714286 0.5642857142857143 4486
0.6285714285714286 0.5642857142857143 4486
0.6285714285714286 0.5571428571428572 4492
0.6285714285714286 0.5571428571428572 4492
0.6285714285714286 0.5571428571428572 4492
0.6285714285714286 0.5571428571428572 4492
0.6285714285714286 0.5571428571428572 4492
0.6285714285714286 0.5571428571428572 4492
0.6285714285714286 0.5571428571428572 4492
0.6285714285714286 0.5571428571428572 4492
0.6285714285714286 0.5571428571428572 4494
0.6285714285714286 0.5571428571428572 4494
0.6285714285714286 0.5571428571428572 4494
0.6285714285714286 0.5571428571428572 4494
0.6285714285714286 0.5571428571428572 4494
0.6285714285714286 0.5571428571428572 4494
0.6285714285714286 0.5571428571428572 4494
0.6285714285714286 0.5571428571428572 4494
0.6285714285714286 0.5571428571428572 4494
0.6285714285714286 0.5571428571428572 4494
0.6285714285714286 0.5642857142857143 4500
0.6285714285714286 0.5642857142857143 4500
0.6285714285714286 0.5642857142857143 4500
0.6285714285714286 0.5642857142857143 4500
0.6285714285714286 0.5642857142857143 4500
0.6285714285714286 0.5642857142857143 4500
0.6285714285714286 0.5714285714285714 4502
0.6285714285714286 0.5714285714285714 4502
0.6285714285714286 0.5714285714285714 4504
0.6285714285714286 0.5714285714285714 4504
0.6285714285714286 0.5714285714285714 4504
0.6285714285714286 0.5714285714285714 4504
0.6285714285714286 0.5642857142857143 4504
0.6285714285714286 0.5714285714285714 4614
0.6285714285714286 0.5714285714285714 4614
0.6285714285714286 0.5714285714285714 4616
0.6285714285714286 0.5714285714285714 4616
0.6285714285714286 0.5714285714285714 4616
0.6285714285714286 0.5714285714285714 4616
0.6285714285714286 0.5714285714285714 4616
0.6285714285714286 0.5714285714285714 4616
0.6285714285714286 0.5714285714285714 4616
0.6285714285714286 0.5714285714285714 4616
0.6285714285714286 0.5714285714285714 4616
0.6285714285714286 0.5714285714285714 4616
0.6285714285714286 0.5714285714285714 4616
0.6285714285714286 0.5714285714285714 4618
0.6285714285714286 0.5714285714285714 4620
0.6285714285714286 0.5714285714285714 4620
0.6285714285714286 0.5714285714285714 4620
0.6285714285714286 0.5714285714285714 4620
0.6285714285714286 0.5714285714285714 4620
0.6285714285714286 0.5714285714285714 4620
0.6285714285714286 0.5714285714285714 4620
0.6285714285714286 0.5714285714285714 4620
0.6285714285714286 0.5714285714285714 4620
0.6285714285714286 0.5714285714285714 4620
0.6285714285714286 0.5714285714285714 4620
0.6285714285714286 0.5714285714285714 4620
0.6285714285714286 0.5714285714285714 4620
0.6285714285714286 0.5714285714285714 4620
0.6285714285714286 0.5714285714285714 4620
0.6285714285714286 0.5714285714285714 4620
0.6285714285714286 0.5714285714285714 4620
0.6285714285714286 0.5714285714285714 4620
0.6285714285714286 0.5714285714285714 4620
0.6285714285714286 0.5714285714285714 4620
0.6285714285714286 0.5714285714285714 4620
0.6285714285714286 0.5714285714285714 4620
0.6214285714285714 0.5571428571428572 4802
0.6214285714285714 0.5571428571428572 4802
0.6214285714285714 0.5571428571428572 4802
0.6214285714285714 0.5571428571428572 4802
0.6214285714285714 0.5571428571428572 4802
0.6214285714285714 0.5571428571428572 4802
0.6214285714285714 0.5571428571428572 4802
0.6214285714285714 0.5571428571428572 4808
0.6214285714285714 0.5571428571428572 4808
0.6214285714285714 0.5571428571428572 4808
0.6214285714285714 0.5571428571428572 4808
0.6214285714285714 0.5571428571428572 4808
0.6214285714285714 0.5571428571428572 4808
0.6214285714285714 0.5642857142857143 4808
0.6214285714285714 0.5642857142857143 4808
0.6214285714285714 0.5642857142857143 4808
0.6214285714285714 0.5571428571428572 4810
0.6214285714285714 0.5571428571428572 4810
0.6214285714285714 0.5571428571428572 4810
0.6214285714285714 0.5571428571428572 4810
0.6214285714285714 0.5571428571428572 4810
0.6214285714285714 0.5571428571428572 4810
0.6214285714285714 0.5571428571428572 4810
0.6214285714285714 0.5571428571428572 4810
0.6214285714285714 0.5571428571428572 4810
0.6214285714285714 0.5571428571428572 4810
0.6214285714285714 0.5571428571428572 4810
0.6214285714285714 0.5571428571428572 4810
0.6214285714285714 0.5571428571428572 4810
0.6214285714285714 0.5571428571428572 4810
0.6214285714285714 0.5571428571428572 4810
0.6214285714285714 0.5571428571428572 4810
0.6214285714285714 0.5571428571428572 4810
0.6214285714285714 0.5571428571428572 4810
0.6214285714285714 0.5571428571428572 4810
0.6214285714285714 0.5571428571428572 4810
0.6214285714285714 0.5571428571428572 4810
0.6214285714285714 0.5571428571428572 4812
0.6214285714285714 0.5571428571428572 4812
0.6214285714285714 0.5571428571428572 4812
0.6214285714285714 0.5571428571428572 4812
0.6214285714285714 0.5571428571428572 4812
0.6214285714285714 0.5571428571428572 4812
0.6214285714285714 0.5571428571428572 4812
0.6214285714285714 0.5571428571428572 4812
0.6214285714285714 0.5642857142857143 4812
0.6214285714285714 0.5642857142857143 4812
0.6214285714285714 0.5642857142857143 4814
0.6214285714285714 0.5642857142857143 4814
0.6214285714285714 0.5714285714285714 4814
0.6214285714285714 0.5642857142857143 4816
0.6214285714285714 0.5642857142857143 4816
0.6214285714285714 0.5642857142857143 4816
0.6214285714285714 0.5642857142857143 4816
0.6214285714285714 0.5642857142857143 4816
0.6214285714285714 0.5714285714285714 4816
0.6214285714285714 0.5714285714285714 4816
0.6214285714285714 0.5714285714285714 4816
0.6214285714285714 0.5714285714285714 4816
0.6214285714285714 0.5714285714285714 4816
0.6214285714285714 0.5714285714285714 4822
0.6214285714285714 0.5714285714285714 4822
0.6214285714285714 0.5714285714285714 4822
0.6214285714285714 0.5714285714285714 4822
0.6214285714285714 0.5714285714285714 4822
0.6214285714285714 0.5714285714285714 4822
0.6214285714285714 0.5714285714285714 4822
0.6214285714285714 0.5714285714285714 4822
0.6214285714285714 0.5714285714285714 4822
0.6214285714285714 0.5714285714285714 4822
0.6214285714285714 0.5714285714285714 4822
0.6214285714285714 0.5714285714285714 4822
0.6214285714285714 0.5714285714285714 4824
0.6214285714285714 0.5714285714285714 4824
0.6214285714285714 0.5714285714285714 4824
0.6214285714285714 0.5714285714285714 4824
0.6214285714285714 0.5714285714285714 4824
0.6214285714285714 0.5642857142857143 4824
0.6214285714285714 0.5642857142857143 4824
0.6214285714285714 0.5642857142857143 4824
0.6214285714285714 0.5642857142857143 4824
0.6214285714285714 0.5642857142857143 4824
0.6214285714285714 0.5642857142857143 4824
0.6214285714285714 0.5642857142857143 4824
0.6214285714285714 0.5642857142857143 4826
0.6214285714285714 0.5714285714285714 4826
0.6214285714285714 0.5714285714285714 4826
0.6214285714285714 0.5714285714285714 4826
0.6214285714285714 0.5714285714285714 4826
0.6214285714285714 0.5714285714285714 4826
0.6214285714285714 0.5714285714285714 4826
0.6214285714285714 0.5714285714285714 4826
0.6214285714285714 0.5714285714285714 4826
