0.5 0.18571428571428572 62
0.5 0.18571428571428572 62
0.5 0.18571428571428572 62
0.5 0.18571428571428572 62
0.5 0.18571428571428572 62
0.5 0.19285714285714287 62
0.5 0.2 64
0.5 0.2 64
0.5 0.2 64
0.5 0.25 64
0.5 0.25 64
0.5 0.25 64
0.5 0.25 66
0.5 0.2571428571428571 66
0.5 0.2785714285714286 96
0.5 0.2857142857142857 102
0.5 0.2857142857142857 104
0.5 0.2857142857142857 104
0.5 0.2857142857142857 104
0.5 0.2857142857142857 104
0.5 0.2857142857142857 104
0.5 0.2857142857142857 104
0.5 0.2857142857142857 104
0.5 0.2857142857142857 104
0.5 0.2857142857142857 106
0.5 0.29285714285714287 106
0.5 0.29285714285714287 108
0.5 0.30714285714285716 108
0.5 0.30714285714285716 108
0.5 0.32142857142857145 108
0.5 0.32857142857142857 110
0.5 0.32857142857142857 110
0.5 0.32857142857142857 110
0.5 0.32857142857142857 110
0.5 0.32857142857142857 112
0.5 0.32857142857142857 114
0.5785714285714286 0.4142857142857143 224
0.5785714285714286 0.4142857142857143 226
0.5785714285714286 0.4142857142857143 226
0.5785714285714286 0.4142857142857143 226
0.5785714285714286 0.4142857142857143 226
0.5785714285714286 0.4142857142857143 226
0.5785714285714286 0.4142857142857143 226
0.5785714285714286 0.4142857142857143 226
0.5785714285714286 0.4142857142857143 226
0.5785714285714286 0.4142857142857143 226
0.5785714285714286 0.4142857142857143 226
0.5785714285714286 0.4142857142857143 226
0.5785714285714286 0.4142857142857143 226
0.5785714285714286 0.4142857142857143 226
0.6357142857142857 0.4857142857142857 336
0.6357142857142857 0.4857142857142857 336
0.6357142857142857 0.4857142857142857 336
0.6357142857142857 0.4857142857142857 336
0.6357142857142857 0.4857142857142857 336
0.6357142857142857 0.5 336
0.6357142857142857 0.5 336
0.6357142857142857 0.5 336
0.6357142857142857 0.5 336
0.6357142857142857 0.5 336
0.6357142857142857 0.5 336
0.6357142857142857 0.5 336
0.6357142857142857 0.5142857142857142 336
0.6357142857142857 0.5142857142857142 336
0.6357142857142857 0.5142857142857142 336
0.6357142857142857 0.5142857142857142 336
0.6357142857142857 0.5142857142857142 336
0.6357142857142857 0.5142857142857142 336
0.6357142857142857 0.5142857142857142 336
0.6357142857142857 0.5142857142857142 336
0.6357142857142857 0.5142857142857142 336
0.6357142857142857 0.5142857142857142 336
0.6357142857142857 0.5142857142857142 338
0.6357142857142857 0.5357142857142857 338
0.6357142857142857 0.5357142857142857 338
0.6357142857142857 0.5357142857142857 340
0.6357142857142857 0.5357142857142857 340
0.6357142857142857 0.5357142857142857 340
0.6357142857142857 0.5357142857142857 340
0.6357142857142857 0.5357142857142857 340
0.6357142857142857 0.5357142857142857 340
0.6357142857142857 0.5357142857142857 340
0.6357142857142857 0.5357142857142857 340
0.6357142857142857 0.5357142857142857 340
0.6357142857142857 0.5357142857142857 340
0.6357142857142857 0.5357142857142857 340
0.6357142857142857 0.5357142857142857 340
0.6357142857142857 0.5357142857142857 340
0.6357142857142857 0.5357142857142857 340
0.6357142857142857 0.5357142857142857 340
0.6357142857142857 0.5357142857142857 340
0.6357142857142857 0.5357142857142857 340
0.6357142857142857 0.5357142857142857 340
0.6357142857142857 0.5357142857142857 340
0.6357142857142857 0.5357142857142857 340
0.6357142857142857 0.55 340
0.6357142857142857 0.55 340
0.6357142857142857 0.55 340
0.6357142857142857 0.55 346
0.6357142857142857 0.55 346
0.6357142857142857 0.55 358
0.6357142857142857 0.55 358
0.6357142857142857 0.55 358
0.6357142857142857 0.55 358
0.6357142857142857 0.55 364
0.6357142857142857 0.55 364
0.6357142857142857 0.55 364
0.6357142857142857 0.55 364
0.6357142857142857 0.55 364
0.6357142857142857 0.55 364
0.6357142857142857 0.55 364
0.6357142857142857 0.55 366
0.6357142857142857 0.55 366
0.6357142857142857 0.55 366
0.6357142857142857 0.55 368
0.6357142857142857 0.5571428571428572 368
0.6357142857142857 0.5571428571428572 368
0.6357142857142857 0.5571428571428572 368
0.6357142857142857 0.5571428571428572 368
0.6357142857142857 0.5571428571428572 368
0.6357142857142857 0.5571428571428572 368
0.6357142857142857 0.5571428571428572 368
0.6357142857142857 0.5571428571428572 368
0.6357142857142857 0.5571428571428572 368
0.6357142857142857 0.5571428571428572 368
0.6357142857142857 0.5571428571428572 368
0.6357142857142857 0.5571428571428572 368
0.6357142857142857 0.5571428571428572 370
0.6357142857142857 0.5571428571428572 370
0.6357142857142857 0.5571428571428572 370
0.6357142857142857 0.5571428571428572 370
0.6357142857142857 0.5571428571428572 370
0.6357142857142857 0.5571428571428572 370
0.6357142857142857 0.5571428571428572 370
0.6357142857142857 0.5571428571428572 370
0.6357142857142857 0.5571428571428572 370
0.6357142857142857 0.5571428571428572 370
0.6357142857142857 0.5571428571428572 370
0.6357142857142857 0.5571428571428572 372
0.6357142857142857 0.5571428571428572 372
0.6357142857142857 0.5571428571428572 372
0.6357142857142857 0.5571428571428572 372
0.6357142857142857 0.5571428571428572 378
0.6357142857142857 0.5571428571428572 378
0.6357142857142857 0.5571428571428572 378
0.6357142857142857 0.5571428571428572 378
0.6357142857142857 0.5571428571428572 378
0.6357142857142857 0.5571428571428572 378
0.6357142857142857 0.5571428571428572 378
0.6357142857142857 0.5571428571428572 378
0.6357142857142857 0.5571428571428572 378
0.6357142857142857 0.5571428571428572 378
0.6357142857142857 0.5571428571428572 380
0.6357142857142857 0.5571428571428572 380
0.6357142857142857 0.5571428571428572 380
0.6357142857142857 0.5571428571428572 380
0.6357142857142857 0.5571428571428572 380
0.6357142857142857 0.5571428571428572 380
0.6357142857142857 0.5571428571428572 380
0.6357142857142857 0.5571428571428572 380
0.6357142857142857 0.5571428571428572 380
0.6357142857142857 0.5571428571428572 382
0.6357142857142857 0.5571428571428572 382
0.6357142857142857 0.5571428571428572 384
0.6357142857142857 0.5571428571428572 384
0.6357142857142857 0.5571428571428572 384
0.6357142857142857 0.5571428571428572 386
0.6357142857142857 0.5571428571428572 406
0.6357142857142857 0.5571428571428572 406
0.6357142857142857 0.5571428571428572 406
0.6357142857142857 0.5571428571428572 408
0.6357142857142857 0.5571428571428572 408
0.6357142857142857 0.5571428571428572 408
0.6357142857142857 0.5571428571428572 408
0.6357142857142857 0.5571428571428572 408
0.6357142857142857 0.5571428571428572 408
0.6714285714285714 0.5714285714285714 3600
0.6714285714285714 0.5714285714285714 3600
0.6714285714285714 0.5714285714285714 3600
0.6714285714285714 0.5714285714285714 3600
0.6714285714285714 0.5714285714285714 3600
0.6714285714285714 0.5714285714285714 3606
0.6714285714285714 0.5714285714285714 3608
0.6714285714285714 0.5714285714285714 3608
0.6714285714285714 0.5714285714285714 3608
0.6714285714285714 0.5714285714285714 3608
0.6714285714285714 0.5714285714285714 3608
0.6714285714285714 0.5714285714285714 3608
0.6714285714285714 0.5714285714285714 3608
0.6714285714285714 0.5714285714285714 3608
0.6714285714285714 0.5714285714285714 3608
0.6714285714285714 0.5714285714285714 3608
0.6714285714285714 0.5714285714285714 3608
0.6714285714285714 0.5714285714285714 3614
0.6714285714285714 0.5714285714285714 3614
0.6714285714285714 0.5642857142857143 3614
0.6714285714285714 0.5642857142857143 3614
0.6714285714285714 0.5642857142857143 3614
0.6714285714285714 0.5642857142857143 3614
0.6714285714285714 0.5642857142857143 3614
0.6714285714285714 0.5642857142857143 3614
0.6714285714285714 0.5642857142857143 3614
0.6714285714285714 0.5642857142857143 3614
0.6714285714285714 0.5642857142857143 3614
0.6714285714285714 0.5571428571428572 3614
0.6714285714285714 0.5571428571428572 3614
0.6714285714285714 0.5571428571428572 3614
0.6714285714285714 0.5642857142857143 3614
0.6714285714285714 0.5642857142857143 3614
0.6714285714285714 0.5642857142857143 3614
0.6714285714285714 0.5642857142857143 3614
0.6714285714285714 0.5642857142857143 3620
0.6714285714285714 0.5642857142857143 3620
0.6714285714285714 0.5642857142857143 3620
0.6714285714285714 0.5642857142857143 3620
0.6714285714285714 0.5642857142857143 3620
0.6714285714285714 0.5642857142857143 3620
0.6714285714285714 0.5642857142857143 3620
0.6714285714285714 0.5642857142857143 3620
0.6714285714285714 0.5642857142857143 3620
0.6714285714285714 0.5642857142857143 3620
0.6714285714285714 0.5642857142857143 3620
0.6714285714285714 0.5642857142857143 3620
0.6714285714285714 0.5642857142857143 3620
0.6714285714285714 0.5642857142857143 3620
0.6714285714285714 0.5642857142857143 3620
0.6714285714285714 0.5642857142857143 3620
0.6714285714285714 0.5642857142857143 3620
0.6714285714285714 0.5642857142857143 3622
0.6714285714285714 0.5642857142857143 3624
0.6714285714285714 0.5642857142857143 3624
0.6714285714285714 0.5642857142857143 3624
0.6714285714285714 0.5642857142857143 3624
0.6714285714285714 0.5642857142857143 3644
0.6714285714285714 0.5642857142857143 3644
0.6714285714285714 0.5642857142857143 3644
0.6714285714285714 0.5642857142857143 3644
0.6714285714285714 0.5642857142857143 3644
0.6714285714285714 0.5642857142857143 3644
0.6714285714285714 0.5642857142857143 3644
0.6714285714285714 0.5642857142857143 3644
0.6714285714285714 0.5642857142857143 3644
0.6714285714285714 0.5642857142857143 3644
0.6714285714285714 0.5642857142857143 3644
0.6714285714285714 0.5642857142857143 3644
0.6714285714285714 0.5642857142857143 3644
0.6714285714285714 0.5642857142857143 3644
0.6714285714285714 0.5642857142857143 3646
0.6714285714285714 0.5642857142857143 3646
0.6714285714285714 0.5642857142857143 3646
0.6714285714285714 0.5642857142857143 3646
0.6714285714285714 0.5642857142857143 3646
0.6714285714285714 0.5642857142857143 3646
0.6714285714285714 0.5642857142857143 3652
0.6714285714285714 0.5642857142857143 3654
0.6714285714285714 0.5642857142857143 3654
0.6714285714285714 0.5642857142857143 3654
0.6714285714285714 0.5642857142857143 3654
0.6714285714285714 0.5642857142857143 3654
0.6714285714285714 0.5642857142857143 3654
0.6714285714285714 0.5642857142857143 3654
0.6714285714285714 0.5642857142857143 3654
0.6714285714285714 0.5642857142857143 3654
0.6714285714285714 0.5642857142857143 3656
0.6714285714285714 0.5714285714285714 3656
0.6714285714285714 0.5714285714285714 3656
0.6714285714285714 0.5714285714285714 3656
0.6714285714285714 0.5714285714285714 3656
0.6714285714285714 0.5785714285714286 3656
0.6714285714285714 0.5785714285714286 3656
0.6714285714285714 0.5785714285714286 3656
0.6714285714285714 0.5785714285714286 3656
0.6714285714285714 0.5785714285714286 3656
0.6714285714285714 0.5857142857142857 3656
0.6714285714285714 0.5857142857142857 3656
0.6714285714285714 0.5857142857142857 3656
0.6714285714285714 0.5857142857142857 3656
0.6714285714285714 0.5857142857142857 3656
0.6714285714285714 0.5857142857142857 3658
0.6714285714285714 0.5785714285714286 3658
0.6714285714285714 0.5785714285714286 3670
0.6714285714285714 0.5785714285714286 3670
0.6714285714285714 0.5785714285714286 3670
0.6714285714285714 0.5785714285714286 3672
0.6714285714285714 0.5785714285714286 3672
0.6714285714285714 0.5785714285714286 3672
0.6714285714285714 0.5785714285714286 3672
0.6714285714285714 0.5785714285714286 3672
0.6714285714285714 0.5785714285714286 3672
0.6714285714285714 0.5785714285714286 3672
0.6714285714285714 0.5785714285714286 3672
0.6714285714285714 0.5785714285714286 3672
0.6714285714285714 0.5785714285714286 3672
0.6714285714285714 0.5785714285714286 3672
0.6714285714285714 0.5785714285714286 3672
0.6714285714285714 0.5714285714285714 3672
0.6714285714285714 0.5714285714285714 3672
0.6714285714285714 0.5714285714285714 3672
0.6714285714285714 0.5714285714285714 3672
0.6714285714285714 0.5714285714285714 3672
0.6714285714285714 0.5714285714285714 3672
0.6714285714285714 0.5714285714285714 3672
0.6714285714285714 0.5714285714285714 3672
0.6714285714285714 0.5714285714285714 3672
0.6714285714285714 0.5714285714285714 3672
0.6714285714285714 0.5714285714285714 3678
0.6714285714285714 0.5714285714285714 3678
0.6714285714285714 0.5714285714285714 3678
0.6714285714285714 0.5714285714285714 3678
0.6714285714285714 0.5714285714285714 3678
0.6714285714285714 0.5714285714285714 3684
0.6714285714285714 0.5714285714285714 3684
0.6714285714285714 0.5714285714285714 3684
0.6714285714285714 0.5714285714285714 3684
0.6714285714285714 0.5714285714285714 3690
0.6714285714285714 0.5714285714285714 3690
0.6714285714285714 0.5714285714285714 3692
0.6714285714285714 0.5714285714285714 3692
0.6714285714285714 0.5714285714285714 3692
0.6714285714285714 0.5714285714285714 3692
0.6714285714285714 0.5714285714285714 3692
0.6714285714285714 0.5714285714285714 3692
0.6714285714285714 0.5714285714285714 3692
0.6714285714285714 0.5714285714285714 3692
0.6714285714285714 0.5714285714285714 3692
0.6714285714285714 0.5714285714285714 3692
0.6714285714285714 0.5714285714285714 3692
0.6714285714285714 0.5714285714285714 3694
0.6714285714285714 0.5714285714285714 3694
0.6714285714285714 0.5714285714285714 3694
0.6714285714285714 0.5714285714285714 3694
0.6714285714285714 0.5714285714285714 3694
0.6714285714285714 0.5714285714285714 3694
0.6714285714285714 0.5714285714285714 3694
0.6714285714285714 0.5714285714285714 3694
0.6714285714285714 0.5714285714285714 3694
0.6714285714285714 0.5714285714285714 3694
0.6714285714285714 0.5714285714285714 3694
0.6714285714285714 0.5857142857142857 3736
0.6714285714285714 0.5857142857142857 3736
0.6714285714285714 0.5857142857142857 3736
0.6714285714285714 0.5857142857142857 3736
0.6714285714285714 0.5857142857142857 3736
0.6714285714285714 0.5857142857142857 3736
0.6714285714285714 0.5857142857142857 3736
0.6714285714285714 0.5857142857142857 3738
0.6714285714285714 0.5857142857142857 3738
0.6714285714285714 0.5857142857142857 3738
0.6714285714285714 0.5857142857142857 3738
0.6714285714285714 0.5857142857142857 3744
0.6714285714285714 0.5857142857142857 3744
0.6714285714285714 0.5857142857142857 3750
0.6714285714285714 0.5857142857142857 3750
0.6714285714285714 0.5857142857142857 3750
0.6714285714285714 0.5857142857142857 3750
0.6714285714285714 0.5857142857142857 3750
0.6714285714285714 0.5857142857142857 3750
0.6714285714285714 0.5857142857142857 3752
0.6714285714285714 0.5857142857142857 3752
0.6714285714285714 0.5857142857142857 3752
0.6714285714285714 0.5857142857142857 3752
0.6714285714285714 0.5857142857142857 3752
0.6714285714285714 0.5857142857142857 3752
0.6714285714285714 0.5857142857142857 3754
0.6714285714285714 0.5857142857142857 3754
0.6714285714285714 0.5857142857142857 3756
0.6714285714285714 0.5857142857142857 3756
0.6714285714285714 0.5857142857142857 3756
0.6714285714285714 0.5857142857142857 3756
0.6714285714285714 0.5857142857142857 3758
0.6714285714285714 0.5857142857142857 3758
0.6714285714285714 0.5857142857142857 3758
0.6714285714285714 0.5857142857142857 3758
0.6714285714285714 0.5857142857142857 3758
0.6714285714285714 0.5857142857142857 3758
0.6714285714285714 0.5857142857142857 3758
0.6714285714285714 0.5857142857142857 3758
0.6714285714285714 0.5857142857142857 3758
0.6714285714285714 0.5857142857142857 3760
0.6714285714285714 0.5857142857142857 3760
0.6714285714285714 0.5857142857142857 3760
0.6714285714285714 0.5857142857142857 3760
0.6714285714285714 0.5857142857142857 3762
0.6714285714285714 0.5857142857142857 3762
0.6714285714285714 0.5857142857142857 3762
0.6714285714285714 0.5857142857142857 3762
0.6714285714285714 0.5857142857142857 3762
0.6714285714285714 0.5785714285714286 3762
0.6714285714285714 0.5785714285714286 3762
0.6714285714285714 0.5785714285714286 3762
0.6714285714285714 0.5714285714285714 3764
0.6714285714285714 0.5714285714285714 3764
0.6714285714285714 0.5714285714285714 3764
0.6714285714285714 0.5714285714285714 3764
0.6714285714285714 0.5714285714285714 3764
0.6714285714285714 0.5857142857142857 3764
0.6714285714285714 0.5857142857142857 3764
0.6714285714285714 0.5857142857142857 3764
0.6642857142857143 0.5714285714285714 3946
0.6642857142857143 0.5714285714285714 3948
0.6642857142857143 0.5714285714285714 3948
0.6642857142857143 0.5714285714285714 3954
0.6642857142857143 0.5714285714285714 3956
0.6642857142857143 0.5714285714285714 3956
0.6642857142857143 0.5714285714285714 3956
0.6642857142857143 0.5714285714285714 3956
0.6642857142857143 0.5714285714285714 3958
0.6642857142857143 0.5714285714285714 3958
0.6642857142857143 0.5714285714285714 3958
0.6642857142857143 0.5714285714285714 3958
0.6642857142857143 0.5714285714285714 3958
0.6642857142857143 0.5714285714285714 3958
0.6642857142857143 0.5714285714285714 3958
0.6642857142857143 0.5714285714285714 3958
0.6642857142857143 0.5714285714285714 3960
0.6642857142857143 0.5714285714285714 3960
0.6642857142857143 0.5714285714285714 3960
0.6642857142857143 0.5714285714285714 3960
0.6642857142857143 0.5714285714285714 3960
0.6642857142857143 0.5714285714285714 3960
0.6642857142857143 0.5714285714285714 3960
0.6642857142857143 0.5714285714285714 3960
0.6642857142857143 0.5714285714285714 3960
0.6642857142857143 0.5714285714285714 3960
0.6642857142857143 0.5714285714285714 3960
0.6642857142857143 0.5714285714285714 3960
0.6642857142857143 0.5714285714285714 3960
0.6642857142857143 0.5714285714285714 3962
0.6642857142857143 0.5714285714285714 3962
0.6642857142857143 0.5714285714285714 3962
0.6642857142857143 0.5714285714285714 3962
0.6642857142857143 0.5714285714285714 3962
0.6642857142857143 0.5714285714285714 3962
0.6642857142857143 0.5714285714285714 3962
0.6642857142857143 0.5714285714285714 3962
0.6642857142857143 0.5714285714285714 3962
0.6642857142857143 0.5714285714285714 3962
0.6642857142857143 0.5714285714285714 3962
0.6642857142857143 0.5714285714285714 3962
0.6642857142857143 0.5714285714285714 3968
0.6642857142857143 0.5714285714285714 3968
0.6642857142857143 0.5714285714285714 3968
0.6642857142857143 0.5714285714285714 3968
0.6642857142857143 0.5714285714285714 3968
0.6642857142857143 0.5714285714285714 3968
0.6642857142857143 0.5714285714285714 3968
0.6642857142857143 0.5714285714285714 3968
0.6642857142857143 0.5714285714285714 3968
0.6642857142857143 0.5714285714285714 3968
0.6642857142857143 0.5714285714285714 3968
0.6642857142857143 0.5714285714285714 3968
0.6642857142857143 0.5714285714285714 3968
0.6642857142857143 0.5714285714285714 3970
0.6642857142857143 0.5714285714285714 3970
0.6642857142857143 0.5714285714285714 3970
0.6642857142857143 0.5714285714285714 3972
0.6642857142857143 0.5714285714285714 3972
0.6642857142857143 0.5714285714285714 3972
0.6642857142857143 0.5714285714285714 3972
0.6642857142857143 0.5714285714285714 3972
0.6642857142857143 0.5714285714285714 4028
0.6642857142857143 0.5714285714285714 4028
0.6642857142857143 0.5714285714285714 4028
0.6642857142857143 0.5714285714285714 4028
0.6642857142857143 0.5714285714285714 4028
0.6642857142857143 0.5714285714285714 4028
0.6642857142857143 0.5714285714285714 4030
0.6642857142857143 0.5714285714285714 4030
0.6642857142857143 0.5714285714285714 4030
0.6642857142857143 0.5714285714285714 4036
0.6642857142857143 0.5714285714285714 4038
0.6642857142857143 0.5714285714285714 4038
0.6642857142857143 0.5714285714285714 4038
0.6642857142857143 0.5714285714285714 4038
0.6642857142857143 0.5714285714285714 4040
0.6642857142857143 0.5714285714285714 4040
0.6642857142857143 0.5714285714285714 4040
0.6642857142857143 0.5714285714285714 4042
0.6642857142857143 0.5714285714285714 4042
0.6642857142857143 0.5714285714285714 4042
0.6642857142857143 0.5714285714285714 4044
0.6642857142857143 0.5714285714285714 4044
0.6642857142857143 0.5714285714285714 4044
0.6642857142857143 0.5714285714285714 4044
0.6642857142857143 0.5714285714285714 4044
0.6642857142857143 0.5714285714285714 4044
0.6642857142857143 0.5714285714285714 4046
0.6642857142857143 0.5714285714285714 4046
0.6642857142857143 0.5714285714285714 4046
0.6642857142857143 0.5714285714285714 4046
0.6642857142857143 0.5714285714285714 4046
0.6642857142857143 0.5714285714285714 4046
0.6642857142857143 0.5714285714285714 4046
0.6642857142857143 0.5714285714285714 4048
0.6642857142857143 0.5714285714285714 4050
0.6642857142857143 0.5714285714285714 4050
0.6642857142857143 0.5714285714285714 4052
0.6642857142857143 0.5714285714285714 4052
0.6642857142857143 0.5714285714285714 4054
0.6642857142857143 0.5714285714285714 4054
0.6642857142857143 0.5714285714285714 4054
0.6642857142857143 0.5714285714285714 4054
0.6642857142857143 0.5714285714285714 4054
0.6642857142857143 0.5714285714285714 4054
0.6642857142857143 0.5714285714285714 4054
0.6642857142857143 0.5714285714285714 4054
0.6642857142857143 0.5714285714285714 4054
0.6642857142857143 0.5714285714285714 4054
0.6642857142857143 0.5714285714285714 4054
0.6642857142857143 0.5714285714285714 4056
0.6642857142857143 0.5714285714285714 4056
0.6642857142857143 0.5714285714285714 4056
0.6642857142857143 0.5714285714285714 4058
0.6642857142857143 0.5714285714285714 4058
0.6642857142857143 0.5714285714285714 4058
0.6642857142857143 0.5714285714285714 4058
0.6642857142857143 0.5714285714285714 4058
0.6642857142857143 0.5714285714285714 4058
0.6642857142857143 0.5714285714285714 4058
0.6642857142857143 0.5714285714285714 4058
0.6642857142857143 0.5714285714285714 4058
0.6642857142857143 0.5714285714285714 4058
0.6642857142857143 0.5714285714285714 4058
0.6642857142857143 0.5714285714285714 4060
0.6642857142857143 0.5714285714285714 4060
0.6642857142857143 0.5714285714285714 4060
0.6642857142857143 0.5714285714285714 4060
0.6642857142857143 0.5714285714285714 4060
0.6642857142857143 0.5714285714285714 4060
0.6642857142857143 0.5714285714285714 4060
0.6642857142857143 0.5714285714285714 4060
0.6642857142857143 0.5714285714285714 4060
0.6642857142857143 0.5714285714285714 4062
0.6642857142857143 0.5785714285714286 4062
0.6642857142857143 0.5785714285714286 4062
0.6642857142857143 0.5785714285714286 4062
0.6642857142857143 0.5785714285714286 4062
0.6642857142857143 0.5785714285714286 4062
0.6642857142857143 0.5785714285714286 4062
0.6642857142857143 0.5714285714285714 4064
0.6642857142857143 0.5785714285714286 4064
0.6642857142857143 0.5785714285714286 4106
0.6642857142857143 0.5785714285714286 4106
0.6642857142857143 0.5785714285714286 4106
0.6642857142857143 0.5785714285714286 4106
0.6642857142857143 0.5785714285714286 4108
0.6642857142857143 0.5785714285714286 4108
0.6642857142857143 0.5785714285714286 4114
0.6642857142857143 0.5785714285714286 4114
0.6642857142857143 0.5785714285714286 4114
0.6642857142857143 0.5785714285714286 4114
0.6642857142857143 0.5785714285714286 4114
0.6642857142857143 0.5785714285714286 4114
0.6642857142857143 0.5785714285714286 4114
0.6571428571428571 0.5714285714285714 4420
0.6571428571428571 0.5714285714285714 4420
0.6571428571428571 0.5714285714285714 4420
0.6571428571428571 0.5714285714285714 4420
0.6571428571428571 0.5714285714285714 4420
0.6571428571428571 0.5714285714285714 4422
0.6571428571428571 0.5714285714285714 4422
0.6571428571428571 0.5714285714285714 4422
0.6571428571428571 0.5714285714285714 4422
0.6571428571428571 0.5714285714285714 4422
0.6571428571428571 0.5714285714285714 4422
0.6571428571428571 0.5714285714285714 4422
0.6571428571428571 0.5714285714285714 4604
0.6571428571428571 0.5714285714285714 4604
0.6571428571428571 0.5714285714285714 4606
0.6571428571428571 0.5714285714285714 4606
0.6571428571428571 0.5714285714285714 4606
0.6571428571428571 0.5714285714285714 4606
0.6571428571428571 0.5714285714285714 4606
0.6571428571428571 0.5714285714285714 4606
0.6571428571428571 0.5714285714285714 4606
0.6571428571428571 0.5714285714285714 4608
0.6571428571428571 0.5714285714285714 4608
0.6571428571428571 0.5714285714285714 4608
0.6571428571428571 0.5714285714285714 4608
0.6571428571428571 0.5714285714285714 4608
0.6571428571428571 0.5714285714285714 4610
0.6571428571428571 0.5714285714285714 4610
0.6571428571428571 0.5714285714285714 4610
0.6571428571428571 0.5714285714285714 4610
0.6571428571428571 0.5714285714285714 4610
0.6571428571428571 0.5714285714285714 4610
0.6571428571428571 0.5714285714285714 4610
0.6571428571428571 0.5714285714285714 4610
0.6571428571428571 0.5714285714285714 4610
0.6571428571428571 0.5714285714285714 4610
0.6571428571428571 0.5714285714285714 4612
0.6571428571428571 0.5714285714285714 4612
0.6571428571428571 0.5714285714285714 4612
0.6571428571428571 0.5714285714285714 4612
0.6571428571428571 0.5714285714285714 4612
0.6571428571428571 0.5714285714285714 4684
0.6571428571428571 0.5714285714285714 4684
0.6571428571428571 0.5714285714285714 4684
0.6571428571428571 0.5714285714285714 4686
0.6571428571428571 0.5714285714285714 4686
0.6571428571428571 0.5714285714285714 4686
0.6571428571428571 0.5714285714285714 4686
0.6571428571428571 0.5714285714285714 4686
0.6571428571428571 0.5714285714285714 4686
0.6571428571428571 0.5714285714285714 4686
0.6571428571428571 0.5714285714285714 4686
0.6571428571428571 0.5714285714285714 4686
0.6571428571428571 0.5714285714285714 4686
0.6571428571428571 0.5714285714285714 4686
0.6571428571428571 0.5714285714285714 4686
0.6571428571428571 0.5714285714285714 4686
0.6571428571428571 0.5714285714285714 4686
0.6571428571428571 0.5714285714285714 4686
0.6571428571428571 0.5714285714285714 4686
0.6571428571428571 0.5714285714285714 4692
0.6571428571428571 0.5714285714285714 4692
0.6571428571428571 0.5714285714285714 4692
0.6571428571428571 0.5714285714285714 4692
0.6571428571428571 0.5714285714285714 4722
0.6571428571428571 0.5714285714285714 4722
0.6571428571428571 0.5714285714285714 4722
0.6571428571428571 0.5714285714285714 4722
0.6571428571428571 0.5714285714285714 4722
0.6571428571428571 0.5714285714285714 4722
0.6571428571428571 0.5714285714285714 4722
0.6571428571428571 0.5714285714285714 4722
0.6571428571428571 0.5714285714285714 4722
0.6571428571428571 0.5714285714285714 4722
0.6571428571428571 0.5714285714285714 4728
0.6571428571428571 0.5714285714285714 4728
0.6571428571428571 0.5714285714285714 4728
0.6571428571428571 0.5714285714285714 4728
0.6571428571428571 0.5714285714285714 4728
0.6571428571428571 0.5714285714285714 4728
0.6571428571428571 0.5714285714285714 4728
0.6571428571428571 0.5714285714285714 4728
0.6571428571428571 0.5714285714285714 4728
0.6571428571428571 0.5714285714285714 4728
0.6571428571428571 0.5714285714285714 4728
0.6571428571428571 0.5714285714285714 4728
0.6571428571428571 0.5714285714285714 4728
0.6571428571428571 0.5714285714285714 4728
0.6571428571428571 0.5714285714285714 4728
0.6571428571428571 0.5714285714285714 4728
0.6571428571428571 0.5714285714285714 4728
0.6571428571428571 0.5714285714285714 4728
0.6571428571428571 0.5714285714285714 4728
0.6571428571428571 0.5714285714285714 4728
0.6571428571428571 0.5714285714285714 4728
0.6571428571428571 0.5714285714285714 4728
0.6571428571428571 0.5714285714285714 4728
0.6571428571428571 0.5714285714285714 4728
0.6571428571428571 0.5714285714285714 4728
0.6571428571428571 0.5714285714285714 4728
0.6571428571428571 0.5714285714285714 4728
0.6571428571428571 0.5714285714285714 4728
0.6571428571428571 0.5714285714285714 4728
0.6571428571428571 0.5714285714285714 4728
0.6571428571428571 0.5714285714285714 4818
0.6571428571428571 0.5714285714285714 4818
0.6571428571428571 0.5714285714285714 4818
0.6571428571428571 0.5714285714285714 4818
0.6571428571428571 0.5714285714285714 4824
0.6571428571428571 0.5714285714285714 4824
0.6571428571428571 0.5714285714285714 4824
0.6571428571428571 0.5714285714285714 4824
0.6571428571428571 0.5714285714285714 4826
0.6571428571428571 0.5714285714285714 4826
