0.5 0.17857142857142858 62
0.5 0.24285714285714285 64
0.5 0.24285714285714285 64
0.5 0.24285714285714285 64
0.5 0.25 64
0.5 0.2571428571428571 64
0.5 0.2571428571428571 64
0.5 0.2571428571428571 64
0.5 0.2571428571428571 64
0.4928571428571429 0.25 66
0.4928571428571429 0.25 66
0.4928571428571429 0.25 66
0.4928571428571429 0.25 66
0.4928571428571429 0.25 66
0.4928571428571429 0.25 66
0.4928571428571429 0.25 66
0.4857142857142857 0.29285714285714287 96
0.4857142857142857 0.29285714285714287 96
0.4857142857142857 0.3142857142857143 98
0.4857142857142857 0.32857142857142857 98
0.4857142857142857 0.32857142857142857 98
0.4857142857142857 0.32857142857142857 98
0.4857142857142857 0.32857142857142857 104
0.4857142857142857 0.32857142857142857 104
0.4857142857142857 0.32857142857142857 104
0.4857142857142857 0.32857142857142857 106
0.4857142857142857 0.32857142857142857 106
0.4857142857142857 0.32857142857142857 106
0.4857142857142857 0.32857142857142857 106
0.4857142857142857 0.32857142857142857 106
0.4857142857142857 0.32857142857142857 106
0.4857142857142857 0.34285714285714286 106
0.4857142857142857 0.35714285714285715 106
0.4857142857142857 0.35714285714285715 106
0.4857142857142857 0.35714285714285715 106
0.4857142857142857 0.36428571428571427 106
0.4857142857142857 0.36428571428571427 106
0.4857142857142857 0.36428571428571427 106
0.4857142857142857 0.36428571428571427 106
0.4857142857142857 0.36428571428571427 106
0.4857142857142857 0.36428571428571427 106
0.4857142857142857 0.36428571428571427 106
0.4857142857142857 0.36428571428571427 106
0.4857142857142857 0.36428571428571427 106
0.4857142857142857 0.36428571428571427 106
0.4857142857142857 0.36428571428571427 106
0.4857142857142857 0.36428571428571427 106
0.4857142857142857 0.36428571428571427 108
0.4857142857142857 0.37142857142857144 128
0.4857142857142857 0.37142857142857144 128
0.4857142857142857 0.37142857142857144 128
0.4857142857142857 0.37142857142857144 128
0.4857142857142857 0.37142857142857144 128
0.4857142857142857 0.37142857142857144 134
0.4857142857142857 0.37142857142857144 140
0.4857142857142857 0.37142857142857144 140
0.4857142857142857 0.37142857142857144 140
0.4857142857142857 0.37142857142857144 142
0.4857142857142857 0.37142857142857144 142
0.4857142857142857 0.37142857142857144 142
0.4857142857142857 0.37142857142857144 142
0.4857142857142857 0.37142857142857144 144
0.5357142857142857 0.44285714285714284 3336
0.5357142857142857 0.44285714285714284 3336
0.5357142857142857 0.44285714285714284 3336
0.5357142857142857 0.44285714285714284 3336
0.5357142857142857 0.44285714285714284 3336
0.5357142857142857 0.44285714285714284 3336
0.5357142857142857 0.44285714285714284 3336
0.5357142857142857 0.4785714285714286 3518
0.5357142857142857 0.4785714285714286 3518
0.5357142857142857 0.4785714285714286 3518
0.5357142857142857 0.4785714285714286 3518
0.5357142857142857 0.4785714285714286 3518
0.5285714285714286 0.4714285714285714 3590
0.5285714285714286 0.4714285714285714 3590
0.5285714285714286 0.4714285714285714 3590
0.5285714285714286 0.4714285714285714 3590
0.5285714285714286 0.4714285714285714 3590
0.5285714285714286 0.45714285714285713 3592
0.5285714285714286 0.45714285714285713 3592
0.5285714285714286 0.45714285714285713 3592
0.5285714285714286 0.45714285714285713 3592
0.5285714285714286 0.45714285714285713 3592
0.5285714285714286 0.45714285714285713 3594
0.5285714285714286 0.45714285714285713 3594
0.5285714285714286 0.45714285714285713 3594
0.5285714285714286 0.45714285714285713 3594
0.5285714285714286 0.45714285714285713 3594
0.5285714285714286 0.45714285714285713 3594
0.5285714285714286 0.45714285714285713 3594
0.5285714285714286 0.45714285714285713 3596
0.5285714285714286 0.4642857142857143 3596
0.5285714285714286 0.4714285714285714 3596
0.5285714285714286 0.4714285714285714 3596
0.5285714285714286 0.4785714285714286 3596
0.5285714285714286 0.4785714285714286 3596
0.5285714285714286 0.4714285714285714 3596
0.5285714285714286 0.4714285714285714 3596
0.5285714285714286 0.4714285714285714 3596
0.5285714285714286 0.4714285714285714 3596
0.5285714285714286 0.4714285714285714 3596
0.5285714285714286 0.4714285714285714 3596
0.5285714285714286 0.4714285714285714 3596
0.5285714285714286 0.4714285714285714 3596
0.5285714285714286 0.4642857142857143 3596
0.5285714285714286 0.4642857142857143 3596
0.5285714285714286 0.4642857142857143 3598
0.5285714285714286 0.4642857142857143 3598
0.5285714285714286 0.4642857142857143 3598
0.5285714285714286 0.4642857142857143 3598
0.5285714285714286 0.4642857142857143 3598
0.5285714285714286 0.4642857142857143 3598
0.5285714285714286 0.45714285714285713 3600
0.5285714285714286 0.45714285714285713 3600
0.5285714285714286 0.45714285714285713 3600
0.5285714285714286 0.45714285714285713 3600
0.5285714285714286 0.45714285714285713 3600
0.5285714285714286 0.45714285714285713 3600
0.5285714285714286 0.45714285714285713 3600
0.5571428571428572 0.5071428571428571 3906
0.5571428571428572 0.5 4016
0.5571428571428572 0.5142857142857142 4016
0.5571428571428572 0.5142857142857142 4016
0.5571428571428572 0.5214285714285715 4016
0.5571428571428572 0.5214285714285715 4016
0.5571428571428572 0.5214285714285715 4016
0.5857142857142857 0.5214285714285715 4126
0.5857142857142857 0.5214285714285715 4126
0.5857142857142857 0.5285714285714286 4126
0.5857142857142857 0.5285714285714286 4126
0.5857142857142857 0.5285714285714286 4126
0.5857142857142857 0.5285714285714286 4126
0.5857142857142857 0.5285714285714286 4126
0.5857142857142857 0.5285714285714286 4126
0.5857142857142857 0.5285714285714286 4126
0.5857142857142857 0.5285714285714286 4126
0.5857142857142857 0.5285714285714286 4126
0.5857142857142857 0.5285714285714286 4126
0.5857142857142857 0.5285714285714286 4126
0.5857142857142857 0.5285714285714286 4126
0.5857142857142857 0.5285714285714286 4126
0.5857142857142857 0.5285714285714286 4126
0.5857142857142857 0.5285714285714286 4126
0.5857142857142857 0.5285714285714286 4126
0.5857142857142857 0.5285714285714286 4126
0.5857142857142857 0.5285714285714286 4138
0.5857142857142857 0.5285714285714286 4138
0.5857142857142857 0.5285714285714286 4138
0.5857142857142857 0.5285714285714286 4138
0.5857142857142857 0.5285714285714286 4138
0.5857142857142857 0.5285714285714286 4138
0.5857142857142857 0.5285714285714286 4138
0.5857142857142857 0.5285714285714286 4138
0.5857142857142857 0.5357142857142857 4140
0.5857142857142857 0.5357142857142857 4140
0.5857142857142857 0.5357142857142857 4142
0.5857142857142857 0.5357142857142857 4142
0.5857142857142857 0.5357142857142857 4142
0.5857142857142857 0.5357142857142857 4142
0.5857142857142857 0.5357142857142857 4142
0.5857142857142857 0.5357142857142857 4142
0.5857142857142857 0.5357142857142857 4142
0.5857142857142857 0.5357142857142857 4148
0.5857142857142857 0.5357142857142857 4150
0.5857142857142857 0.5357142857142857 4150
0.5857142857142857 0.5357142857142857 4150
0.5857142857142857 0.5357142857142857 4150
0.5857142857142857 0.5357142857142857 4150
0.5857142857142857 0.5357142857142857 4150
0.5857142857142857 0.5357142857142857 4150
0.5857142857142857 0.5357142857142857 4150
0.5857142857142857 0.5357142857142857 4150
0.5857142857142857 0.5357142857142857 4152
0.5857142857142857 0.5357142857142857 4154
0.5857142857142857 0.5357142857142857 4154
0.5857142857142857 0.5357142857142857 4154
0.5857142857142857 0.5357142857142857 4156
0.5857142857142857 0.5357142857142857 4156
0.5857142857142857 0.5357142857142857 4158
0.5857142857142857 0.5357142857142857 4158
0.5857142857142857 0.5357142857142857 4158
0.5857142857142857 0.5357142857142857 4158
0.5857142857142857 0.5214285714285715 4158
0.5857142857142857 0.5357142857142857 4158
0.5857142857142857 0.5285714285714286 4200
0.5857142857142857 0.5214285714285715 4200
0.5857142857142857 0.5214285714285715 4200
0.5857142857142857 0.5214285714285715 4200
0.5857142857142857 0.5214285714285715 4200
0.5857142857142857 0.5214285714285715 4200
0.5857142857142857 0.5214285714285715 4202
0.5857142857142857 0.5214285714285715 4202
0.5857142857142857 0.5214285714285715 4202
0.5857142857142857 0.5214285714285715 4202
0.5857142857142857 0.5214285714285715 4202
0.5857142857142857 0.5214285714285715 4202
0.5857142857142857 0.5214285714285715 4202
0.5857142857142857 0.5214285714285715 4202
0.5857142857142857 0.5214285714285715 4202
0.5857142857142857 0.5214285714285715 4208
0.5857142857142857 0.5214285714285715 4208
0.5857142857142857 0.5214285714285715 4208
0.5857142857142857 0.5142857142857142 4208
0.5857142857142857 0.5142857142857142 4208
0.5857142857142857 0.5142857142857142 4208
0.5857142857142857 0.5142857142857142 4208
0.5857142857142857 0.5142857142857142 4208
0.5857142857142857 0.5142857142857142 4208
0.5857142857142857 0.5142857142857142 4208
0.5857142857142857 0.5142857142857142 4208
0.5857142857142857 0.5142857142857142 4208
0.5857142857142857 0.5142857142857142 4208
0.5857142857142857 0.5142857142857142 4208
0.5857142857142857 0.5142857142857142 4208
0.5857142857142857 0.5142857142857142 4208
0.5857142857142857 0.5142857142857142 4210
0.5857142857142857 0.5142857142857142 4210
0.5857142857142857 0.5142857142857142 4210
0.5857142857142857 0.5142857142857142 4210
0.5857142857142857 0.5142857142857142 4210
0.5857142857142857 0.5142857142857142 4210
0.5857142857142857 0.5142857142857142 4210
0.5857142857142857 0.5142857142857142 4210
0.5857142857142857 0.5071428571428571 4210
0.5857142857142857 0.5071428571428571 4210
0.5857142857142857 0.5214285714285715 4240
0.5857142857142857 0.5214285714285715 4240
0.5857142857142857 0.5285714285714286 4240
0.5857142857142857 0.5285714285714286 4240
0.5857142857142857 0.5285714285714286 4240
0.5857142857142857 0.5285714285714286 4240
0.5857142857142857 0.5285714285714286 4240
0.5857142857142857 0.5285714285714286 4240
0.5857142857142857 0.5285714285714286 4246
0.5857142857142857 0.5285714285714286 4248
0.5857142857142857 0.5285714285714286 4248
0.5857142857142857 0.5285714285714286 4248
0.5857142857142857 0.5214285714285715 4250
0.5857142857142857 0.5214285714285715 4250
0.5857142857142857 0.5214285714285715 4250
0.5857142857142857 0.5214285714285715 4250
0.5857142857142857 0.5214285714285715 4250
0.5857142857142857 0.5214285714285715 4250
0.5857142857142857 0.5214285714285715 4250
0.5857142857142857 0.5214285714285715 4250
0.5857142857142857 0.5214285714285715 4250
0.5857142857142857 0.5214285714285715 4250
0.5857142857142857 0.5214285714285715 4250
0.5857142857142857 0.5214285714285715 4250
0.5857142857142857 0.5214285714285715 4250
0.5857142857142857 0.5214285714285715 4250
0.5857142857142857 0.5214285714285715 4250
0.5857142857142857 0.5214285714285715 4250
0.5857142857142857 0.5214285714285715 4250
0.5857142857142857 0.5214285714285715 4250
0.5857142857142857 0.5214285714285715 4250
0.5857142857142857 0.5214285714285715 4250
0.5857142857142857 0.5214285714285715 4250
0.5857142857142857 0.5214285714285715 4250
0.5857142857142857 0.5214285714285715 4250
0.5857142857142857 0.5214285714285715 4250
0.5857142857142857 0.5214285714285715 4250
0.5857142857142857 0.5214285714285715 4250
0.5857142857142857 0.5214285714285715 4270
0.5857142857142857 0.5214285714285715 4270
0.5857142857142857 0.5214285714285715 4270
0.5857142857142857 0.5214285714285715 4270
0.5857142857142857 0.5214285714285715 4270
0.5857142857142857 0.5214285714285715 4270
0.5857142857142857 0.5214285714285715 4270
0.5857142857142857 0.5214285714285715 4272
0.5857142857142857 0.5214285714285715 4272
0.5857142857142857 0.5214285714285715 4272
0.5857142857142857 0.5214285714285715 4272
0.5857142857142857 0.5214285714285715 4272
0.5857142857142857 0.5214285714285715 4272
0.5857142857142857 0.5214285714285715 4272
0.5857142857142857 0.5214285714285715 4272
0.5857142857142857 0.5285714285714286 4272
0.5857142857142857 0.5285714285714286 4272
0.5857142857142857 0.5285714285714286 4272
0.5857142857142857 0.5214285714285715 4278
0.5857142857142857 0.5214285714285715 4280
0.5857142857142857 0.5214285714285715 4282
0.5857142857142857 0.5142857142857142 4282
0.5857142857142857 0.5142857142857142 4282
0.5857142857142857 0.5142857142857142 4282
0.5857142857142857 0.5142857142857142 4282
0.5857142857142857 0.5142857142857142 4282
0.5857142857142857 0.5142857142857142 4284
0.5857142857142857 0.5142857142857142 4284
0.5857142857142857 0.5142857142857142 4284
0.5857142857142857 0.5142857142857142 4284
0.5857142857142857 0.5142857142857142 4284
0.5857142857142857 0.5142857142857142 4284
0.5857142857142857 0.5142857142857142 4284
0.5857142857142857 0.5142857142857142 4284
0.5857142857142857 0.5142857142857142 4284
0.5857142857142857 0.5142857142857142 4284
0.5857142857142857 0.5142857142857142 4284
0.5857142857142857 0.5142857142857142 4284
0.5857142857142857 0.5142857142857142 4284
0.5857142857142857 0.5142857142857142 4284
0.5857142857142857 0.5142857142857142 4284
0.5857142857142857 0.5142857142857142 4284
0.5857142857142857 0.5142857142857142 4284
0.5857142857142857 0.5142857142857142 4284
0.5857142857142857 0.5214285714285715 4284
0.5857142857142857 0.5071428571428571 4286
0.5857142857142857 0.5071428571428571 4286
0.5857142857142857 0.5071428571428571 4286
0.5857142857142857 0.5071428571428571 4286
0.5857142857142857 0.5071428571428571 4286
0.5857142857142857 0.5071428571428571 4286
0.5857142857142857 0.5071428571428571 4286
0.5857142857142857 0.5071428571428571 4286
0.5857142857142857 0.5071428571428571 4286
0.5857142857142857 0.5071428571428571 4286
0.5857142857142857 0.5071428571428571 4286
0.5857142857142857 0.5071428571428571 4286
0.5857142857142857 0.5071428571428571 4286
0.5857142857142857 0.5071428571428571 4286
0.5857142857142857 0.5071428571428571 4286
0.5857142857142857 0.5071428571428571 4286
0.5857142857142857 0.5071428571428571 4286
0.5857142857142857 0.5142857142857142 4286
0.5857142857142857 0.5142857142857142 4286
0.5857142857142857 0.5142857142857142 4286
0.5857142857142857 0.5142857142857142 4288
0.5857142857142857 0.5071428571428571 4288
0.5857142857142857 0.5071428571428571 4288
0.5857142857142857 0.5142857142857142 4288
0.5857142857142857 0.5142857142857142 4288
0.5857142857142857 0.5071428571428571 4290
0.5857142857142857 0.5071428571428571 4290
0.5857142857142857 0.5071428571428571 4290
0.5857142857142857 0.5071428571428571 4290
0.5857142857142857 0.5071428571428571 4290
0.5857142857142857 0.5071428571428571 4290
0.5857142857142857 0.5071428571428571 4290
0.5857142857142857 0.5071428571428571 4290
0.5857142857142857 0.5071428571428571 4290
0.5857142857142857 0.5071428571428571 4290
0.5857142857142857 0.5071428571428571 4290
0.5857142857142857 0.5071428571428571 4290
0.5857142857142857 0.5071428571428571 4290
0.5857142857142857 0.5071428571428571 4290
0.5857142857142857 0.5071428571428571 4290
0.5857142857142857 0.5071428571428571 4290
0.5857142857142857 0.5071428571428571 4290
0.5857142857142857 0.5071428571428571 4290
0.5857142857142857 0.5071428571428571 4290
0.5857142857142857 0.5071428571428571 4290
0.5857142857142857 0.5071428571428571 4290
0.5857142857142857 0.5071428571428571 4290
0.5857142857142857 0.5071428571428571 4290
0.5857142857142857 0.5071428571428571 4290
0.5857142857142857 0.5071428571428571 4290
0.5857142857142857 0.5071428571428571 4290
0.5857142857142857 0.5071428571428571 4290
0.5857142857142857 0.5071428571428571 4290
0.5857142857142857 0.5071428571428571 4296
0.5857142857142857 0.5071428571428571 4302
0.5857142857142857 0.5071428571428571 4302
0.5857142857142857 0.5071428571428571 4302
0.5857142857142857 0.5071428571428571 4302
0.5857142857142857 0.5071428571428571 4302
0.5857142857142857 0.5071428571428571 4302
0.5857142857142857 0.5071428571428571 4302
0.5857142857142857 0.5071428571428571 4302
0.5857142857142857 0.5142857142857142 4302
0.5857142857142857 0.5142857142857142 4302
0.5857142857142857 0.5142857142857142 4302
0.5857142857142857 0.5142857142857142 4302
0.5857142857142857 0.5142857142857142 4302
0.5857142857142857 0.5142857142857142 4302
0.5857142857142857 0.5071428571428571 4304
0.5857142857142857 0.5071428571428571 4306
0.5857142857142857 0.5071428571428571 4306
0.5857142857142857 0.5071428571428571 4306
0.5857142857142857 0.5071428571428571 4306
0.5857142857142857 0.5071428571428571 4306
0.5857142857142857 0.5071428571428571 4308
0.5857142857142857 0.5071428571428571 4308
0.5857142857142857 0.5071428571428571 4314
0.5857142857142857 0.5071428571428571 4314
0.5857142857142857 0.5071428571428571 4314
0.5857142857142857 0.5071428571428571 4314
0.5857142857142857 0.5071428571428571 4314
0.5857142857142857 0.5071428571428571 4314
0.5857142857142857 0.5071428571428571 4314
0.5857142857142857 0.5071428571428571 4314
0.5857142857142857 0.5071428571428571 4314
0.5857142857142857 0.5071428571428571 4320
0.5857142857142857 0.5071428571428571 4320
0.5857142857142857 0.5071428571428571 4320
0.5857142857142857 0.5071428571428571 4320
0.5857142857142857 0.5071428571428571 4320
0.5857142857142857 0.5071428571428571 4320
0.5857142857142857 0.5071428571428571 4320
0.5857142857142857 0.5071428571428571 4320
0.5857142857142857 0.5071428571428571 4320
0.5857142857142857 0.5071428571428571 4320
0.5857142857142857 0.5071428571428571 4320
0.5857142857142857 0.5071428571428571 4320
0.5857142857142857 0.5071428571428571 4320
0.5857142857142857 0.5071428571428571 4326
0.5857142857142857 0.5071428571428571 4326
0.5857142857142857 0.5071428571428571 4326
0.5857142857142857 0.5071428571428571 4328
0.5857142857142857 0.5071428571428571 4328
0.5857142857142857 0.5071428571428571 4328
0.5857142857142857 0.5071428571428571 4328
0.5857142857142857 0.5071428571428571 4330
0.5857142857142857 0.5071428571428571 4330
0.5857142857142857 0.5071428571428571 4330
0.5857142857142857 0.5071428571428571 4330
0.5857142857142857 0.5071428571428571 4330
0.5857142857142857 0.5071428571428571 4330
0.5857142857142857 0.5071428571428571 4330
0.5857142857142857 0.5071428571428571 4330
0.5857142857142857 0.5071428571428571 4330
0.5857142857142857 0.5071428571428571 4330
0.5857142857142857 0.5071428571428571 4330
0.5857142857142857 0.5071428571428571 4330
0.5857142857142857 0.5071428571428571 4336
0.5857142857142857 0.5071428571428571 4336
0.5857142857142857 0.5071428571428571 4336
0.5857142857142857 0.5071428571428571 4336
0.5857142857142857 0.5071428571428571 4336
0.5857142857142857 0.5071428571428571 4336
0.5857142857142857 0.5071428571428571 4336
0.5857142857142857 0.5071428571428571 4336
0.5857142857142857 0.5071428571428571 4338
0.5857142857142857 0.5071428571428571 4338
0.5857142857142857 0.5071428571428571 4338
0.5857142857142857 0.5071428571428571 4338
0.5857142857142857 0.5071428571428571 4338
0.5857142857142857 0.5071428571428571 4340
0.5857142857142857 0.5071428571428571 4340
0.5857142857142857 0.5071428571428571 4340
0.5857142857142857 0.5071428571428571 4340
0.5857142857142857 0.5071428571428571 4340
0.5857142857142857 0.5071428571428571 4340
0.5857142857142857 0.5071428571428571 4340
0.5857142857142857 0.5071428571428571 4342
0.5857142857142857 0.5071428571428571 4342
0.5857142857142857 0.5071428571428571 4344
0.5857142857142857 0.5071428571428571 4344
0.5857142857142857 0.5142857142857142 4344
0.5857142857142857 0.5142857142857142 4344
0.5857142857142857 0.5142857142857142 4344
0.5857142857142857 0.5142857142857142 4344
0.5857142857142857 0.5142857142857142 4344
0.5857142857142857 0.5142857142857142 4344
0.5857142857142857 0.5142857142857142 4346
0.5857142857142857 0.5142857142857142 4346
0.5857142857142857 0.5142857142857142 4346
0.5857142857142857 0.5142857142857142 4348
0.5857142857142857 0.5142857142857142 4348
0.5857142857142857 0.5142857142857142 4348
0.5857142857142857 0.5142857142857142 4348
0.5857142857142857 0.5142857142857142 4350
0.5857142857142857 0.5142857142857142 4350
0.5857142857142857 0.5142857142857142 4350
0.5857142857142857 0.5142857142857142 4350
0.5857142857142857 0.5142857142857142 4350
0.5857142857142857 0.5142857142857142 4350
0.5857142857142857 0.5142857142857142 4350
0.5857142857142857 0.5142857142857142 4350
0.5857142857142857 0.5142857142857142 4350
0.5857142857142857 0.5142857142857142 4350
0.5857142857142857 0.5071428571428571 4352
0.5857142857142857 0.5071428571428571 4408
0.5857142857142857 0.5071428571428571 4410
0.5857142857142857 0.5071428571428571 4410
0.5857142857142857 0.5071428571428571 4412
0.5857142857142857 0.5071428571428571 4412
0.5857142857142857 0.5071428571428571 4412
0.5857142857142857 0.5071428571428571 4412
0.5857142857142857 0.5071428571428571 4414
0.5857142857142857 0.5071428571428571 4414
0.5857142857142857 0.5071428571428571 4416
0.5857142857142857 0.5071428571428571 4416
0.5857142857142857 0.5071428571428571 4416
0.5857142857142857 0.5071428571428571 4416
0.5857142857142857 0.5071428571428571 4416
0.5857142857142857 0.5071428571428571 4416
0.5857142857142857 0.5214285714285715 4416
0.5857142857142857 0.5214285714285715 4416
0.5857142857142857 0.5214285714285715 4416
0.5857142857142857 0.5214285714285715 4416
0.5857142857142857 0.5214285714285715 4418
0.5857142857142857 0.5214285714285715 4420
0.5857142857142857 0.5214285714285715 4420
0.5857142857142857 0.5214285714285715 4420
0.5857142857142857 0.5214285714285715 4602
0.5857142857142857 0.5214285714285715 4602
0.5857142857142857 0.5214285714285715 4602
0.5857142857142857 0.5214285714285715 4602
0.5857142857142857 0.5214285714285715 4604
0.5857142857142857 0.5214285714285715 4604
0.5857142857142857 0.5214285714285715 4604
0.5857142857142857 0.5214285714285715 4604
0.5857142857142857 0.5214285714285715 4604
0.5857142857142857 0.5214285714285715 4606
0.5857142857142857 0.5071428571428571 4606
0.5857142857142857 0.5071428571428571 4606
0.5857142857142857 0.5071428571428571 4608
0.5857142857142857 0.5071428571428571 4608
0.5857142857142857 0.5071428571428571 4608
0.5857142857142857 0.5071428571428571 4608
0.5857142857142857 0.5071428571428571 4608
0.5857142857142857 0.5071428571428571 4608
0.5857142857142857 0.4928571428571429 4608
0.5857142857142857 0.5071428571428571 4608
0.5857142857142857 0.5071428571428571 4608
0.5857142857142857 0.5071428571428571 4608
0.5857142857142857 0.5071428571428571 4608
0.5857142857142857 0.5071428571428571 4610
0.5857142857142857 0.5071428571428571 4610
0.5857142857142857 0.5071428571428571 4612
0.5857142857142857 0.5071428571428571 4614
0.5857142857142857 0.5071428571428571 4614
0.5857142857142857 0.5071428571428571 4614
0.5857142857142857 0.5071428571428571 4614
0.5857142857142857 0.5071428571428571 4620
0.5857142857142857 0.5071428571428571 4620
0.5857142857142857 0.5071428571428571 4620
0.5857142857142857 0.5071428571428571 4620
0.5857142857142857 0.5071428571428571 4620
0.5857142857142857 0.5 4620
0.5857142857142857 0.5 4620
0.5857142857142857 0.5 4620
0.5857142857142857 0.5 4620
0.5857142857142857 0.5 4620
0.5857142857142857 0.5 4622
0.5857142857142857 0.4928571428571429 4624
0.5857142857142857 0.4928571428571429 4624
0.5857142857142857 0.4928571428571429 4624
0.5857142857142857 0.4928571428571429 4624
0.5857142857142857 0.4928571428571429 4624
0.5857142857142857 0.4928571428571429 4624
0.5857142857142857 0.4928571428571429 4624
0.5857142857142857 0.4928571428571429 4624
0.5857142857142857 0.4928571428571429 4626
0.5857142857142857 0.5214285714285715 4716
0.5857142857142857 0.5214285714285715 4716
0.5857142857142857 0.5214285714285715 4716
0.5857142857142857 0.5214285714285715 4716
0.5857142857142857 0.5214285714285715 4716
0.5857142857142857 0.5214285714285715 4718
0.5857142857142857 0.5214285714285715 4718
0.5857142857142857 0.5214285714285715 4718
0.5857142857142857 0.5214285714285715 4718
0.5857142857142857 0.5214285714285715 4724
0.5857142857142857 0.5214285714285715 4724
0.5857142857142857 0.5214285714285715 4724
0.5857142857142857 0.5214285714285715 4724
0.5857142857142857 0.5214285714285715 4724
0.5857142857142857 0.5214285714285715 4724
0.5857142857142857 0.5214285714285715 4724
0.5857142857142857 0.5214285714285715 4724
0.5857142857142857 0.5214285714285715 4724
0.5857142857142857 0.5214285714285715 4724
0.5857142857142857 0.5214285714285715 4724
0.5857142857142857 0.5214285714285715 4724
0.5857142857142857 0.5214285714285715 4724
0.5857142857142857 0.5214285714285715 4724
0.5857142857142857 0.5214285714285715 4724
0.5857142857142857 0.5214285714285715 4724
0.5857142857142857 0.5214285714285715 4724
0.5857142857142857 0.5214285714285715 4724
0.5857142857142857 0.5214285714285715 4724
0.5857142857142857 0.5214285714285715 4724
0.5857142857142857 0.5214285714285715 4726
0.5857142857142857 0.5214285714285715 4732
0.5857142857142857 0.5214285714285715 4732
0.5857142857142857 0.5214285714285715 4732
0.5857142857142857 0.5214285714285715 4732
0.5857142857142857 0.5214285714285715 4732
0.5857142857142857 0.5214285714285715 4732
0.5857142857142857 0.5214285714285715 4732
0.5857142857142857 0.5214285714285715 4732
0.5857142857142857 0.5214285714285715 4732
0.5857142857142857 0.5214285714285715 4732
0.5857142857142857 0.5214285714285715 4732
0.5857142857142857 0.5214285714285715 4732
0.5857142857142857 0.5214285714285715 4732
0.5857142857142857 0.5214285714285715 4732
0.5857142857142857 0.5214285714285715 4732
0.5857142857142857 0.5214285714285715 4734
0.5857142857142857 0.5214285714285715 4734
0.5857142857142857 0.5214285714285715 4734
0.5857142857142857 0.5214285714285715 4734
0.5857142857142857 0.5214285714285715 4734
0.5857142857142857 0.5214285714285715 4734
0.5857142857142857 0.5214285714285715 4734
0.5857142857142857 0.5214285714285715 4734
0.5857142857142857 0.5214285714285715 4734
0.5857142857142857 0.5214285714285715 4734
0.5857142857142857 0.5214285714285715 4734
0.5857142857142857 0.5214285714285715 4734
0.5857142857142857 0.5214285714285715 4734
0.5857142857142857 0.5214285714285715 4734
0.5857142857142857 0.5214285714285715 4736
0.5857142857142857 0.5214285714285715 4736
0.5857142857142857 0.5214285714285715 4738
0.5857142857142857 0.5214285714285715 4738
0.5857142857142857 0.5214285714285715 4738
0.5857142857142857 0.5214285714285715 4738
0.5857142857142857 0.5214285714285715 4738
0.5857142857142857 0.5214285714285715 4738
0.5857142857142857 0.5214285714285715 4738
0.5857142857142857 0.5214285714285715 4738
0.5857142857142857 0.5214285714285715 4738
0.5857142857142857 0.5214285714285715 4738
0.5857142857142857 0.5214285714285715 4738
0.5857142857142857 0.5214285714285715 4738
0.5857142857142857 0.5214285714285715 4738
0.5857142857142857 0.5214285714285715 4740
0.5857142857142857 0.5214285714285715 4740
0.5857142857142857 0.5214285714285715 4740
0.5857142857142857 0.5214285714285715 4740
0.5857142857142857 0.5214285714285715 4740
0.5857142857142857 0.5214285714285715 4740
0.5857142857142857 0.5214285714285715 4740
0.5857142857142857 0.5214285714285715 4740
0.5857142857142857 0.5214285714285715 4746
0.5857142857142857 0.5214285714285715 4746
0.5857142857142857 0.5214285714285715 4746
0.5857142857142857 0.5214285714285715 4746
0.5857142857142857 0.5214285714285715 4746
0.5857142857142857 0.5214285714285715 4752
0.5857142857142857 0.5214285714285715 4752
0.5857142857142857 0.5214285714285715 4758
0.5857142857142857 0.5214285714285715 4758
0.5857142857142857 0.5214285714285715 4758
0.5857142857142857 0.5214285714285715 4758
0.5857142857142857 0.5214285714285715 4758
0.5857142857142857 0.5214285714285715 4758
0.5857142857142857 0.5214285714285715 4758
0.5857142857142857 0.5214285714285715 4758
0.5857142857142857 0.5071428571428571 4764
0.5857142857142857 0.5071428571428571 4764
0.5857142857142857 0.5071428571428571 4764
0.5857142857142857 0.5071428571428571 4776
0.5857142857142857 0.5071428571428571 4778
0.5857142857142857 0.5071428571428571 4778
0.5857142857142857 0.5071428571428571 4778
0.5857142857142857 0.5071428571428571 4778
0.5857142857142857 0.5071428571428571 4778
0.5857142857142857 0.5071428571428571 4778
0.5857142857142857 0.5071428571428571 4778
0.5857142857142857 0.5071428571428571 4778
0.5857142857142857 0.5071428571428571 4778
0.5857142857142857 0.5071428571428571 4778
0.5857142857142857 0.5071428571428571 4778
0.5857142857142857 0.5071428571428571 4778
0.5857142857142857 0.5071428571428571 4780
0.5857142857142857 0.5071428571428571 4780
0.5857142857142857 0.5071428571428571 4782
0.5857142857142857 0.5071428571428571 4782
0.5857142857142857 0.5071428571428571 4782
0.5857142857142857 0.5071428571428571 4784
0.5857142857142857 0.5071428571428571 4784
0.5857142857142857 0.5214285714285715 4826
