0.5 0.22142857142857142 62
0.5 0.22142857142857142 62
0.5 0.2357142857142857 62
0.5 0.32857142857142857 68
0.5 0.32857142857142857 70
0.5 0.3357142857142857 70
0.5 0.3357142857142857 70
0.5 0.3357142857142857 70
0.5 0.35 70
0.5 0.35 70
0.5 0.35 72
0.5 0.35 72
0.5 0.35 72
0.5 0.35 72
0.5 0.35 72
0.5 0.35 72
0.5 0.35 72
0.5 0.35714285714285715 72
0.5 0.36428571428571427 72
0.5 0.36428571428571427 72
0.5 0.36428571428571427 72
0.5 0.36428571428571427 72
0.5 0.36428571428571427 72
0.5 0.36428571428571427 72
0.5 0.36428571428571427 72
0.5 0.36428571428571427 74
0.5 0.36428571428571427 74
0.5 0.36428571428571427 74
0.5 0.36428571428571427 74
0.5 0.36428571428571427 74
0.5 0.36428571428571427 74
0.5 0.36428571428571427 74
0.5 0.37142857142857144 74
0.5 0.37142857142857144 74
0.5 0.37142857142857144 74
0.5 0.37142857142857144 76
0.5 0.37142857142857144 76
0.5 0.37142857142857144 76
0.5 0.37142857142857144 76
0.5 0.37142857142857144 76
0.5 0.37142857142857144 76
0.5 0.37142857142857144 76
0.5 0.37142857142857144 76
0.5 0.37142857142857144 76
0.5 0.37142857142857144 76
0.5 0.37142857142857144 76
0.5 0.37142857142857144 76
0.5 0.37142857142857144 78
0.5 0.37142857142857144 78
0.5 0.37142857142857144 78
0.5 0.37142857142857144 80
0.5 0.37142857142857144 80
0.5 0.37142857142857144 80
0.5 0.37142857142857144 80
0.5 0.37142857142857144 82
0.5 0.37142857142857144 82
0.5 0.37142857142857144 82
0.5 0.37142857142857144 82
0.5 0.37142857142857144 82
0.5 0.37142857142857144 82
0.5 0.37142857142857144 82
0.5 0.37857142857142856 82
0.5 0.38571428571428573 82
0.5 0.38571428571428573 82
0.5 0.38571428571428573 82
0.5 0.38571428571428573 82
0.5 0.38571428571428573 82
0.5 0.38571428571428573 82
0.5 0.38571428571428573 82
0.5 0.39285714285714285 82
0.5 0.39285714285714285 82
0.5 0.39285714285714285 82
0.5 0.39285714285714285 82
0.5 0.39285714285714285 82
0.5 0.39285714285714285 82
0.5 0.39285714285714285 84
0.5 0.4 90
0.5 0.4 90
0.5 0.4 90
0.5 0.4 90
0.5 0.4 96
0.5 0.4 96
0.5 0.40714285714285714 108
0.5 0.40714285714285714 110
0.5 0.40714285714285714 110
0.5 0.40714285714285714 112
0.5 0.40714285714285714 142
0.5 0.40714285714285714 142
0.5 0.40714285714285714 142
0.5 0.40714285714285714 142
0.5 0.40714285714285714 142
0.5 0.40714285714285714 142
0.5 0.40714285714285714 144
0.5 0.40714285714285714 144
0.5 0.40714285714285714 144
0.5 0.42142857142857143 146
0.5 0.42142857142857143 146
0.5 0.42142857142857143 146
0.5 0.42142857142857143 146
0.5 0.42142857142857143 146
0.5 0.42142857142857143 146
0.5 0.42142857142857143 146
0.5 0.42142857142857143 146
0.5 0.42142857142857143 146
0.5 0.42857142857142855 148
0.5 0.42857142857142855 148
0.5 0.42857142857142855 148
0.5 0.42857142857142855 150
0.5 0.42857142857142855 150
0.5 0.42857142857142855 150
0.5 0.42857142857142855 150
0.5 0.42857142857142855 150
0.5 0.42857142857142855 150
0.5 0.42857142857142855 150
0.5 0.42857142857142855 150
0.5 0.42857142857142855 150
0.5 0.4357142857142857 150
0.5 0.4357142857142857 150
0.5 0.44285714285714284 150
0.5 0.44285714285714284 150
0.5 0.44285714285714284 150
0.5 0.44285714285714284 152
0.5 0.44285714285714284 152
0.5 0.44285714285714284 152
0.4928571428571429 0.4357142857142857 158
0.4928571428571429 0.4357142857142857 158
0.4928571428571429 0.4357142857142857 158
0.4928571428571429 0.4357142857142857 158
0.4928571428571429 0.4357142857142857 160
0.4928571428571429 0.4357142857142857 160
0.4928571428571429 0.4357142857142857 160
0.4928571428571429 0.4357142857142857 160
0.4928571428571429 0.4357142857142857 162
0.4928571428571429 0.4357142857142857 162
0.4928571428571429 0.4357142857142857 164
0.4928571428571429 0.4357142857142857 164
0.4928571428571429 0.4357142857142857 164
0.4928571428571429 0.4357142857142857 166
0.4928571428571429 0.4357142857142857 166
0.4928571428571429 0.4357142857142857 172
0.4928571428571429 0.4357142857142857 172
0.4928571428571429 0.4357142857142857 172
0.4928571428571429 0.4357142857142857 172
0.4928571428571429 0.4357142857142857 172
0.4928571428571429 0.4357142857142857 172
0.4928571428571429 0.4357142857142857 172
0.4928571428571429 0.4357142857142857 172
0.4928571428571429 0.4357142857142857 172
0.4928571428571429 0.4357142857142857 172
0.4928571428571429 0.4357142857142857 172
0.4928571428571429 0.4357142857142857 172
0.4928571428571429 0.4357142857142857 174
0.4928571428571429 0.4357142857142857 174
0.4928571428571429 0.4357142857142857 174
0.4928571428571429 0.4357142857142857 174
0.4928571428571429 0.4357142857142857 174
0.4928571428571429 0.4357142857142857 176
0.4928571428571429 0.4357142857142857 176
0.4928571428571429 0.4357142857142857 176
0.4928571428571429 0.4357142857142857 176
0.4928571428571429 0.4357142857142857 176
0.4928571428571429 0.4357142857142857 176
0.4928571428571429 0.4357142857142857 176
0.4928571428571429 0.4357142857142857 176
0.4928571428571429 0.4357142857142857 178
0.4928571428571429 0.4357142857142857 178
0.4928571428571429 0.4357142857142857 178
0.4928571428571429 0.4357142857142857 178
0.4928571428571429 0.4357142857142857 178
0.4928571428571429 0.4357142857142857 178
0.4928571428571429 0.4357142857142857 178
0.4928571428571429 0.4357142857142857 178
0.4928571428571429 0.4357142857142857 178
0.4928571428571429 0.4357142857142857 178
0.4928571428571429 0.4357142857142857 178
0.4928571428571429 0.4357142857142857 178
0.4928571428571429 0.4357142857142857 178
0.4928571428571429 0.44285714285714284 178
0.4928571428571429 0.44285714285714284 178
0.4928571428571429 0.44285714285714284 178
0.4928571428571429 0.44285714285714284 178
0.4928571428571429 0.44285714285714284 178
0.4928571428571429 0.44285714285714284 178
0.4928571428571429 0.44285714285714284 180
0.5642857142857143 0.5071428571428571 222
0.5642857142857143 0.5071428571428571 222
0.5642857142857143 0.5071428571428571 222
0.5642857142857143 0.5071428571428571 222
0.5642857142857143 0.5071428571428571 222
0.5642857142857143 0.5071428571428571 222
0.5642857142857143 0.5071428571428571 222
0.5642857142857143 0.5071428571428571 222
0.5642857142857143 0.5071428571428571 222
0.5642857142857143 0.5071428571428571 222
0.5642857142857143 0.5071428571428571 222
0.5642857142857143 0.5071428571428571 222
0.5642857142857143 0.5071428571428571 222
0.5642857142857143 0.5071428571428571 222
0.5642857142857143 0.5071428571428571 222
0.5642857142857143 0.5071428571428571 222
0.5642857142857143 0.5142857142857142 222
0.5642857142857143 0.5142857142857142 222
0.5642857142857143 0.5142857142857142 222
0.5642857142857143 0.5142857142857142 222
0.5642857142857143 0.5142857142857142 228
0.5642857142857143 0.5142857142857142 228
0.5642857142857143 0.5142857142857142 228
0.5642857142857143 0.5142857142857142 228
0.5642857142857143 0.5142857142857142 228
0.5642857142857143 0.5142857142857142 228
0.5642857142857143 0.5142857142857142 228
0.5642857142857143 0.5142857142857142 228
0.5642857142857143 0.5142857142857142 234
0.5642857142857143 0.5142857142857142 236
0.5642857142857143 0.5142857142857142 236
0.5642857142857143 0.5142857142857142 236
0.5642857142857143 0.5142857142857142 236
0.5642857142857143 0.5142857142857142 238
0.5642857142857143 0.5142857142857142 238
0.5642857142857143 0.5142857142857142 238
0.5642857142857143 0.5142857142857142 238
0.5642857142857143 0.5142857142857142 238
0.5642857142857143 0.5142857142857142 240
0.5642857142857143 0.5142857142857142 240
0.5642857142857143 0.5142857142857142 240
0.5642857142857143 0.5142857142857142 242
0.5642857142857143 0.5142857142857142 242
0.5642857142857143 0.5142857142857142 242
0.5642857142857143 0.5142857142857142 242
0.5642857142857143 0.5142857142857142 242
0.5642857142857143 0.5142857142857142 242
0.5642857142857143 0.5142857142857142 242
0.5642857142857143 0.5142857142857142 242
0.5642857142857143 0.5142857142857142 242
0.5642857142857143 0.5142857142857142 242
0.5642857142857143 0.5142857142857142 242
0.5642857142857143 0.5142857142857142 254
0.55 0.5 326
0.55 0.5 326
0.55 0.5 326
0.55 0.5 326
0.55 0.5 326
0.55 0.5 328
0.55 0.5 328
0.55 0.5 330
0.55 0.5 330
0.55 0.5 330
0.55 0.5 332
0.55 0.5 334
0.55 0.5 334
0.55 0.5 334
0.55 0.5142857142857142 444
0.55 0.5142857142857142 444
0.55 0.5142857142857142 446
0.55 0.5142857142857142 446
0.55 0.5142857142857142 446
0.55 0.5142857142857142 446
0.55 0.5142857142857142 446
0.55 0.5142857142857142 446
0.55 0.5142857142857142 452
0.55 0.5142857142857142 452
0.55 0.5142857142857142 452
0.55 0.5142857142857142 452
0.55 0.5142857142857142 452
0.55 0.5142857142857142 452
0.55 0.5142857142857142 452
0.55 0.5142857142857142 452
0.55 0.5357142857142857 634
0.55 0.5357142857142857 634
0.55 0.5357142857142857 634
0.55 0.5357142857142857 634
0.55 0.5357142857142857 634
0.55 0.5357142857142857 640
0.55 0.5357142857142857 640
0.55 0.5357142857142857 640
0.55 0.5357142857142857 640
0.55 0.5357142857142857 640
0.55 0.5357142857142857 640
0.55 0.5357142857142857 640
0.55 0.5357142857142857 640
0.55 0.5357142857142857 646
0.55 0.5357142857142857 646
0.55 0.5357142857142857 646
0.55 0.5357142857142857 646
0.55 0.5357142857142857 646
0.55 0.5357142857142857 646
0.55 0.5357142857142857 646
0.55 0.5357142857142857 646
0.6142857142857143 0.5285714285714286 3838
0.6142857142857143 0.5285714285714286 3838
0.6142857142857143 0.5285714285714286 3838
0.6142857142857143 0.5285714285714286 3838
0.6142857142857143 0.5285714285714286 3838
0.6142857142857143 0.5285714285714286 3838
0.6142857142857143 0.5285714285714286 3838
0.6142857142857143 0.5285714285714286 3838
0.6142857142857143 0.5285714285714286 3840
0.6142857142857143 0.5285714285714286 3840
0.6142857142857143 0.5285714285714286 3840
0.6142857142857143 0.5285714285714286 3840
0.6142857142857143 0.5285714285714286 3842
0.6142857142857143 0.5285714285714286 3842
0.6142857142857143 0.5285714285714286 3842
0.6142857142857143 0.5285714285714286 3842
0.6142857142857143 0.5285714285714286 3842
0.6142857142857143 0.5285714285714286 3842
0.6142857142857143 0.5285714285714286 3842
0.6142857142857143 0.5285714285714286 3842
0.6142857142857143 0.5285714285714286 3842
0.6142857142857143 0.5285714285714286 3842
0.6142857142857143 0.5285714285714286 3842
0.6142857142857143 0.5285714285714286 3842
0.6142857142857143 0.5285714285714286 3842
0.6142857142857143 0.5285714285714286 3842
0.6142857142857143 0.5285714285714286 3842
0.6142857142857143 0.5285714285714286 3842
0.6142857142857143 0.5285714285714286 3842
0.6142857142857143 0.5285714285714286 3844
0.6142857142857143 0.5285714285714286 3844
0.6142857142857143 0.5285714285714286 3844
0.6142857142857143 0.5285714285714286 3844
0.6142857142857143 0.5285714285714286 3844
0.6142857142857143 0.5285714285714286 3844
0.6142857142857143 0.5285714285714286 3844
0.6142857142857143 0.5285714285714286 3844
0.6142857142857143 0.5285714285714286 3844
0.6142857142857143 0.5285714285714286 3844
0.6142857142857143 0.5285714285714286 3844
0.6142857142857143 0.5285714285714286 3844
0.6142857142857143 0.5285714285714286 3844
0.6142857142857143 0.5285714285714286 3844
0.6142857142857143 0.5285714285714286 3844
0.6142857142857143 0.5285714285714286 3844
0.6142857142857143 0.5285714285714286 3844
0.6142857142857143 0.5285714285714286 3844
0.6142857142857143 0.5285714285714286 3844
0.6142857142857143 0.5285714285714286 3934
0.6142857142857143 0.5285714285714286 3934
0.6142857142857143 0.5285714285714286 3934
0.6142857142857143 0.5285714285714286 3934
0.6142857142857143 0.5285714285714286 3936
0.6142857142857143 0.5285714285714286 3936
0.6142857142857143 0.5285714285714286 3936
0.6142857142857143 0.5285714285714286 3942
0.6142857142857143 0.5285714285714286 3942
0.6142857142857143 0.5285714285714286 3942
0.6142857142857143 0.5285714285714286 3942
0.6142857142857143 0.5285714285714286 3942
0.6142857142857143 0.5285714285714286 3942
0.6142857142857143 0.5285714285714286 3942
0.6142857142857143 0.5285714285714286 3942
0.6142857142857143 0.5285714285714286 3942
0.6142857142857143 0.5285714285714286 3942
0.6142857142857143 0.5285714285714286 3942
0.6142857142857143 0.5285714285714286 3942
0.6142857142857143 0.5285714285714286 3942
0.6142857142857143 0.5285714285714286 3942
0.6142857142857143 0.5285714285714286 3942
0.6142857142857143 0.5285714285714286 3942
0.6142857142857143 0.5285714285714286 3942
0.6142857142857143 0.5285714285714286 3944
0.6142857142857143 0.5285714285714286 3944
0.6142857142857143 0.5285714285714286 3944
0.6142857142857143 0.5285714285714286 3944
0.6142857142857143 0.5285714285714286 3944
0.6142857142857143 0.5285714285714286 3944
0.6142857142857143 0.5285714285714286 3950
0.6142857142857143 0.5285714285714286 3950
0.6142857142857143 0.5285714285714286 3950
0.6142857142857143 0.5285714285714286 3950
0.6142857142857143 0.5285714285714286 3950
0.6142857142857143 0.5285714285714286 3950
0.6142857142857143 0.5285714285714286 3950
0.6142857142857143 0.5285714285714286 3950
0.6142857142857143 0.5285714285714286 3950
0.6142857142857143 0.5285714285714286 3950
0.6142857142857143 0.5285714285714286 3950
0.6142857142857143 0.5285714285714286 3950
0.6142857142857143 0.5285714285714286 3950
0.6142857142857143 0.5285714285714286 3950
0.6142857142857143 0.5285714285714286 3950
0.6142857142857143 0.5285714285714286 3950
0.6142857142857143 0.5285714285714286 3950
0.6142857142857143 0.5285714285714286 3952
0.6142857142857143 0.5285714285714286 3952
0.6142857142857143 0.5285714285714286 3952
0.6142857142857143 0.5285714285714286 3952
0.6142857142857143 0.5285714285714286 3952
0.6142857142857143 0.5285714285714286 3952
0.6142857142857143 0.5285714285714286 3952
0.6142857142857143 0.5285714285714286 3952
0.6142857142857143 0.5285714285714286 3952
0.6142857142857143 0.5285714285714286 3952
0.6142857142857143 0.5285714285714286 3952
0.6142857142857143 0.5285714285714286 3952
0.6142857142857143 0.5285714285714286 3952
0.6142857142857143 0.5285714285714286 3954
0.6142857142857143 0.5285714285714286 3954
0.6142857142857143 0.5285714285714286 3954
0.6142857142857143 0.5285714285714286 3954
0.6142857142857143 0.5285714285714286 3954
0.6142857142857143 0.5285714285714286 3954
0.6142857142857143 0.5285714285714286 3954
0.6142857142857143 0.5285714285714286 3954
0.6142857142857143 0.5285714285714286 3954
0.6142857142857143 0.5285714285714286 3954
0.6142857142857143 0.5285714285714286 3954
0.6142857142857143 0.5285714285714286 3956
0.6142857142857143 0.5285714285714286 3956
0.6142857142857143 0.5285714285714286 3956
0.6142857142857143 0.5285714285714286 3958
0.6142857142857143 0.5285714285714286 3960
0.6142857142857143 0.5285714285714286 3960
0.6142857142857143 0.5285714285714286 3960
0.6142857142857143 0.5285714285714286 3960
0.6142857142857143 0.5285714285714286 3960
0.6142857142857143 0.5285714285714286 3960
0.6142857142857143 0.5285714285714286 3960
0.6142857142857143 0.5285714285714286 3960
0.6142857142857143 0.5285714285714286 3960
0.6142857142857143 0.5285714285714286 3960
0.6142857142857143 0.5285714285714286 3960
0.6142857142857143 0.5285714285714286 3960
0.6142857142857143 0.5285714285714286 3960
0.6 0.5285714285714286 4016
0.6 0.5285714285714286 4016
0.6 0.5285714285714286 4016
0.6 0.5285714285714286 4016
0.6 0.5285714285714286 4018
0.6 0.5285714285714286 4018
0.6 0.5285714285714286 4018
0.6 0.5285714285714286 4018
0.6 0.5285714285714286 4018
0.6 0.5285714285714286 4018
0.6 0.5285714285714286 4018
0.6 0.5285714285714286 4018
0.6 0.5285714285714286 4018
0.6 0.5285714285714286 4018
0.6 0.5285714285714286 4018
0.6 0.5285714285714286 4018
0.6 0.5285714285714286 4020
0.6 0.5428571428571428 4326
0.6 0.5571428571428572 4326
0.6 0.5571428571428572 4326
0.6 0.5571428571428572 4326
0.6 0.5571428571428572 4326
0.6 0.5571428571428572 4326
0.6 0.5571428571428572 4326
0.6 0.5571428571428572 4328
0.6 0.5571428571428572 4328
0.6 0.5571428571428572 4328
0.6 0.5571428571428572 4328
0.6 0.5571428571428572 4328
0.6 0.5571428571428572 4328
0.6 0.5571428571428572 4328
0.6 0.5571428571428572 4328
0.6 0.5571428571428572 4328
0.6 0.5571428571428572 4328
0.6 0.5571428571428572 4328
0.6 0.5571428571428572 4334
0.6 0.5571428571428572 4334
0.6 0.5571428571428572 4334
0.6 0.5571428571428572 4334
0.6 0.5571428571428572 4336
0.6 0.5571428571428572 4336
0.6 0.5571428571428572 4336
0.6 0.55 4336
0.6 0.55 4336
0.6 0.55 4336
0.6 0.55 4336
0.6 0.55 4336
0.6 0.55 4336
0.6 0.55 4336
0.6 0.55 4336
0.6 0.55 4336
0.6 0.55 4338
0.6 0.55 4338
0.6 0.55 4338
0.6 0.55 4338
0.6 0.55 4338
0.6 0.55 4338
0.6 0.55 4338
0.6 0.5428571428571428 4338
0.6 0.5428571428571428 4338
0.6 0.5428571428571428 4338
0.6 0.5428571428571428 4340
0.6 0.5428571428571428 4340
0.6 0.5428571428571428 4340
0.6 0.5428571428571428 4340
0.6 0.5428571428571428 4340
0.6 0.5428571428571428 4340
0.6 0.5428571428571428 4342
0.6 0.5428571428571428 4342
0.6 0.5428571428571428 4342
0.6 0.5428571428571428 4348
0.6 0.5428571428571428 4348
0.6 0.5428571428571428 4348
0.6 0.5428571428571428 4378
0.6 0.5428571428571428 4378
0.6 0.5428571428571428 4378
0.6 0.5428571428571428 4398
0.6 0.5428571428571428 4404
0.6 0.5428571428571428 4404
0.6 0.5428571428571428 4404
0.6 0.5428571428571428 4404
0.6 0.5428571428571428 4404
0.6 0.5428571428571428 4404
0.6 0.5428571428571428 4404
0.6 0.5428571428571428 4404
0.6 0.5428571428571428 4404
0.6 0.5428571428571428 4404
0.6 0.5428571428571428 4410
0.6 0.5428571428571428 4410
0.6 0.55 4452
0.6 0.55 4452
0.6 0.55 4452
0.6 0.55 4452
0.6 0.55 4452
0.6 0.55 4452
0.6 0.55 4452
0.6 0.55 4452
0.6 0.55 4452
0.6 0.55 4452
0.6 0.55 4454
0.6 0.5571428571428572 4454
0.6 0.5571428571428572 4454
0.6 0.5571428571428572 4454
0.6 0.5571428571428572 4454
0.6 0.5571428571428572 4454
0.6 0.5571428571428572 4454
0.6 0.5571428571428572 4454
0.6 0.5571428571428572 4454
0.6 0.55 4456
0.6 0.55 4458
0.6 0.55 4458
0.6 0.55 4458
0.6 0.55 4458
0.6 0.55 4460
0.6 0.55 4460
0.6 0.55 4462
0.6 0.55 4462
0.6 0.55 4462
0.6 0.55 4464
0.6 0.55 4464
0.6 0.55 4464
0.6 0.55 4464
0.6 0.55 4466
0.6 0.5428571428571428 4472
0.6 0.5428571428571428 4472
0.6 0.5428571428571428 4472
0.6 0.5428571428571428 4472
0.6 0.5428571428571428 4472
0.6 0.55 4472
0.6 0.55 4472
0.6 0.55 4472
0.6 0.55 4472
0.6 0.55 4472
0.6 0.55 4472
0.6 0.55 4472
0.6 0.55 4472
0.6 0.55 4474
0.6 0.55 4474
0.6 0.55 4474
0.6 0.55 4474
0.6 0.55 4476
0.6 0.5571428571428572 4476
0.6 0.5571428571428572 4476
0.6 0.5571428571428572 4476
0.6 0.5571428571428572 4476
0.6 0.5571428571428572 4476
0.6 0.5571428571428572 4476
0.6 0.55 4478
0.6 0.5571428571428572 4478
0.6 0.5571428571428572 4478
0.6 0.5571428571428572 4478
0.6 0.5571428571428572 4478
0.6 0.5571428571428572 4478
0.6 0.5571428571428572 4478
0.6 0.5571428571428572 4478
0.6 0.5571428571428572 4478
0.6 0.5571428571428572 4478
0.6 0.5571428571428572 4478
0.6 0.55 4480
0.6 0.55 4480
0.6 0.55 4480
0.6 0.55 4480
0.6 0.55 4482
0.6 0.55 4482
0.6 0.55 4484
0.6 0.55 4484
0.6 0.55 4490
0.6 0.55 4490
0.6 0.5571428571428572 4490
0.6 0.5571428571428572 4490
0.6 0.5571428571428572 4490
0.6 0.5571428571428572 4492
0.6 0.5571428571428572 4492
0.6 0.55 4494
0.6 0.55 4494
0.6 0.55 4494
0.6 0.55 4494
0.6 0.5571428571428572 4494
0.6 0.5571428571428572 4494
0.6 0.5571428571428572 4494
0.6 0.5571428571428572 4494
0.6 0.5571428571428572 4496
0.6 0.5571428571428572 4496
0.6 0.5571428571428572 4496
0.6 0.5571428571428572 4496
0.6 0.5571428571428572 4496
0.6 0.5571428571428572 4496
0.6 0.5571428571428572 4496
0.6 0.5571428571428572 4496
0.6 0.5571428571428572 4496
0.6 0.5571428571428572 4496
0.6 0.5571428571428572 4496
0.6 0.5571428571428572 4496
0.6 0.5571428571428572 4496
0.6 0.5571428571428572 4496
0.6 0.5571428571428572 4496
0.6 0.5571428571428572 4496
0.6 0.5571428571428572 4496
0.6 0.5571428571428572 4496
0.6 0.5571428571428572 4496
0.6 0.5571428571428572 4496
0.6 0.5571428571428572 4496
0.6 0.5571428571428572 4496
0.6 0.5571428571428572 4496
0.6 0.5571428571428572 4496
0.6 0.5571428571428572 4496
0.6 0.5571428571428572 4516
0.6 0.5571428571428572 4516
0.6071428571428571 0.55 4626
0.6071428571428571 0.55 4626
0.6071428571428571 0.55 4626
0.6071428571428571 0.55 4626
0.6071428571428571 0.55 4626
0.6071428571428571 0.55 4626
0.6071428571428571 0.55 4626
0.6071428571428571 0.55 4626
0.6071428571428571 0.55 4626
0.6071428571428571 0.5428571428571428 4628
0.6071428571428571 0.5428571428571428 4628
0.6071428571428571 0.5428571428571428 4628
0.6071428571428571 0.5428571428571428 4634
0.6071428571428571 0.5428571428571428 4634
0.6071428571428571 0.5428571428571428 4634
0.6071428571428571 0.5428571428571428 4634
0.6071428571428571 0.5428571428571428 4634
0.6071428571428571 0.5357142857142857 4636
0.6071428571428571 0.5357142857142857 4642
0.6071428571428571 0.5357142857142857 4642
0.6071428571428571 0.5357142857142857 4642
0.6071428571428571 0.5357142857142857 4642
0.6071428571428571 0.5357142857142857 4644
0.6071428571428571 0.5357142857142857 4644
0.6071428571428571 0.5357142857142857 4644
0.6071428571428571 0.5357142857142857 4644
0.6071428571428571 0.5357142857142857 4644
0.6071428571428571 0.5357142857142857 4644
0.6071428571428571 0.5357142857142857 4644
0.6071428571428571 0.5357142857142857 4644
0.6071428571428571 0.5357142857142857 4644
0.6071428571428571 0.5357142857142857 4644
0.6071428571428571 0.5357142857142857 4644
0.6071428571428571 0.5357142857142857 4826
0.6071428571428571 0.5357142857142857 4826
0.6071428571428571 0.5357142857142857 4826
