0.5 0.24285714285714285 62
0.5 0.25 62
0.5 0.25 62
0.5 0.25 62
0.5 0.25 62
0.5 0.25 62
0.5 0.25 62
0.5 0.25 62
0.5 0.25 62
0.5 0.25 62
0.5 0.25 62
0.5 0.2571428571428571 62
0.5 0.2571428571428571 62
0.5 0.30714285714285716 64
0.5 0.30714285714285716 64
0.5 0.30714285714285716 70
0.5 0.30714285714285716 70
0.5 0.3142857142857143 72
0.5 0.3142857142857143 72
0.5 0.3142857142857143 72
0.5 0.3142857142857143 72
0.5 0.3142857142857143 74
0.5 0.3142857142857143 74
0.5 0.3142857142857143 76
0.5 0.3142857142857143 78
0.5 0.32857142857142857 78
0.5 0.32857142857142857 78
0.5 0.32857142857142857 78
0.5 0.32857142857142857 78
0.5 0.32857142857142857 78
0.5 0.32857142857142857 78
0.5 0.32857142857142857 78
0.5 0.32857142857142857 78
0.5 0.32857142857142857 78
0.5 0.32857142857142857 78
0.5 0.32857142857142857 80
0.5 0.32857142857142857 80
0.5 0.32857142857142857 82
0.5 0.32857142857142857 82
0.5 0.32857142857142857 82
0.5 0.34285714285714286 82
0.5 0.34285714285714286 82
0.5 0.34285714285714286 82
0.5 0.34285714285714286 82
0.5 0.34285714285714286 82
0.5 0.34285714285714286 82
0.5 0.34285714285714286 82
0.5 0.35 82
0.5 0.35 82
0.5 0.35 82
0.5 0.35 82
0.5 0.35 82
0.5 0.35 82
0.5 0.35 82
0.5 0.35 82
0.5 0.35 82
0.5 0.35 82
0.5 0.35714285714285715 82
0.5 0.35714285714285715 82
0.5 0.35714285714285715 82
0.5 0.35714285714285715 82
0.5 0.35714285714285715 82
0.5 0.35714285714285715 82
0.5 0.35714285714285715 82
0.5 0.35714285714285715 82
0.5 0.35714285714285715 82
0.5 0.35714285714285715 84
0.5 0.35714285714285715 84
0.5 0.35714285714285715 84
0.5 0.35714285714285715 84
0.5 0.35714285714285715 84
0.5 0.35714285714285715 90
0.5 0.35714285714285715 90
0.5 0.35714285714285715 90
0.5 0.35714285714285715 90
0.5 0.35714285714285715 90
0.5 0.35714285714285715 92
0.5 0.35714285714285715 92
0.5 0.35714285714285715 92
0.5 0.35714285714285715 92
0.5 0.35714285714285715 92
0.5 0.35714285714285715 92
0.5 0.35714285714285715 92
0.5 0.35714285714285715 92
0.5 0.35714285714285715 92
0.5 0.35714285714285715 92
0.5 0.35714285714285715 92
0.5 0.35714285714285715 92
0.5 0.35714285714285715 92
0.5 0.35714285714285715 92
0.5 0.35714285714285715 92
0.5 0.35714285714285715 92
0.5 0.35714285714285715 92
0.5 0.35714285714285715 92
0.5 0.36428571428571427 164
0.5 0.36428571428571427 164
0.5 0.36428571428571427 164
0.5 0.36428571428571427 164
0.5 0.36428571428571427 164
0.5 0.36428571428571427 164
0.5 0.36428571428571427 170
0.5 0.36428571428571427 172
0.5 0.36428571428571427 172
0.5 0.36428571428571427 172
0.5 0.36428571428571427 172
0.5 0.39285714285714285 172
0.5714285714285714 0.45 282
0.5714285714285714 0.45 284
0.5714285714285714 0.45 284
0.5714285714285714 0.45 284
0.5714285714285714 0.45 284
0.5714285714285714 0.45 284
0.5714285714285714 0.45 284
0.5714285714285714 0.45 284
0.5714285714285714 0.45 286
0.5714285714285714 0.45 286
0.5714285714285714 0.45 286
0.5714285714285714 0.45 288
0.5714285714285714 0.45 288
0.5714285714285714 0.45 288
0.5714285714285714 0.45 288
0.5714285714285714 0.45 288
0.5714285714285714 0.45 288
0.5714285714285714 0.45 288
0.5714285714285714 0.45 288
0.5714285714285714 0.45714285714285713 288
0.5714285714285714 0.45714285714285713 288
0.5714285714285714 0.45714285714285713 288
0.5714285714285714 0.45714285714285713 288
0.5714285714285714 0.45714285714285713 288
0.5714285714285714 0.45714285714285713 288
0.5714285714285714 0.4642857142857143 288
0.5714285714285714 0.4642857142857143 288
0.5714285714285714 0.4642857142857143 294
0.5714285714285714 0.4642857142857143 294
0.5714285714285714 0.4642857142857143 294
0.5714285714285714 0.4642857142857143 294
0.5714285714285714 0.4642857142857143 294
0.5714285714285714 0.4642857142857143 294
0.5714285714285714 0.4642857142857143 294
0.5714285714285714 0.4642857142857143 294
0.5714285714285714 0.4642857142857143 294
0.5714285714285714 0.4642857142857143 294
0.5714285714285714 0.4642857142857143 294
0.5714285714285714 0.4642857142857143 294
0.5571428571428572 0.4857142857142857 476
0.55 0.4857142857142857 482
0.55 0.4857142857142857 488
0.55 0.4857142857142857 488
0.55 0.4857142857142857 490
0.55 0.4857142857142857 492
0.55 0.4857142857142857 492
0.55 0.4857142857142857 492
0.55 0.4857142857142857 492
0.55 0.4857142857142857 492
0.55 0.4857142857142857 492
0.55 0.4857142857142857 492
0.55 0.4857142857142857 492
0.55 0.4857142857142857 492
0.55 0.4857142857142857 492
0.55 0.4857142857142857 492
0.55 0.4857142857142857 492
0.55 0.5 492
0.55 0.5 492
0.55 0.5 492
0.55 0.5 494
0.55 0.5 496
0.55 0.5 496
0.55 0.5 496
0.55 0.5 496
0.55 0.5 496
0.55 0.5 496
0.55 0.5 496
0.55 0.5 496
0.55 0.5 496
0.55 0.5 496
0.55 0.5071428571428571 502
0.55 0.5071428571428571 508
0.55 0.5071428571428571 508
0.55 0.5071428571428571 508
0.55 0.5071428571428571 508
0.55 0.5071428571428571 508
0.55 0.5071428571428571 508
0.55 0.5071428571428571 508
0.55 0.5071428571428571 508
0.55 0.5071428571428571 508
0.55 0.5071428571428571 508
0.55 0.5071428571428571 508
0.55 0.5071428571428571 508
0.55 0.5071428571428571 508
0.55 0.5071428571428571 508
0.55 0.5071428571428571 508
0.55 0.5071428571428571 510
0.55 0.5071428571428571 510
0.55 0.5071428571428571 510
0.55 0.5071428571428571 510
0.55 0.5071428571428571 516
0.55 0.5071428571428571 516
0.55 0.5071428571428571 516
0.55 0.5071428571428571 516
0.55 0.5071428571428571 518
0.55 0.5071428571428571 524
0.55 0.5071428571428571 524
0.55 0.5071428571428571 524
0.55 0.5071428571428571 530
0.55 0.5071428571428571 532
0.55 0.5071428571428571 534
0.55 0.5071428571428571 536
0.55 0.5071428571428571 536
0.55 0.5071428571428571 536
0.55 0.5071428571428571 536
0.55 0.5071428571428571 536
0.55 0.5071428571428571 536
0.55 0.5071428571428571 536
0.55 0.5071428571428571 536
0.55 0.5071428571428571 538
0.55 0.5071428571428571 538
0.55 0.5071428571428571 540
0.55 0.5071428571428571 540
0.5928571428571429 0.55 630
0.5928571428571429 0.55 630
0.5928571428571429 0.55 630
0.5928571428571429 0.55 630
0.5928571428571429 0.55 630
0.5928571428571429 0.55 630
0.5928571428571429 0.55 632
0.5928571428571429 0.55 632
0.5928571428571429 0.55 638
0.5928571428571429 0.55 638
0.5928571428571429 0.55 638
0.5928571428571429 0.55 638
0.5928571428571429 0.55 638
0.5928571428571429 0.55 640
0.5928571428571429 0.55 640
0.5928571428571429 0.55 640
0.5928571428571429 0.55 640
0.5928571428571429 0.55 640
0.5928571428571429 0.55 640
0.5928571428571429 0.55 640
0.5928571428571429 0.55 640
0.5928571428571429 0.55 640
0.5928571428571429 0.55 640
0.5928571428571429 0.55 640
0.5928571428571429 0.55 640
0.5928571428571429 0.55 640
0.5928571428571429 0.55 640
0.5928571428571429 0.55 640
0.5928571428571429 0.55 640
0.5928571428571429 0.55 640
0.5928571428571429 0.55 646
0.5928571428571429 0.55 646
0.5928571428571429 0.55 646
0.5928571428571429 0.55 648
0.5857142857142857 0.5428571428571428 654
0.5857142857142857 0.5428571428571428 656
0.5857142857142857 0.5428571428571428 656
0.5857142857142857 0.5428571428571428 656
0.5857142857142857 0.5428571428571428 656
0.5857142857142857 0.5428571428571428 656
0.5857142857142857 0.5428571428571428 656
0.5857142857142857 0.5428571428571428 662
0.5857142857142857 0.5428571428571428 662
0.5857142857142857 0.5428571428571428 662
0.5857142857142857 0.5428571428571428 662
0.5857142857142857 0.5428571428571428 662
0.5857142857142857 0.5428571428571428 664
0.5857142857142857 0.5428571428571428 664
0.5857142857142857 0.5428571428571428 664
0.5857142857142857 0.5428571428571428 664
0.5857142857142857 0.5428571428571428 664
0.5857142857142857 0.5428571428571428 774
0.5857142857142857 0.5428571428571428 774
0.5857142857142857 0.5428571428571428 774
0.5857142857142857 0.5428571428571428 774
0.5857142857142857 0.5428571428571428 774
0.5857142857142857 0.5428571428571428 774
0.5857142857142857 0.5428571428571428 776
0.5857142857142857 0.5428571428571428 776
0.5857142857142857 0.5428571428571428 776
0.5857142857142857 0.5428571428571428 776
0.5857142857142857 0.5428571428571428 776
0.5857142857142857 0.5428571428571428 776
0.5857142857142857 0.5428571428571428 776
0.5857142857142857 0.5428571428571428 776
0.5857142857142857 0.5428571428571428 776
0.5857142857142857 0.5428571428571428 776
0.5857142857142857 0.5428571428571428 776
0.5857142857142857 0.5428571428571428 776
0.5857142857142857 0.5428571428571428 776
0.5857142857142857 0.5428571428571428 776
0.5857142857142857 0.5428571428571428 776
0.5857142857142857 0.5428571428571428 776
0.5857142857142857 0.5428571428571428 776
0.5857142857142857 0.5428571428571428 776
0.5857142857142857 0.5428571428571428 796
0.6285714285714286 0.5 3988
0.6285714285714286 0.5 3988
0.6285714285714286 0.5 3988
0.6285714285714286 0.5 3990
0.6285714285714286 0.5 3990
0.6285714285714286 0.5 3992
0.6285714285714286 0.5 3992
0.6285714285714286 0.5 3992
0.6285714285714286 0.5 4012
0.6285714285714286 0.5 4012
0.6285714285714286 0.5 4012
0.6285714285714286 0.5 4012
0.6285714285714286 0.5 4012
0.6285714285714286 0.5 4012
0.6285714285714286 0.5 4012
0.6285714285714286 0.5 4012
0.6285714285714286 0.5 4014
0.6285714285714286 0.5 4014
0.6285714285714286 0.5 4014
0.6285714285714286 0.5 4014
0.6285714285714286 0.5 4014
0.6285714285714286 0.5 4014
0.6285714285714286 0.5 4014
0.6285714285714286 0.5 4056
0.6285714285714286 0.5 4056
0.6285714285714286 0.5 4056
0.6285714285714286 0.5 4056
0.6285714285714286 0.5 4056
0.6285714285714286 0.5 4056
0.6285714285714286 0.5 4056
0.6285714285714286 0.5 4056
0.6285714285714286 0.5 4058
0.6285714285714286 0.5 4058
0.6285714285714286 0.5 4058
0.6285714285714286 0.5 4064
0.6285714285714286 0.5 4064
0.6285714285714286 0.5 4064
0.6285714285714286 0.5071428571428571 4064
0.6285714285714286 0.5071428571428571 4064
0.6285714285714286 0.5071428571428571 4064
0.6285714285714286 0.5071428571428571 4064
0.6285714285714286 0.5071428571428571 4064
0.6285714285714286 0.5071428571428571 4064
0.6285714285714286 0.5071428571428571 4064
0.6285714285714286 0.5071428571428571 4064
0.6285714285714286 0.5071428571428571 4064
0.6285714285714286 0.5071428571428571 4064
0.6285714285714286 0.5071428571428571 4106
0.6285714285714286 0.5071428571428571 4106
0.6285714285714286 0.5071428571428571 4106
0.6285714285714286 0.5071428571428571 4106
0.6285714285714286 0.5071428571428571 4108
0.6285714285714286 0.5071428571428571 4108
0.6285714285714286 0.5071428571428571 4108
0.6285714285714286 0.5071428571428571 4110
0.6285714285714286 0.5071428571428571 4110
0.6285714285714286 0.5071428571428571 4166
0.6285714285714286 0.5071428571428571 4166
0.6285714285714286 0.5071428571428571 4166
0.6285714285714286 0.5071428571428571 4168
0.6285714285714286 0.5071428571428571 4168
0.6285714285714286 0.5071428571428571 4168
0.6285714285714286 0.5 4170
0.6285714285714286 0.5 4170
0.6285714285714286 0.5 4170
0.6285714285714286 0.5 4170
0.6285714285714286 0.5 4170
0.6285714285714286 0.5 4172
0.6285714285714286 0.5 4172
0.6285714285714286 0.5 4172
0.6285714285714286 0.5 4172
0.6285714285714286 0.5 4172
0.6285714285714286 0.5071428571428571 4172
0.6285714285714286 0.5142857142857142 4172
0.6285714285714286 0.5142857142857142 4172
0.6285714285714286 0.5142857142857142 4172
0.6285714285714286 0.5142857142857142 4174
0.6285714285714286 0.5 4204
0.6285714285714286 0.5 4204
0.6285714285714286 0.5 4204
0.6285714285714286 0.5 4204
0.6285714285714286 0.5 4206
0.6285714285714286 0.5 4206
0.6285714285714286 0.5 4206
0.6285714285714286 0.5 4206
0.6285714285714286 0.5 4206
0.6285714285714286 0.5 4206
0.6285714285714286 0.5 4206
0.6285714285714286 0.5 4206
0.6285714285714286 0.5 4206
0.6285714285714286 0.5 4206
0.6285714285714286 0.5 4206
0.6285714285714286 0.5 4206
0.6285714285714286 0.5 4206
0.6285714285714286 0.5 4206
0.6285714285714286 0.5 4206
0.6285714285714286 0.5 4206
0.6285714285714286 0.5 4206
0.6285714285714286 0.5 4206
0.6285714285714286 0.5 4206
0.6285714285714286 0.5 4208
0.6285714285714286 0.5 4208
0.6285714285714286 0.5 4208
0.6285714285714286 0.5 4208
0.6285714285714286 0.5 4210
0.6285714285714286 0.5 4210
0.6285714285714286 0.5 4210
0.6285714285714286 0.5 4210
0.6285714285714286 0.5 4216
0.6285714285714286 0.5 4216
0.6285714285714286 0.5 4216
0.6285714285714286 0.5 4218
0.6285714285714286 0.5 4218
0.6285714285714286 0.5 4218
0.6285714285714286 0.5 4218
0.6285714285714286 0.5 4218
0.6285714285714286 0.5 4218
0.6285714285714286 0.5 4218
0.6285714285714286 0.5 4248
0.6285714285714286 0.5 4248
0.6285714285714286 0.5 4248
0.6285714285714286 0.5071428571428571 4248
0.6285714285714286 0.5071428571428571 4248
0.6285714285714286 0.5071428571428571 4248
0.6285714285714286 0.5071428571428571 4248
0.6285714285714286 0.5071428571428571 4248
0.6285714285714286 0.5071428571428571 4248
0.6285714285714286 0.5071428571428571 4248
0.6285714285714286 0.5071428571428571 4248
0.6285714285714286 0.5071428571428571 4248
0.6285714285714286 0.5071428571428571 4248
0.6285714285714286 0.5071428571428571 4248
0.6285714285714286 0.5071428571428571 4248
0.6285714285714286 0.5214285714285715 4248
0.6285714285714286 0.5214285714285715 4248
0.6285714285714286 0.5214285714285715 4248
0.6285714285714286 0.5214285714285715 4248
0.6285714285714286 0.5214285714285715 4248
0.6285714285714286 0.5214285714285715 4248
0.6285714285714286 0.5214285714285715 4248
0.6285714285714286 0.5285714285714286 4248
0.6285714285714286 0.5285714285714286 4248
0.6285714285714286 0.5285714285714286 4250
0.6285714285714286 0.5285714285714286 4250
0.6285714285714286 0.5285714285714286 4252
0.6285714285714286 0.5285714285714286 4252
0.6285714285714286 0.5285714285714286 4252
0.6285714285714286 0.5285714285714286 4254
0.6285714285714286 0.5285714285714286 4254
0.6285714285714286 0.5285714285714286 4254
0.6285714285714286 0.5285714285714286 4254
0.6285714285714286 0.5285714285714286 4254
0.6285714285714286 0.5357142857142857 4256
0.6285714285714286 0.5357142857142857 4256
0.6285714285714286 0.5357142857142857 4256
0.6285714285714286 0.5357142857142857 4256
0.6285714285714286 0.5357142857142857 4256
0.6285714285714286 0.5357142857142857 4256
0.6285714285714286 0.5357142857142857 4256
0.6285714285714286 0.5357142857142857 4256
0.6285714285714286 0.5357142857142857 4258
0.6285714285714286 0.5357142857142857 4258
0.6285714285714286 0.5357142857142857 4258
0.6285714285714286 0.5357142857142857 4258
0.6285714285714286 0.5357142857142857 4258
0.6285714285714286 0.5357142857142857 4258
0.6285714285714286 0.5357142857142857 4260
0.6285714285714286 0.5357142857142857 4260
0.6285714285714286 0.5357142857142857 4262
0.6285714285714286 0.5357142857142857 4262
0.6285714285714286 0.5357142857142857 4262
0.6285714285714286 0.5357142857142857 4262
0.6285714285714286 0.5357142857142857 4262
0.6285714285714286 0.5357142857142857 4274
0.6285714285714286 0.5357142857142857 4274
0.6285714285714286 0.5357142857142857 4274
0.6285714285714286 0.5357142857142857 4274
0.6285714285714286 0.5357142857142857 4274
0.6285714285714286 0.5357142857142857 4274
0.6285714285714286 0.5357142857142857 4274
0.6285714285714286 0.5428571428571428 4274
0.6285714285714286 0.5428571428571428 4274
0.6285714285714286 0.5428571428571428 4274
0.6285714285714286 0.5428571428571428 4276
0.6285714285714286 0.5428571428571428 4276
0.6285714285714286 0.5428571428571428 4276
0.6285714285714286 0.5428571428571428 4276
0.6285714285714286 0.5428571428571428 4276
0.6285714285714286 0.5428571428571428 4276
0.6285714285714286 0.5428571428571428 4276
0.6285714285714286 0.5428571428571428 4278
0.6285714285714286 0.5428571428571428 4278
0.6285714285714286 0.5428571428571428 4278
0.6285714285714286 0.5428571428571428 4280
0.6285714285714286 0.5428571428571428 4280
0.6285714285714286 0.5428571428571428 4280
0.6285714285714286 0.5428571428571428 4280
0.6285714285714286 0.5428571428571428 4280
0.6285714285714286 0.5428571428571428 4280
0.6285714285714286 0.5428571428571428 4280
0.6285714285714286 0.5428571428571428 4280
0.6285714285714286 0.5428571428571428 4280
0.6285714285714286 0.5428571428571428 4280
0.6285714285714286 0.5428571428571428 4280
0.6285714285714286 0.5428571428571428 4280
0.6285714285714286 0.5428571428571428 4280
0.6285714285714286 0.5428571428571428 4280
0.6285714285714286 0.5428571428571428 4280
0.6285714285714286 0.5428571428571428 4280
0.6285714285714286 0.5428571428571428 4280
0.6285714285714286 0.5428571428571428 4280
0.6285714285714286 0.5428571428571428 4280
0.6285714285714286 0.5428571428571428 4280
0.6285714285714286 0.5428571428571428 4280
0.6285714285714286 0.5428571428571428 4280
0.6285714285714286 0.5428571428571428 4280
0.6285714285714286 0.5428571428571428 4280
0.6285714285714286 0.5428571428571428 4280
0.6285714285714286 0.5428571428571428 4280
0.6285714285714286 0.5428571428571428 4280
0.6285714285714286 0.5428571428571428 4280
0.6285714285714286 0.5428571428571428 4280
0.6285714285714286 0.5428571428571428 4280
0.6285714285714286 0.5428571428571428 4280
0.6285714285714286 0.5428571428571428 4280
0.6285714285714286 0.5428571428571428 4280
0.6285714285714286 0.5428571428571428 4280
0.6285714285714286 0.5428571428571428 4282
0.6285714285714286 0.5428571428571428 4284
0.6285714285714286 0.5428571428571428 4284
0.6285714285714286 0.5428571428571428 4284
0.6285714285714286 0.5428571428571428 4284
0.6285714285714286 0.5428571428571428 4284
0.6285714285714286 0.5428571428571428 4286
0.6285714285714286 0.5428571428571428 4286
0.6285714285714286 0.5428571428571428 4286
0.6285714285714286 0.5428571428571428 4286
0.6285714285714286 0.5428571428571428 4286
0.6285714285714286 0.5428571428571428 4286
0.6285714285714286 0.5428571428571428 4286
0.6285714285714286 0.5428571428571428 4286
0.6285714285714286 0.5428571428571428 4286
0.6285714285714286 0.5428571428571428 4286
0.6285714285714286 0.5428571428571428 4288
0.6285714285714286 0.5428571428571428 4288
0.6285714285714286 0.5428571428571428 4288
0.6285714285714286 0.5428571428571428 4290
0.6285714285714286 0.5428571428571428 4290
0.6285714285714286 0.5428571428571428 4292
0.6285714285714286 0.5428571428571428 4292
0.6285714285714286 0.5428571428571428 4292
0.6285714285714286 0.5428571428571428 4292
0.6285714285714286 0.5428571428571428 4298
0.6285714285714286 0.5428571428571428 4298
0.6285714285714286 0.5428571428571428 4298
0.6285714285714286 0.5428571428571428 4298
0.6285714285714286 0.5428571428571428 4298
0.6285714285714286 0.5428571428571428 4298
0.6285714285714286 0.5428571428571428 4298
0.6285714285714286 0.5428571428571428 4298
0.6285714285714286 0.5428571428571428 4298
0.6285714285714286 0.5428571428571428 4298
0.6285714285714286 0.5428571428571428 4298
0.6285714285714286 0.5428571428571428 4298
0.6285714285714286 0.5428571428571428 4298
0.6285714285714286 0.5428571428571428 4298
0.6285714285714286 0.5428571428571428 4298
0.6285714285714286 0.5428571428571428 4298
0.6285714285714286 0.5428571428571428 4298
0.6285714285714286 0.5428571428571428 4298
0.6285714285714286 0.5428571428571428 4298
0.6285714285714286 0.5428571428571428 4298
0.6285714285714286 0.5428571428571428 4298
0.6285714285714286 0.5428571428571428 4298
0.6285714285714286 0.5428571428571428 4298
0.6285714285714286 0.5428571428571428 4298
0.6285714285714286 0.5428571428571428 4298
0.6285714285714286 0.5428571428571428 4298
0.6285714285714286 0.5428571428571428 4298
0.6285714285714286 0.5428571428571428 4298
0.6285714285714286 0.5428571428571428 4298
0.6285714285714286 0.5428571428571428 4300
0.6285714285714286 0.5428571428571428 4300
0.6285714285714286 0.5428571428571428 4300
0.6285714285714286 0.5428571428571428 4300
0.6285714285714286 0.5428571428571428 4300
0.6285714285714286 0.5428571428571428 4300
0.6285714285714286 0.5428571428571428 4300
0.6285714285714286 0.5428571428571428 4300
0.6285714285714286 0.5428571428571428 4300
0.6285714285714286 0.5428571428571428 4300
0.6285714285714286 0.5428571428571428 4300
0.6285714285714286 0.5428571428571428 4300
0.6285714285714286 0.5428571428571428 4300
0.6285714285714286 0.5428571428571428 4300
0.6285714285714286 0.5428571428571428 4300
0.6285714285714286 0.5428571428571428 4302
0.6285714285714286 0.5428571428571428 4302
0.6285714285714286 0.5428571428571428 4304
0.6285714285714286 0.5428571428571428 4304
0.6285714285714286 0.5428571428571428 4304
0.6285714285714286 0.5428571428571428 4304
0.6285714285714286 0.5428571428571428 4306
0.6285714285714286 0.5428571428571428 4306
0.6285714285714286 0.5428571428571428 4306
0.6285714285714286 0.5428571428571428 4306
0.6285714285714286 0.5428571428571428 4306
0.6285714285714286 0.5428571428571428 4306
0.6285714285714286 0.5428571428571428 4306
0.6285714285714286 0.5428571428571428 4306
0.6285714285714286 0.5428571428571428 4306
0.6285714285714286 0.5428571428571428 4306
0.6285714285714286 0.5428571428571428 4306
0.6285714285714286 0.5428571428571428 4308
0.6285714285714286 0.5428571428571428 4308
0.6285714285714286 0.5428571428571428 4308
0.6285714285714286 0.5428571428571428 4308
0.6285714285714286 0.5428571428571428 4308
0.6285714285714286 0.5428571428571428 4308
0.6142857142857143 0.5285714285714286 4614
0.6142857142857143 0.5285714285714286 4614
0.6142857142857143 0.5285714285714286 4620
0.6142857142857143 0.5285714285714286 4620
0.6142857142857143 0.5285714285714286 4620
0.6142857142857143 0.5285714285714286 4620
0.6142857142857143 0.5285714285714286 4620
0.6142857142857143 0.5285714285714286 4620
0.6142857142857143 0.5285714285714286 4620
0.6142857142857143 0.5285714285714286 4620
0.6142857142857143 0.5285714285714286 4620
0.6142857142857143 0.5285714285714286 4622
0.6142857142857143 0.5285714285714286 4622
0.6142857142857143 0.5285714285714286 4622
0.6142857142857143 0.5285714285714286 4622
0.6142857142857143 0.5285714285714286 4622
0.6142857142857143 0.5285714285714286 4622
0.6142857142857143 0.5285714285714286 4624
0.6142857142857143 0.5285714285714286 4636
0.6142857142857143 0.5285714285714286 4636
0.6142857142857143 0.5285714285714286 4636
0.6142857142857143 0.5285714285714286 4636
0.6142857142857143 0.5285714285714286 4636
0.6142857142857143 0.5285714285714286 4638
0.6142857142857143 0.5285714285714286 4638
0.6142857142857143 0.5285714285714286 4638
0.6142857142857143 0.5285714285714286 4638
0.6142857142857143 0.5285714285714286 4638
0.6142857142857143 0.5285714285714286 4638
0.6142857142857143 0.5285714285714286 4638
0.6142857142857143 0.5285714285714286 4638
0.6142857142857143 0.5285714285714286 4638
0.6142857142857143 0.5285714285714286 4638
0.6142857142857143 0.5285714285714286 4638
0.6142857142857143 0.5285714285714286 4638
0.6142857142857143 0.5285714285714286 4638
0.6142857142857143 0.5285714285714286 4638
0.6142857142857143 0.5285714285714286 4638
0.6142857142857143 0.5285714285714286 4638
0.6142857142857143 0.5285714285714286 4638
0.6142857142857143 0.5285714285714286 4638
0.6142857142857143 0.5285714285714286 4638
0.6142857142857143 0.5285714285714286 4638
0.6142857142857143 0.5285714285714286 4638
0.6142857142857143 0.5285714285714286 4638
0.6142857142857143 0.5285714285714286 4638
0.6142857142857143 0.5285714285714286 4638
0.6142857142857143 0.5285714285714286 4644
0.6142857142857143 0.5285714285714286 4644
0.6142857142857143 0.5285714285714286 4644
0.6142857142857143 0.5285714285714286 4644
0.6 0.5071428571428571 4826
0.6 0.5071428571428571 4826
0.6 0.5071428571428571 4826
