0.5 0.2 62
0.5 0.20714285714285716 62
0.5 0.20714285714285716 62
0.5 0.20714285714285716 62
0.5 0.20714285714285716 64
0.5 0.21428571428571427 70
0.5 0.21428571428571427 70
0.5 0.21428571428571427 70
0.5 0.21428571428571427 70
0.5 0.21428571428571427 70
0.5 0.21428571428571427 70
0.5 0.21428571428571427 70
0.5 0.21428571428571427 70
0.5 0.2785714285714286 72
0.5 0.2857142857142857 72
0.5 0.29285714285714287 72
0.5 0.29285714285714287 72
0.5 0.29285714285714287 72
0.5 0.29285714285714287 72
0.5 0.29285714285714287 72
0.5 0.29285714285714287 72
0.5 0.29285714285714287 72
0.5 0.3 72
0.5 0.3 72
0.5 0.3 72
0.5 0.30714285714285716 78
0.5 0.30714285714285716 78
0.5 0.30714285714285716 78
0.5 0.30714285714285716 78
0.5 0.30714285714285716 78
0.5 0.30714285714285716 78
0.5 0.32142857142857145 80
0.5 0.32142857142857145 80
0.5 0.32142857142857145 80
0.5 0.32142857142857145 80
0.5 0.32142857142857145 80
0.5 0.32142857142857145 82
0.5 0.32142857142857145 82
0.5 0.32142857142857145 82
0.5 0.32142857142857145 82
0.5 0.32142857142857145 84
0.5 0.32142857142857145 84
0.5 0.32142857142857145 84
0.5 0.32142857142857145 84
0.5 0.32142857142857145 84
0.5 0.32142857142857145 84
0.5 0.32142857142857145 84
0.5 0.32142857142857145 84
0.5 0.32142857142857145 84
0.5 0.32142857142857145 84
0.5 0.32857142857142857 84
0.5 0.34285714285714286 84
0.5 0.35714285714285715 90
0.5 0.35714285714285715 92
0.5 0.35714285714285715 92
0.5 0.35714285714285715 92
0.5 0.35714285714285715 92
0.5 0.35714285714285715 92
0.5 0.35714285714285715 92
0.5 0.35714285714285715 92
0.5 0.35714285714285715 92
0.5 0.35714285714285715 92
0.5 0.35714285714285715 92
0.5 0.35714285714285715 92
0.5 0.35714285714285715 92
0.5 0.35714285714285715 92
0.5 0.35714285714285715 92
0.5 0.35714285714285715 92
0.5 0.36428571428571427 94
0.5 0.36428571428571427 94
0.5 0.36428571428571427 94
0.5 0.36428571428571427 94
0.5 0.37857142857142856 94
0.5 0.37857142857142856 94
0.5 0.37857142857142856 94
0.5 0.37857142857142856 94
0.5 0.37857142857142856 94
0.5 0.37857142857142856 94
0.5 0.37857142857142856 94
0.5 0.37857142857142856 94
0.5 0.37857142857142856 94
0.5 0.37857142857142856 94
0.5 0.37857142857142856 94
0.5 0.37857142857142856 94
0.5 0.37857142857142856 94
0.5 0.37857142857142856 94
0.5 0.37857142857142856 94
0.5 0.37857142857142856 94
0.5 0.37857142857142856 94
0.5 0.37857142857142856 94
0.5 0.37857142857142856 94
0.5 0.37857142857142856 94
0.5 0.37857142857142856 96
0.5 0.38571428571428573 96
0.5 0.38571428571428573 96
0.5 0.38571428571428573 98
0.5 0.38571428571428573 98
0.5 0.38571428571428573 100
0.5 0.38571428571428573 100
0.5 0.38571428571428573 100
0.5 0.38571428571428573 100
0.5 0.38571428571428573 100
0.5 0.38571428571428573 100
0.5 0.38571428571428573 100
0.5 0.38571428571428573 100
0.5 0.38571428571428573 100
0.5 0.38571428571428573 100
0.5 0.38571428571428573 100
0.5 0.38571428571428573 100
0.5 0.38571428571428573 102
0.5 0.38571428571428573 102
0.4928571428571429 0.4 122
0.4928571428571429 0.4 122
0.4928571428571429 0.4 122
0.4928571428571429 0.4 122
0.4928571428571429 0.4 122
0.4928571428571429 0.4 122
0.4928571428571429 0.4 124
0.4928571428571429 0.4 124
0.4928571428571429 0.4 124
0.4928571428571429 0.4 124
0.4928571428571429 0.4 124
0.4928571428571429 0.4 124
0.4928571428571429 0.4 124
0.4928571428571429 0.4 124
0.4928571428571429 0.4 124
0.4928571428571429 0.4 124
0.4928571428571429 0.40714285714285714 306
0.4928571428571429 0.40714285714285714 308
0.4928571428571429 0.40714285714285714 308
0.4928571428571429 0.40714285714285714 310
0.4857142857142857 0.4 312
0.4857142857142857 0.4 312
0.4857142857142857 0.4 312
0.4857142857142857 0.4 312
0.4857142857142857 0.4 312
0.4857142857142857 0.4 312
0.4857142857142857 0.4 312
0.4857142857142857 0.4 312
0.4857142857142857 0.4 314
0.4857142857142857 0.4 314
0.4857142857142857 0.4 314
0.4857142857142857 0.4 320
0.4857142857142857 0.4 320
0.4857142857142857 0.4 320
0.4857142857142857 0.4 322
0.4857142857142857 0.4 322
0.4857142857142857 0.4 322
0.4857142857142857 0.4 322
0.4857142857142857 0.4 322
0.4857142857142857 0.4 324
0.4857142857142857 0.4 324
0.4857142857142857 0.4 324
0.4857142857142857 0.4 324
0.4857142857142857 0.4142857142857143 324
0.4857142857142857 0.4142857142857143 324
0.4857142857142857 0.4142857142857143 326
0.4857142857142857 0.4142857142857143 326
0.4857142857142857 0.4142857142857143 326
0.4857142857142857 0.4142857142857143 326
0.4857142857142857 0.4142857142857143 326
0.4857142857142857 0.4142857142857143 326
0.4857142857142857 0.4142857142857143 328
0.4857142857142857 0.4142857142857143 328
0.4857142857142857 0.4142857142857143 328
0.4857142857142857 0.4142857142857143 328
0.4857142857142857 0.4142857142857143 334
0.4857142857142857 0.4142857142857143 334
0.4857142857142857 0.4142857142857143 334
0.4857142857142857 0.4142857142857143 334
0.4857142857142857 0.4142857142857143 334
0.4857142857142857 0.4142857142857143 336
0.4857142857142857 0.4142857142857143 336
0.4857142857142857 0.4142857142857143 336
0.4857142857142857 0.4142857142857143 336
0.4857142857142857 0.4142857142857143 336
0.4857142857142857 0.4142857142857143 336
0.4857142857142857 0.4142857142857143 336
0.4857142857142857 0.4142857142857143 336
0.4857142857142857 0.4142857142857143 336
0.4857142857142857 0.4142857142857143 336
0.4857142857142857 0.4142857142857143 338
0.4857142857142857 0.4142857142857143 338
0.4857142857142857 0.4142857142857143 338
0.4857142857142857 0.4142857142857143 340
0.4857142857142857 0.4142857142857143 340
0.4857142857142857 0.4142857142857143 340
0.4857142857142857 0.4142857142857143 342
0.4785714285714286 0.42857142857142855 524
0.4785714285714286 0.42857142857142855 524
0.4785714285714286 0.42857142857142855 524
0.4785714285714286 0.42857142857142855 524
0.4785714285714286 0.42857142857142855 524
0.4785714285714286 0.42857142857142855 524
0.4785714285714286 0.42857142857142855 524
0.4785714285714286 0.42857142857142855 524
0.4785714285714286 0.42857142857142855 526
0.4785714285714286 0.42857142857142855 526
0.4785714285714286 0.42857142857142855 526
0.4785714285714286 0.42857142857142855 528
0.4785714285714286 0.42857142857142855 528
0.4785714285714286 0.42857142857142855 528
0.4785714285714286 0.42857142857142855 530
0.4785714285714286 0.42857142857142855 530
0.4785714285714286 0.42857142857142855 530
0.4785714285714286 0.42857142857142855 530
0.4785714285714286 0.42857142857142855 530
0.4785714285714286 0.42857142857142855 532
0.4785714285714286 0.42857142857142855 532
0.4785714285714286 0.42857142857142855 532
0.4785714285714286 0.42857142857142855 532
0.4785714285714286 0.42857142857142855 532
0.4785714285714286 0.42857142857142855 532
0.4785714285714286 0.42857142857142855 532
0.4785714285714286 0.42857142857142855 532
0.4785714285714286 0.44285714285714284 532
0.4785714285714286 0.44285714285714284 532
0.4785714285714286 0.44285714285714284 532
0.4785714285714286 0.44285714285714284 532
0.4785714285714286 0.44285714285714284 532
0.4785714285714286 0.44285714285714284 532
0.4785714285714286 0.44285714285714284 532
0.4785714285714286 0.44285714285714284 534
0.4785714285714286 0.44285714285714284 534
0.4785714285714286 0.44285714285714284 536
0.4785714285714286 0.44285714285714284 536
0.4785714285714286 0.44285714285714284 536
0.4785714285714286 0.44285714285714284 536
0.4785714285714286 0.44285714285714284 536
0.4785714285714286 0.44285714285714284 538
0.4785714285714286 0.44285714285714284 538
0.4785714285714286 0.44285714285714284 538
0.4785714285714286 0.44285714285714284 544
0.4785714285714286 0.44285714285714284 544
0.4785714285714286 0.44285714285714284 550
0.4785714285714286 0.44285714285714284 550
0.4785714285714286 0.44285714285714284 550
0.4785714285714286 0.44285714285714284 550
0.4785714285714286 0.44285714285714284 550
0.4785714285714286 0.44285714285714284 550
0.4785714285714286 0.44285714285714284 550
0.4785714285714286 0.44285714285714284 550
0.4785714285714286 0.44285714285714284 550
0.4785714285714286 0.44285714285714284 550
0.4785714285714286 0.44285714285714284 550
0.4785714285714286 0.44285714285714284 550
0.4785714285714286 0.44285714285714284 550
0.4785714285714286 0.44285714285714284 550
0.5642857142857143 0.5214285714285715 592
0.5642857142857143 0.5214285714285715 592
0.5642857142857143 0.5214285714285715 592
0.5642857142857143 0.5214285714285715 594
0.5642857142857143 0.5214285714285715 596
0.5642857142857143 0.5214285714285715 596
0.5642857142857143 0.5214285714285715 598
0.5642857142857143 0.5214285714285715 598
0.5642857142857143 0.5214285714285715 598
0.5642857142857143 0.5214285714285715 598
0.5642857142857143 0.5214285714285715 600
0.5642857142857143 0.5214285714285715 600
0.5642857142857143 0.5214285714285715 600
0.5642857142857143 0.5214285714285715 600
0.5642857142857143 0.5214285714285715 600
0.5642857142857143 0.5214285714285715 600
0.5642857142857143 0.5214285714285715 600
0.5642857142857143 0.5214285714285715 602
0.5642857142857143 0.5214285714285715 602
0.5642857142857143 0.5214285714285715 602
0.5642857142857143 0.5214285714285715 602
0.5642857142857143 0.5214285714285715 602
0.5642857142857143 0.5214285714285715 602
0.5642857142857143 0.5214285714285715 602
0.5642857142857143 0.5214285714285715 602
0.5642857142857143 0.5214285714285715 604
0.5642857142857143 0.5214285714285715 604
0.5642857142857143 0.5214285714285715 604
0.5642857142857143 0.5214285714285715 604
0.5642857142857143 0.5214285714285715 604
0.5714285714285714 0.4642857142857143 3796
0.5714285714285714 0.4642857142857143 3796
0.5714285714285714 0.4642857142857143 3796
0.5714285714285714 0.4642857142857143 3796
0.5714285714285714 0.4642857142857143 3802
0.5714285714285714 0.4642857142857143 3802
0.5714285714285714 0.45714285714285713 3874
0.5714285714285714 0.4642857142857143 3874
0.5714285714285714 0.4642857142857143 3874
0.5714285714285714 0.4642857142857143 3874
0.5642857142857143 0.4714285714285714 3880
0.5642857142857143 0.4714285714285714 3880
0.5642857142857143 0.4714285714285714 3882
0.5642857142857143 0.4714285714285714 3882
0.5642857142857143 0.4714285714285714 3882
0.5642857142857143 0.4714285714285714 3882
0.5642857142857143 0.4714285714285714 3882
0.5642857142857143 0.4714285714285714 3882
0.5642857142857143 0.4714285714285714 3882
0.5642857142857143 0.4714285714285714 3882
0.5642857142857143 0.4714285714285714 3882
0.5642857142857143 0.4714285714285714 3882
0.5642857142857143 0.4714285714285714 3882
0.5642857142857143 0.4714285714285714 3882
0.5642857142857143 0.4714285714285714 3884
0.5642857142857143 0.4714285714285714 3884
0.5642857142857143 0.4714285714285714 3884
0.5642857142857143 0.4714285714285714 3884
0.5642857142857143 0.4714285714285714 3884
0.5642857142857143 0.4714285714285714 3884
0.5642857142857143 0.4714285714285714 3884
0.5642857142857143 0.4714285714285714 3884
0.5642857142857143 0.4714285714285714 3884
0.5642857142857143 0.4714285714285714 3884
0.5642857142857143 0.4714285714285714 3884
0.5642857142857143 0.4714285714285714 3884
0.5642857142857143 0.4714285714285714 3884
0.5642857142857143 0.4714285714285714 3884
0.5642857142857143 0.4714285714285714 3884
0.5642857142857143 0.4714285714285714 3884
0.5642857142857143 0.4714285714285714 3884
0.5642857142857143 0.4714285714285714 3884
0.5642857142857143 0.4714285714285714 3884
0.5642857142857143 0.4714285714285714 3884
0.5642857142857143 0.4714285714285714 3886
0.5642857142857143 0.4714285714285714 3886
0.5642857142857143 0.4714285714285714 3886
0.5642857142857143 0.4714285714285714 3886
0.5642857142857143 0.4714285714285714 3886
0.5642857142857143 0.4714285714285714 3888
0.5642857142857143 0.4714285714285714 3888
0.5642857142857143 0.4714285714285714 3888
0.5642857142857143 0.4714285714285714 3888
0.5642857142857143 0.4714285714285714 3888
0.5642857142857143 0.4714285714285714 3888
0.5642857142857143 0.4714285714285714 3888
0.5642857142857143 0.4642857142857143 3888
0.5642857142857143 0.4642857142857143 3888
0.5642857142857143 0.4642857142857143 3888
0.5642857142857143 0.4642857142857143 3888
0.5642857142857143 0.4642857142857143 3888
0.5642857142857143 0.4642857142857143 3888
0.5642857142857143 0.4642857142857143 3888
0.5642857142857143 0.4642857142857143 3888
0.5642857142857143 0.4642857142857143 3890
0.5642857142857143 0.4642857142857143 3890
0.5642857142857143 0.4642857142857143 3890
0.5642857142857143 0.4642857142857143 3890
0.5928571428571429 0.4928571428571429 4000
0.5928571428571429 0.4928571428571429 4000
0.5928571428571429 0.4857142857142857 4000
0.5928571428571429 0.4928571428571429 4000
0.5928571428571429 0.4928571428571429 4000
0.5928571428571429 0.4928571428571429 4000
0.5928571428571429 0.4928571428571429 4000
0.5928571428571429 0.4928571428571429 4000
0.5928571428571429 0.4928571428571429 4000
0.5928571428571429 0.4928571428571429 4000
0.5928571428571429 0.4928571428571429 4000
0.5928571428571429 0.4928571428571429 4000
0.5928571428571429 0.4928571428571429 4000
0.5928571428571429 0.4928571428571429 4000
0.5928571428571429 0.4928571428571429 4000
0.5928571428571429 0.4928571428571429 4000
0.5928571428571429 0.4928571428571429 4000
0.5928571428571429 0.4928571428571429 4000
0.5928571428571429 0.4928571428571429 4000
0.5928571428571429 0.4928571428571429 4000
0.5928571428571429 0.4928571428571429 4000
0.5928571428571429 0.4928571428571429 4000
0.5928571428571429 0.4928571428571429 4000
0.5928571428571429 0.4928571428571429 4000
0.5928571428571429 0.4928571428571429 4000
0.5928571428571429 0.4928571428571429 4000
0.5928571428571429 0.4928571428571429 4000
0.5928571428571429 0.5 4002
0.5928571428571429 0.5 4002
0.5928571428571429 0.5 4002
0.5928571428571429 0.5 4002
0.5928571428571429 0.5 4002
0.5928571428571429 0.5 4032
0.5928571428571429 0.5 4032
0.5928571428571429 0.5 4032
0.5928571428571429 0.5 4032
0.5928571428571429 0.5 4032
0.5928571428571429 0.5 4034
0.5928571428571429 0.5 4034
0.5928571428571429 0.5 4034
0.5928571428571429 0.5 4034
0.5928571428571429 0.5 4036
0.5928571428571429 0.5 4036
0.5928571428571429 0.5 4036
0.5928571428571429 0.5 4042
0.5928571428571429 0.5 4042
0.5928571428571429 0.5 4044
0.5928571428571429 0.5 4044
0.5928571428571429 0.5 4044
0.6071428571428571 0.5 4350
0.6071428571428571 0.5 4352
0.6071428571428571 0.5 4352
0.6071428571428571 0.5 4352
0.6071428571428571 0.5 4352
0.6071428571428571 0.5 4352
0.6071428571428571 0.5 4352
0.6071428571428571 0.5 4352
0.6071428571428571 0.5 4352
0.6071428571428571 0.5 4352
0.6071428571428571 0.5 4352
0.6071428571428571 0.5 4352
0.6071428571428571 0.5071428571428571 4352
0.6071428571428571 0.5071428571428571 4352
0.6071428571428571 0.5071428571428571 4352
0.6071428571428571 0.5071428571428571 4352
0.6071428571428571 0.5071428571428571 4352
0.6071428571428571 0.5071428571428571 4352
0.6071428571428571 0.5 4352
0.6071428571428571 0.5 4352
0.6071428571428571 0.5 4352
0.6071428571428571 0.5 4352
0.6071428571428571 0.5 4352
0.6071428571428571 0.5 4352
0.6071428571428571 0.5 4352
0.6071428571428571 0.5 4352
0.6071428571428571 0.5 4352
0.6071428571428571 0.5 4352
0.6071428571428571 0.5142857142857142 4352
0.6071428571428571 0.5142857142857142 4382
0.6071428571428571 0.5142857142857142 4382
0.6071428571428571 0.5142857142857142 4382
0.6071428571428571 0.5142857142857142 4382
0.6071428571428571 0.5142857142857142 4382
0.6071428571428571 0.5142857142857142 4382
0.6071428571428571 0.5142857142857142 4382
0.6071428571428571 0.5142857142857142 4384
0.6071428571428571 0.5142857142857142 4384
0.6071428571428571 0.5142857142857142 4386
0.6071428571428571 0.5142857142857142 4386
0.6071428571428571 0.5142857142857142 4392
0.6071428571428571 0.5142857142857142 4392
0.6071428571428571 0.5142857142857142 4392
0.6071428571428571 0.5142857142857142 4392
0.6071428571428571 0.5071428571428571 4392
0.6071428571428571 0.5071428571428571 4392
0.6071428571428571 0.5071428571428571 4392
0.6071428571428571 0.5071428571428571 4392
0.6071428571428571 0.5071428571428571 4392
0.6071428571428571 0.5071428571428571 4392
0.6071428571428571 0.5071428571428571 4392
0.6071428571428571 0.5071428571428571 4394
0.6071428571428571 0.5071428571428571 4394
0.6071428571428571 0.5071428571428571 4396
0.6071428571428571 0.5071428571428571 4396
0.6071428571428571 0.5071428571428571 4396
0.6071428571428571 0.5071428571428571 4396
0.6071428571428571 0.5071428571428571 4398
0.6071428571428571 0.5071428571428571 4410
0.6071428571428571 0.5071428571428571 4410
0.6071428571428571 0.5071428571428571 4410
0.6071428571428571 0.5071428571428571 4410
0.6071428571428571 0.5071428571428571 4416
0.6071428571428571 0.5071428571428571 4416
0.6071428571428571 0.5071428571428571 4416
0.6071428571428571 0.5071428571428571 4416
0.6071428571428571 0.5071428571428571 4416
0.6071428571428571 0.5071428571428571 4416
0.6071428571428571 0.5071428571428571 4416
0.6071428571428571 0.5071428571428571 4416
0.6 0.5071428571428571 4472
0.6 0.5071428571428571 4472
0.6 0.5071428571428571 4474
0.6 0.5071428571428571 4474
0.6 0.5071428571428571 4474
0.6 0.5071428571428571 4474
0.6 0.5071428571428571 4480
0.6 0.5071428571428571 4482
0.6 0.5071428571428571 4484
0.6 0.5071428571428571 4504
0.6 0.5071428571428571 4504
0.6 0.5071428571428571 4504
0.6 0.5071428571428571 4504
0.6 0.5071428571428571 4504
0.6 0.5071428571428571 4504
0.6 0.5071428571428571 4504
0.6 0.5071428571428571 4504
0.6 0.5071428571428571 4506
0.6 0.5071428571428571 4506
0.6 0.5071428571428571 4506
0.6 0.5357142857142857 4548
0.6 0.5357142857142857 4548
0.6 0.5357142857142857 4548
0.6 0.5357142857142857 4548
0.6 0.5357142857142857 4548
0.6 0.5357142857142857 4548
0.6 0.5357142857142857 4548
0.6 0.5357142857142857 4548
0.6 0.5357142857142857 4548
0.6 0.5357142857142857 4548
0.6 0.5357142857142857 4548
0.6 0.5357142857142857 4548
0.6 0.5357142857142857 4548
0.6 0.5357142857142857 4548
0.6 0.5357142857142857 4548
0.6 0.5357142857142857 4554
0.6 0.5357142857142857 4554
0.6 0.5357142857142857 4554
0.6 0.5357142857142857 4554
0.6 0.5357142857142857 4554
0.6 0.5357142857142857 4554
0.6 0.5357142857142857 4554
0.6 0.5357142857142857 4554
0.6 0.5357142857142857 4554
0.6 0.5285714285714286 4556
0.6 0.5285714285714286 4556
0.6 0.5214285714285715 4562
0.6 0.5214285714285715 4562
0.6 0.5214285714285715 4562
0.6 0.5214285714285715 4562
0.6 0.5214285714285715 4562
0.6 0.5214285714285715 4562
0.6 0.5214285714285715 4562
0.6 0.5214285714285715 4562
0.6 0.5214285714285715 4562
0.6 0.5214285714285715 4562
0.6 0.5214285714285715 4562
0.6 0.5214285714285715 4562
0.6 0.5214285714285715 4562
0.6 0.5214285714285715 4564
0.6 0.5214285714285715 4564
0.6 0.5214285714285715 4564
0.6 0.5214285714285715 4564
0.6 0.5214285714285715 4564
0.6 0.5214285714285715 4564
0.6 0.5214285714285715 4564
0.6 0.5214285714285715 4564
0.6 0.5214285714285715 4564
0.6 0.5214285714285715 4564
0.6 0.5285714285714286 4564
0.6 0.5285714285714286 4564
0.6 0.5285714285714286 4564
0.6 0.5285714285714286 4564
0.6 0.5285714285714286 4564
0.6 0.5285714285714286 4564
0.6 0.5285714285714286 4564
0.6 0.5285714285714286 4564
0.6 0.5285714285714286 4566
0.6 0.5285714285714286 4566
0.6 0.5285714285714286 4566
0.6 0.5285714285714286 4568
0.6 0.5285714285714286 4568
0.6 0.5428571428571428 4678
0.6 0.5428571428571428 4678
0.6 0.5428571428571428 4678
0.6 0.5428571428571428 4678
0.6 0.5428571428571428 4678
0.6 0.5428571428571428 4678
0.6 0.5428571428571428 4678
0.6 0.5428571428571428 4678
0.6 0.5428571428571428 4678
0.6 0.5428571428571428 4678
0.6 0.5428571428571428 4678
0.6 0.5428571428571428 4678
0.6 0.5428571428571428 4678
0.6 0.5428571428571428 4678
0.6 0.5571428571428572 4678
0.6 0.5571428571428572 4678
0.6 0.5571428571428572 4680
0.6 0.5571428571428572 4680
0.6 0.5571428571428572 4680
0.6 0.5571428571428572 4680
0.6 0.5571428571428572 4680
0.6 0.5571428571428572 4680
0.6 0.5571428571428572 4680
0.6 0.5571428571428572 4680
0.6 0.5571428571428572 4680
0.6 0.5571428571428572 4680
0.6 0.5571428571428572 4682
0.6 0.5571428571428572 4682
0.6 0.5571428571428572 4682
0.6 0.5571428571428572 4682
0.6 0.5571428571428572 4682
0.6 0.5571428571428572 4682
0.6 0.5571428571428572 4682
0.6 0.5571428571428572 4682
0.6 0.5571428571428572 4682
0.6 0.5571428571428572 4682
0.6 0.5571428571428572 4682
0.6 0.5571428571428572 4682
0.6 0.5571428571428572 4772
0.6 0.5571428571428572 4772
0.6 0.5571428571428572 4772
0.6 0.5571428571428572 4774
0.6 0.5571428571428572 4774
0.6 0.5571428571428572 4774
0.6 0.5571428571428572 4774
0.6 0.5571428571428572 4774
0.6 0.5571428571428572 4774
0.6 0.5571428571428572 4774
0.6 0.5571428571428572 4774
0.6 0.5571428571428572 4774
0.6 0.5571428571428572 4786
0.6 0.5571428571428572 4786
0.6 0.5571428571428572 4786
0.6 0.5571428571428572 4786
0.6 0.5571428571428572 4786
0.6 0.5571428571428572 4786
0.6 0.5571428571428572 4788
0.6 0.5571428571428572 4788
0.6 0.5571428571428572 4788
0.6 0.5571428571428572 4788
0.6 0.5571428571428572 4790
0.6 0.5571428571428572 4790
0.6 0.5571428571428572 4792
0.6 0.5571428571428572 4792
0.6 0.5571428571428572 4792
0.6 0.5571428571428572 4794
0.6 0.5571428571428572 4794
0.6 0.5571428571428572 4794
0.6 0.5571428571428572 4794
0.6 0.5571428571428572 4794
0.6 0.5571428571428572 4800
0.6 0.5571428571428572 4800
0.6 0.5571428571428572 4800
0.6 0.5571428571428572 4800
0.6 0.5571428571428572 4800
0.6 0.5571428571428572 4806
0.6 0.5571428571428572 4806
0.6 0.5571428571428572 4806
0.6 0.5571428571428572 4806
0.6 0.5571428571428572 4806
0.6 0.5571428571428572 4806
0.6 0.5571428571428572 4806
0.6 0.5571428571428572 4806
0.6 0.5571428571428572 4806
0.6 0.5571428571428572 4806
0.6 0.5571428571428572 4806
0.6 0.5571428571428572 4806
0.6 0.5571428571428572 4806
0.6 0.5571428571428572 4806
0.6 0.5571428571428572 4812
0.6 0.5571428571428572 4812
0.6 0.5571428571428572 4812
0.6 0.5571428571428572 4812
0.6 0.5571428571428572 4812
0.6 0.5571428571428572 4812
0.6 0.5571428571428572 4812
0.6 0.5571428571428572 4812
0.6 0.5571428571428572 4812
0.6 0.5571428571428572 4812
0.6 0.5571428571428572 4812
0.6 0.5571428571428572 4812
0.6 0.5571428571428572 4812
0.6 0.5571428571428572 4814
0.6 0.5571428571428572 4814
0.6 0.5571428571428572 4814
0.6 0.5571428571428572 4814
0.6 0.5571428571428572 4814
0.6 0.5571428571428572 4814
0.6 0.5571428571428572 4814
0.6 0.5571428571428572 4820
0.6 0.5571428571428572 4820
0.6 0.5571428571428572 4820
0.6 0.5571428571428572 4820
0.6 0.5571428571428572 4820
0.6 0.5571428571428572 4820
0.6 0.5571428571428572 4820
0.6 0.5571428571428572 4820
0.6 0.5571428571428572 4820
0.6 0.5571428571428572 4820
0.6 0.5571428571428572 4826
0.6 0.5571428571428572 4826
