0.4928571428571429 0.32142857142857145 62
0.4928571428571429 0.3357142857142857 62
0.4928571428571429 0.35714285714285715 82
0.4928571428571429 0.35714285714285715 82
0.4928571428571429 0.35714285714285715 84
0.4928571428571429 0.35714285714285715 84
0.4928571428571429 0.35714285714285715 84
0.4928571428571429 0.35714285714285715 86
0.4928571428571429 0.35714285714285715 86
0.4928571428571429 0.35714285714285715 86
0.4928571428571429 0.39285714285714285 86
0.4928571428571429 0.39285714285714285 88
0.4928571428571429 0.39285714285714285 88
0.4928571428571429 0.39285714285714285 90
0.4928571428571429 0.4142857142857143 90
0.4928571428571429 0.4142857142857143 90
0.4928571428571429 0.4142857142857143 90
0.4928571428571429 0.4142857142857143 90
0.4928571428571429 0.4142857142857143 92
0.4928571428571429 0.4142857142857143 92
0.4928571428571429 0.4142857142857143 92
0.4928571428571429 0.4142857142857143 92
0.4928571428571429 0.4142857142857143 92
0.4928571428571429 0.4142857142857143 92
0.4928571428571429 0.4142857142857143 92
0.4928571428571429 0.4142857142857143 98
0.4928571428571429 0.42142857142857143 98
0.4928571428571429 0.42142857142857143 98
0.4928571428571429 0.42142857142857143 100
0.4928571428571429 0.42142857142857143 100
0.4928571428571429 0.42142857142857143 100
0.4928571428571429 0.42142857142857143 100
0.4928571428571429 0.42142857142857143 102
0.4928571428571429 0.42142857142857143 102
0.4928571428571429 0.42142857142857143 102
0.4928571428571429 0.42142857142857143 102
0.4928571428571429 0.42142857142857143 102
0.4928571428571429 0.42142857142857143 104
0.4928571428571429 0.42142857142857143 104
0.4928571428571429 0.42142857142857143 104
0.4928571428571429 0.42142857142857143 104
0.4928571428571429 0.42857142857142855 286
0.4928571428571429 0.42857142857142855 286
0.4928571428571429 0.42857142857142855 286
0.4928571428571429 0.42857142857142855 286
0.4928571428571429 0.4357142857142857 286
0.4928571428571429 0.4357142857142857 286
0.4928571428571429 0.4357142857142857 286
0.4928571428571429 0.4357142857142857 286
0.4928571428571429 0.4357142857142857 286
0.4928571428571429 0.4357142857142857 286
0.4928571428571429 0.4357142857142857 288
0.4928571428571429 0.44285714285714284 288
0.4928571428571429 0.44285714285714284 288
0.4928571428571429 0.44285714285714284 288
0.4928571428571429 0.44285714285714284 290
0.4928571428571429 0.44285714285714284 290
0.4928571428571429 0.44285714285714284 290
0.4928571428571429 0.44285714285714284 290
0.4928571428571429 0.44285714285714284 290
0.4928571428571429 0.44285714285714284 292
0.4928571428571429 0.44285714285714284 292
0.4928571428571429 0.44285714285714284 292
0.5285714285714286 0.4642857142857143 382
0.5285714285714286 0.4642857142857143 382
0.5285714285714286 0.4642857142857143 382
0.5285714285714286 0.4642857142857143 382
0.5285714285714286 0.4642857142857143 382
0.5285714285714286 0.4714285714285714 382
0.5285714285714286 0.4714285714285714 382
0.5285714285714286 0.4714285714285714 382
0.5285714285714286 0.4714285714285714 382
0.5285714285714286 0.4714285714285714 382
0.5285714285714286 0.4714285714285714 382
0.5285714285714286 0.4714285714285714 382
0.5285714285714286 0.4714285714285714 382
0.5285714285714286 0.4714285714285714 382
0.5285714285714286 0.4714285714285714 382
0.5285714285714286 0.4714285714285714 382
0.5285714285714286 0.4714285714285714 382
0.5285714285714286 0.4714285714285714 382
0.5285714285714286 0.4714285714285714 382
0.5285714285714286 0.4714285714285714 382
0.5285714285714286 0.4714285714285714 382
0.5285714285714286 0.4714285714285714 382
0.5285714285714286 0.4714285714285714 382
0.5285714285714286 0.4714285714285714 384
0.5285714285714286 0.4714285714285714 386
0.5285714285714286 0.4714285714285714 388
0.5285714285714286 0.4714285714285714 388
0.5285714285714286 0.4714285714285714 388
0.5285714285714286 0.4714285714285714 388
0.5285714285714286 0.4714285714285714 388
0.5285714285714286 0.4714285714285714 388
0.5285714285714286 0.4714285714285714 390
0.5285714285714286 0.4714285714285714 390
0.5285714285714286 0.4714285714285714 390
0.5285714285714286 0.4714285714285714 390
0.5285714285714286 0.4714285714285714 392
0.5285714285714286 0.4714285714285714 392
0.5285714285714286 0.4714285714285714 392
0.5285714285714286 0.4714285714285714 392
0.5285714285714286 0.4714285714285714 392
0.5285714285714286 0.4714285714285714 392
0.5285714285714286 0.4714285714285714 392
0.5285714285714286 0.4714285714285714 394
0.5285714285714286 0.4714285714285714 396
0.5285714285714286 0.4714285714285714 396
0.5285714285714286 0.4714285714285714 402
0.5285714285714286 0.4714285714285714 402
0.5285714285714286 0.4714285714285714 402
0.5285714285714286 0.4714285714285714 402
0.5285714285714286 0.4714285714285714 404
0.5285714285714286 0.4714285714285714 404
0.5285714285714286 0.4714285714285714 404
0.5285714285714286 0.4714285714285714 404
0.5285714285714286 0.4714285714285714 404
0.5285714285714286 0.4714285714285714 404
0.5285714285714286 0.4714285714285714 404
0.5285714285714286 0.4714285714285714 404
0.5285714285714286 0.4714285714285714 404
0.5285714285714286 0.4714285714285714 404
0.5285714285714286 0.4714285714285714 404
0.5285714285714286 0.4714285714285714 404
0.5285714285714286 0.4714285714285714 404
0.5285714285714286 0.4714285714285714 404
0.5285714285714286 0.4714285714285714 404
0.5285714285714286 0.4714285714285714 404
0.5285714285714286 0.4714285714285714 404
0.5285714285714286 0.4714285714285714 404
0.5285714285714286 0.4714285714285714 404
0.5285714285714286 0.4714285714285714 404
0.5285714285714286 0.4714285714285714 404
0.5285714285714286 0.4714285714285714 404
0.5285714285714286 0.4714285714285714 404
0.5285714285714286 0.4714285714285714 404
0.5285714285714286 0.4714285714285714 404
0.5285714285714286 0.4714285714285714 404
0.5285714285714286 0.4714285714285714 404
0.5285714285714286 0.4714285714285714 406
0.5285714285714286 0.4714285714285714 406
0.5285714285714286 0.4714285714285714 406
0.5285714285714286 0.4714285714285714 406
0.5285714285714286 0.4714285714285714 406
0.5285714285714286 0.4714285714285714 406
0.5285714285714286 0.4714285714285714 406
0.5285714285714286 0.4714285714285714 406
0.5285714285714286 0.4714285714285714 406
0.5285714285714286 0.4785714285714286 406
0.5285714285714286 0.4785714285714286 406
0.5285714285714286 0.4785714285714286 406
0.5285714285714286 0.4785714285714286 408
0.5285714285714286 0.4785714285714286 408
0.5285714285714286 0.4785714285714286 408
0.5285714285714286 0.4785714285714286 410
0.5285714285714286 0.4785714285714286 410
0.5285714285714286 0.4785714285714286 422
0.5285714285714286 0.5071428571428571 422
0.5285714285714286 0.5071428571428571 422
0.5285714285714286 0.5071428571428571 422
0.5285714285714286 0.5071428571428571 422
0.5285714285714286 0.5071428571428571 422
0.5285714285714286 0.5071428571428571 422
0.5285714285714286 0.5071428571428571 422
0.5285714285714286 0.5071428571428571 422
0.5285714285714286 0.5071428571428571 422
0.5285714285714286 0.5071428571428571 422
0.5285714285714286 0.5071428571428571 422
0.5285714285714286 0.5071428571428571 422
0.5285714285714286 0.5071428571428571 424
0.5285714285714286 0.5071428571428571 424
0.5285714285714286 0.5071428571428571 424
0.5285714285714286 0.5071428571428571 424
0.5285714285714286 0.5071428571428571 424
0.5285714285714286 0.5071428571428571 426
0.5285714285714286 0.5071428571428571 426
0.5285714285714286 0.5071428571428571 426
0.5285714285714286 0.5071428571428571 426
0.5285714285714286 0.5071428571428571 426
0.5285714285714286 0.5071428571428571 426
0.5285714285714286 0.5071428571428571 426
0.5285714285714286 0.5071428571428571 426
0.5285714285714286 0.5071428571428571 426
0.5285714285714286 0.5071428571428571 428
0.5285714285714286 0.5071428571428571 428
0.5285714285714286 0.5071428571428571 430
0.5285714285714286 0.5071428571428571 430
0.5285714285714286 0.5071428571428571 430
0.5285714285714286 0.5071428571428571 430
0.5285714285714286 0.5071428571428571 430
0.5285714285714286 0.5071428571428571 430
0.5285714285714286 0.5071428571428571 430
0.5285714285714286 0.5071428571428571 430
0.5285714285714286 0.5071428571428571 430
0.5285714285714286 0.5071428571428571 430
0.5285714285714286 0.5071428571428571 430
0.5285714285714286 0.5071428571428571 432
0.5285714285714286 0.5071428571428571 432
0.5285714285714286 0.5071428571428571 434
0.5285714285714286 0.5071428571428571 434
0.5285714285714286 0.5071428571428571 434
0.5285714285714286 0.5071428571428571 434
0.5285714285714286 0.5071428571428571 434
0.5285714285714286 0.5071428571428571 434
0.5285714285714286 0.5071428571428571 434
0.5285714285714286 0.5071428571428571 434
0.5285714285714286 0.5071428571428571 434
0.5285714285714286 0.5071428571428571 434
0.5285714285714286 0.5071428571428571 434
0.5285714285714286 0.5071428571428571 434
0.5285714285714286 0.5071428571428571 434
0.5285714285714286 0.5071428571428571 434
0.5285714285714286 0.5071428571428571 436
0.5285714285714286 0.5071428571428571 436
0.5285714285714286 0.5071428571428571 436
0.5285714285714286 0.5071428571428571 442
0.5285714285714286 0.5071428571428571 442
0.5285714285714286 0.5071428571428571 442
0.5285714285714286 0.5071428571428571 448
0.5285714285714286 0.5071428571428571 454
0.5285714285714286 0.5071428571428571 454
0.5285714285714286 0.5071428571428571 454
0.5285714285714286 0.5071428571428571 456
0.5285714285714286 0.5071428571428571 456
0.5285714285714286 0.5071428571428571 456
0.5285714285714286 0.5071428571428571 456
0.5285714285714286 0.5071428571428571 456
0.5285714285714286 0.5071428571428571 456
0.5285714285714286 0.5071428571428571 456
0.5285714285714286 0.5071428571428571 456
0.5285714285714286 0.5071428571428571 456
0.5285714285714286 0.5071428571428571 456
0.5285714285714286 0.5071428571428571 456
0.5285714285714286 0.5071428571428571 456
0.5285714285714286 0.5071428571428571 456
0.5285714285714286 0.5071428571428571 456
0.5285714285714286 0.5071428571428571 456
0.5285714285714286 0.5071428571428571 456
0.5285714285714286 0.5071428571428571 456
0.5285714285714286 0.5071428571428571 456
0.5285714285714286 0.5071428571428571 456
0.5285714285714286 0.5071428571428571 456
0.5285714285714286 0.5071428571428571 456
0.5285714285714286 0.5071428571428571 456
0.5285714285714286 0.5071428571428571 456
0.5285714285714286 0.5071428571428571 456
0.5285714285714286 0.5071428571428571 456
0.5285714285714286 0.5071428571428571 456
0.5285714285714286 0.5071428571428571 462
0.5285714285714286 0.5071428571428571 462
0.5285714285714286 0.5071428571428571 462
0.5285714285714286 0.5071428571428571 462
0.5285714285714286 0.5071428571428571 462
0.5285714285714286 0.5071428571428571 462
0.5285714285714286 0.5071428571428571 462
0.5285714285714286 0.5071428571428571 462
0.5285714285714286 0.5071428571428571 462
0.5285714285714286 0.5071428571428571 462
0.5285714285714286 0.5071428571428571 464
0.5285714285714286 0.5071428571428571 464
0.5285714285714286 0.5071428571428571 464
0.5285714285714286 0.5071428571428571 464
0.5285714285714286 0.5071428571428571 464
0.5285714285714286 0.5071428571428571 464
0.5285714285714286 0.5071428571428571 464
0.5285714285714286 0.5071428571428571 464
0.5285714285714286 0.5071428571428571 464
0.5285714285714286 0.5071428571428571 464
0.5285714285714286 0.5071428571428571 464
0.5285714285714286 0.5071428571428571 464
0.5285714285714286 0.5071428571428571 464
0.5285714285714286 0.5071428571428571 470
0.5285714285714286 0.5071428571428571 470
0.5285714285714286 0.5071428571428571 470
0.5285714285714286 0.5071428571428571 470
0.5285714285714286 0.5071428571428571 470
0.5285714285714286 0.5071428571428571 470
0.5285714285714286 0.5071428571428571 472
0.5285714285714286 0.5071428571428571 474
0.5285714285714286 0.5071428571428571 474
0.5285714285714286 0.5071428571428571 474
0.5285714285714286 0.5071428571428571 474
0.5285714285714286 0.5071428571428571 474
0.5285714285714286 0.5071428571428571 474
0.5285714285714286 0.5071428571428571 474
0.5285714285714286 0.5071428571428571 474
0.5285714285714286 0.5071428571428571 474
0.5285714285714286 0.5071428571428571 474
0.5285714285714286 0.5071428571428571 474
0.5285714285714286 0.5071428571428571 474
0.5285714285714286 0.5071428571428571 474
0.5285714285714286 0.5071428571428571 474
0.5285714285714286 0.5071428571428571 474
0.5285714285714286 0.5071428571428571 474
0.5285714285714286 0.5071428571428571 474
0.5285714285714286 0.5071428571428571 474
0.5285714285714286 0.5071428571428571 474
0.5285714285714286 0.5071428571428571 516
0.5285714285714286 0.5071428571428571 516
0.5285714285714286 0.5071428571428571 516
0.5285714285714286 0.5071428571428571 516
0.5285714285714286 0.5071428571428571 516
0.5285714285714286 0.5071428571428571 518
0.5285714285714286 0.5071428571428571 518
0.5285714285714286 0.5071428571428571 518
0.5285714285714286 0.5071428571428571 518
0.5285714285714286 0.5071428571428571 518
0.5285714285714286 0.5071428571428571 520
0.5285714285714286 0.5071428571428571 520
0.5285714285714286 0.5071428571428571 520
0.5285714285714286 0.5071428571428571 520
0.5285714285714286 0.5071428571428571 520
0.5285714285714286 0.5071428571428571 520
0.5285714285714286 0.5071428571428571 520
0.5285714285714286 0.5071428571428571 520
0.5285714285714286 0.5071428571428571 520
0.5285714285714286 0.5071428571428571 520
0.5285714285714286 0.5071428571428571 520
0.5285714285714286 0.5071428571428571 520
0.5285714285714286 0.5071428571428571 522
0.5285714285714286 0.5071428571428571 522
0.5285714285714286 0.5071428571428571 522
0.5285714285714286 0.5071428571428571 578
0.5285714285714286 0.5071428571428571 608
0.5285714285714286 0.5071428571428571 608
0.5285714285714286 0.5071428571428571 608
0.5285714285714286 0.5071428571428571 608
0.5285714285714286 0.5071428571428571 610
0.5285714285714286 0.5071428571428571 610
0.5285714285714286 0.5071428571428571 610
0.5285714285714286 0.5071428571428571 610
0.5285714285714286 0.5071428571428571 610
0.5285714285714286 0.5071428571428571 610
0.5285714285714286 0.5071428571428571 610
0.6285714285714286 0.6071428571428571 3802
0.6285714285714286 0.6071428571428571 3802
0.6285714285714286 0.6071428571428571 3802
0.6285714285714286 0.6071428571428571 3802
0.6285714285714286 0.6071428571428571 3802
0.6285714285714286 0.6071428571428571 3802
0.6285714285714286 0.6071428571428571 3802
0.6285714285714286 0.6071428571428571 3802
0.6285714285714286 0.6071428571428571 3802
0.6285714285714286 0.6071428571428571 3802
0.6285714285714286 0.6071428571428571 3802
0.6285714285714286 0.6071428571428571 3802
0.6285714285714286 0.6071428571428571 3802
0.6285714285714286 0.6071428571428571 3802
0.6285714285714286 0.6071428571428571 3808
0.6285714285714286 0.6071428571428571 3808
0.6285714285714286 0.6071428571428571 3808
0.6285714285714286 0.6071428571428571 3808
0.6285714285714286 0.6071428571428571 3808
0.6285714285714286 0.6071428571428571 3810
0.6285714285714286 0.6071428571428571 3810
0.6285714285714286 0.6071428571428571 3810
0.6285714285714286 0.6071428571428571 3810
0.6285714285714286 0.6071428571428571 3810
0.6285714285714286 0.6071428571428571 3810
0.6285714285714286 0.6071428571428571 3812
0.6285714285714286 0.6071428571428571 3812
0.6285714285714286 0.6071428571428571 4118
0.6285714285714286 0.6071428571428571 4118
0.6285714285714286 0.6 4228
0.6285714285714286 0.6 4228
0.6285714285714286 0.6 4228
0.6285714285714286 0.5928571428571429 4230
0.6285714285714286 0.5928571428571429 4230
0.6285714285714286 0.5928571428571429 4232
0.6285714285714286 0.5928571428571429 4232
0.6285714285714286 0.5928571428571429 4232
0.6285714285714286 0.5928571428571429 4232
0.6285714285714286 0.5928571428571429 4234
0.6285714285714286 0.5928571428571429 4234
0.6214285714285714 0.5857142857142857 4240
0.6214285714285714 0.5857142857142857 4240
0.6214285714285714 0.5857142857142857 4240
0.6214285714285714 0.5857142857142857 4240
0.6214285714285714 0.5857142857142857 4242
0.6214285714285714 0.5857142857142857 4242
0.6214285714285714 0.5857142857142857 4242
0.6214285714285714 0.5857142857142857 4242
0.6214285714285714 0.5857142857142857 4242
0.6214285714285714 0.5857142857142857 4242
0.6214285714285714 0.5857142857142857 4262
0.6214285714285714 0.5857142857142857 4264
0.6214285714285714 0.5857142857142857 4264
0.6214285714285714 0.5857142857142857 4264
0.6214285714285714 0.5857142857142857 4264
0.6214285714285714 0.5857142857142857 4264
0.6214285714285714 0.5857142857142857 4264
0.6214285714285714 0.5857142857142857 4264
0.6214285714285714 0.5857142857142857 4264
0.6214285714285714 0.5857142857142857 4264
0.6214285714285714 0.5857142857142857 4266
0.6214285714285714 0.5857142857142857 4266
0.6214285714285714 0.5857142857142857 4266
0.6214285714285714 0.5857142857142857 4266
0.6214285714285714 0.5857142857142857 4266
0.6214285714285714 0.5857142857142857 4266
0.6214285714285714 0.5857142857142857 4268
0.6214285714285714 0.5857142857142857 4268
0.6214285714285714 0.5857142857142857 4268
0.6214285714285714 0.5857142857142857 4268
0.6214285714285714 0.5857142857142857 4268
0.6214285714285714 0.5857142857142857 4268
0.6214285714285714 0.5857142857142857 4268
0.6214285714285714 0.5857142857142857 4268
0.6214285714285714 0.5857142857142857 4280
0.6214285714285714 0.5857142857142857 4280
0.6214285714285714 0.5857142857142857 4280
0.6214285714285714 0.5857142857142857 4280
0.6214285714285714 0.5857142857142857 4280
0.6214285714285714 0.5857142857142857 4280
0.6214285714285714 0.5857142857142857 4280
0.6214285714285714 0.5857142857142857 4282
0.6285714285714286 0.6 4392
0.6285714285714286 0.6 4392
0.6285714285714286 0.6 4392
0.6285714285714286 0.6 4392
0.6285714285714286 0.6 4422
0.6285714285714286 0.6 4422
0.6285714285714286 0.6 4422
0.6285714285714286 0.6 4424
0.6285714285714286 0.6 4424
0.6285714285714286 0.6 4424
0.6285714285714286 0.6 4424
0.6285714285714286 0.6 4606
0.6285714285714286 0.6 4606
0.6285714285714286 0.6 4606
0.6285714285714286 0.5928571428571429 4606
0.6285714285714286 0.5928571428571429 4606
0.6285714285714286 0.5928571428571429 4606
0.6285714285714286 0.5928571428571429 4606
0.6285714285714286 0.5928571428571429 4606
0.6285714285714286 0.6 4606
0.6285714285714286 0.6 4606
0.6285714285714286 0.6 4606
0.6285714285714286 0.6 4612
0.6285714285714286 0.6 4612
0.6285714285714286 0.6 4612
0.6285714285714286 0.6 4612
0.6285714285714286 0.6 4614
0.6285714285714286 0.6 4616
0.6285714285714286 0.6 4616
0.6285714285714286 0.6 4616
0.6285714285714286 0.6 4616
0.6285714285714286 0.6 4688
0.6285714285714286 0.6 4688
0.6285714285714286 0.6 4694
0.6285714285714286 0.6 4694
0.6285714285714286 0.6 4696
0.6285714285714286 0.6 4698
0.6285714285714286 0.6 4698
0.6285714285714286 0.6 4700
0.6285714285714286 0.6 4700
0.6285714285714286 0.6 4700
0.6285714285714286 0.6 4700
0.6285714285714286 0.6 4700
0.6285714285714286 0.6 4700
0.6285714285714286 0.6 4700
0.6285714285714286 0.6 4700
0.6285714285714286 0.6 4700
0.6285714285714286 0.6 4700
0.6285714285714286 0.6 4700
0.6285714285714286 0.6 4700
0.6285714285714286 0.6 4702
0.6285714285714286 0.6 4702
0.6285714285714286 0.6 4702
0.6285714285714286 0.6 4702
0.6285714285714286 0.6 4702
0.6285714285714286 0.6 4702
0.6285714285714286 0.6 4702
0.6285714285714286 0.6 4702
0.6285714285714286 0.6 4702
0.6285714285714286 0.6 4702
0.6285714285714286 0.6 4702
0.6285714285714286 0.6 4702
0.6285714285714286 0.6 4702
0.6285714285714286 0.6 4702
0.6285714285714286 0.6 4702
0.6285714285714286 0.6 4702
0.6285714285714286 0.6 4702
0.6285714285714286 0.6 4702
0.6285714285714286 0.6 4702
0.6285714285714286 0.5928571428571429 4702
0.6285714285714286 0.5928571428571429 4704
0.6285714285714286 0.5928571428571429 4704
0.6285714285714286 0.5928571428571429 4704
0.6285714285714286 0.5928571428571429 4704
0.6285714285714286 0.5928571428571429 4704
0.6285714285714286 0.5928571428571429 4704
0.6285714285714286 0.5928571428571429 4710
0.6285714285714286 0.5928571428571429 4710
0.6285714285714286 0.5928571428571429 4712
0.6285714285714286 0.5928571428571429 4712
0.6285714285714286 0.5928571428571429 4712
0.6285714285714286 0.6 4712
0.6285714285714286 0.6 4714
0.6285714285714286 0.6 4714
0.6285714285714286 0.6 4714
0.6285714285714286 0.6 4714
0.6285714285714286 0.6 4714
0.6285714285714286 0.6 4714
0.6285714285714286 0.6 4714
0.6285714285714286 0.6 4714
0.6285714285714286 0.6 4714
0.6285714285714286 0.6 4714
0.6285714285714286 0.6 4714
0.6285714285714286 0.6 4714
0.6285714285714286 0.6 4714
0.6285714285714286 0.6 4714
0.6285714285714286 0.6 4714
0.6285714285714286 0.6 4714
0.6285714285714286 0.6 4714
0.6285714285714286 0.6 4714
0.6285714285714286 0.6 4714
0.6285714285714286 0.6 4714
0.6285714285714286 0.6 4714
0.6285714285714286 0.6 4714
0.6285714285714286 0.6 4714
0.6285714285714286 0.6 4714
0.6285714285714286 0.6 4714
0.6285714285714286 0.6 4714
0.6285714285714286 0.6 4714
0.6285714285714286 0.6 4714
0.6285714285714286 0.6 4714
0.6285714285714286 0.6 4714
0.6285714285714286 0.6 4714
0.6285714285714286 0.6 4714
0.6285714285714286 0.6 4714
0.6285714285714286 0.6 4714
0.6285714285714286 0.6 4714
0.6285714285714286 0.6 4714
0.6285714285714286 0.6 4714
0.6285714285714286 0.6 4714
0.6285714285714286 0.6 4714
0.6285714285714286 0.6 4714
0.6285714285714286 0.6 4714
0.6285714285714286 0.6 4714
0.6285714285714286 0.6 4714
0.6285714285714286 0.6 4714
0.6285714285714286 0.6 4714
0.6285714285714286 0.6 4714
0.6285714285714286 0.6 4714
0.6285714285714286 0.6 4714
0.6285714285714286 0.6 4714
0.6285714285714286 0.6 4714
0.6285714285714286 0.6 4716
0.6285714285714286 0.6 4716
0.6285714285714286 0.6 4716
0.6285714285714286 0.6 4716
0.6285714285714286 0.6 4718
0.6285714285714286 0.6 4718
0.6285714285714286 0.6 4718
0.6285714285714286 0.6 4718
0.6285714285714286 0.6 4724
0.6285714285714286 0.6 4724
0.6285714285714286 0.6 4724
0.6285714285714286 0.6 4724
0.6285714285714286 0.6 4724
0.6285714285714286 0.6 4724
0.6285714285714286 0.6 4724
0.6285714285714286 0.6 4724
0.6285714285714286 0.6 4724
0.6285714285714286 0.6 4724
0.6285714285714286 0.6 4724
0.6285714285714286 0.6 4724
0.6285714285714286 0.6 4724
0.6285714285714286 0.6 4724
0.6285714285714286 0.6 4724
0.6285714285714286 0.6 4724
0.6285714285714286 0.6 4724
0.6285714285714286 0.6 4724
0.6285714285714286 0.6 4724
0.6285714285714286 0.6 4726
0.6285714285714286 0.6 4726
0.6285714285714286 0.6 4726
0.6285714285714286 0.6071428571428571 4726
0.6285714285714286 0.6071428571428571 4726
0.6285714285714286 0.6071428571428571 4726
0.6285714285714286 0.6142857142857143 4726
0.6285714285714286 0.6142857142857143 4728
0.6285714285714286 0.6142857142857143 4728
0.6285714285714286 0.6142857142857143 4728
0.6285714285714286 0.6142857142857143 4730
0.6285714285714286 0.6142857142857143 4730
0.6285714285714286 0.6071428571428571 4730
0.6285714285714286 0.6142857142857143 4730
0.6285714285714286 0.6142857142857143 4730
0.6285714285714286 0.6142857142857143 4730
0.6285714285714286 0.6142857142857143 4730
0.6285714285714286 0.6142857142857143 4730
0.6285714285714286 0.6142857142857143 4730
0.6285714285714286 0.6142857142857143 4730
0.6285714285714286 0.6142857142857143 4730
0.6285714285714286 0.6142857142857143 4730
0.6285714285714286 0.6071428571428571 4736
0.6285714285714286 0.6142857142857143 4736
0.6285714285714286 0.6071428571428571 4742
0.6285714285714286 0.6071428571428571 4742
0.6285714285714286 0.6 4784
0.6285714285714286 0.6 4784
0.6285714285714286 0.6 4784
0.6285714285714286 0.6 4784
0.6285714285714286 0.6 4784
0.6285714285714286 0.6 4786
0.6285714285714286 0.6 4786
0.6285714285714286 0.6071428571428571 4786
0.6285714285714286 0.6071428571428571 4786
0.6285714285714286 0.6 4792
0.6285714285714286 0.6 4792
0.6285714285714286 0.6 4798
0.6285714285714286 0.6 4798
0.6285714285714286 0.6 4798
0.6285714285714286 0.6 4798
0.6285714285714286 0.6 4798
0.6285714285714286 0.6 4798
0.6285714285714286 0.6 4798
0.6285714285714286 0.6 4798
0.6285714285714286 0.6 4798
0.6285714285714286 0.6 4798
0.6285714285714286 0.6 4798
0.6285714285714286 0.6 4798
0.6285714285714286 0.6 4800
0.6285714285714286 0.6 4800
0.6285714285714286 0.6 4800
0.6285714285714286 0.6 4800
0.6285714285714286 0.6142857142857143 4800
0.6285714285714286 0.6142857142857143 4800
0.6285714285714286 0.6142857142857143 4800
0.6285714285714286 0.6142857142857143 4802
0.6285714285714286 0.6142857142857143 4802
0.6285714285714286 0.6142857142857143 4808
0.6285714285714286 0.6142857142857143 4808
0.6285714285714286 0.6142857142857143 4810
0.6285714285714286 0.6142857142857143 4810
0.6285714285714286 0.6142857142857143 4810
0.6285714285714286 0.6142857142857143 4810
0.6285714285714286 0.6142857142857143 4810
0.6285714285714286 0.6142857142857143 4810
0.6285714285714286 0.6142857142857143 4810
0.6285714285714286 0.6142857142857143 4810
0.6285714285714286 0.6142857142857143 4810
0.6285714285714286 0.6142857142857143 4810
0.6285714285714286 0.6142857142857143 4810
0.6285714285714286 0.6142857142857143 4810
0.6285714285714286 0.6142857142857143 4810
0.6285714285714286 0.6142857142857143 4810
0.6285714285714286 0.6142857142857143 4810
0.6285714285714286 0.6142857142857143 4816
0.6285714285714286 0.6142857142857143 4816
0.6285714285714286 0.6142857142857143 4818
0.6285714285714286 0.6142857142857143 4824
0.6285714285714286 0.6142857142857143 4824
0.6285714285714286 0.6142857142857143 4824
0.6285714285714286 0.6142857142857143 4824
0.6285714285714286 0.6142857142857143 4824
0.6285714285714286 0.6142857142857143 4824
0.6285714285714286 0.6142857142857143 4824
0.6285714285714286 0.6142857142857143 4824
0.6285714285714286 0.6142857142857143 4824
0.6285714285714286 0.6142857142857143 4824
0.6285714285714286 0.6142857142857143 4824
0.6285714285714286 0.6142857142857143 4824
0.6285714285714286 0.6142857142857143 4826
0.6285714285714286 0.6142857142857143 4826
0.6285714285714286 0.6142857142857143 4826
