0.5 0.2642857142857143 62
0.5 0.2642857142857143 62
0.5 0.2857142857142857 62
0.5 0.2857142857142857 62
0.5 0.2857142857142857 62
0.5 0.29285714285714287 62
0.5 0.3142857142857143 62
0.5 0.3142857142857143 62
0.5 0.3357142857142857 68
0.5 0.37857142857142856 68
0.5 0.37857142857142856 68
0.5 0.37857142857142856 68
0.5 0.39285714285714285 68
0.5 0.39285714285714285 68
0.5 0.39285714285714285 68
0.5 0.39285714285714285 68
0.5 0.39285714285714285 68
0.5 0.39285714285714285 68
0.5 0.39285714285714285 68
0.5 0.39285714285714285 68
0.5 0.39285714285714285 68
0.5 0.39285714285714285 68
0.5 0.39285714285714285 68
0.5 0.39285714285714285 68
0.5 0.39285714285714285 70
0.5 0.39285714285714285 70
0.5 0.39285714285714285 70
0.5 0.39285714285714285 70
0.5 0.39285714285714285 70
0.5 0.39285714285714285 70
0.5 0.39285714285714285 70
0.5 0.39285714285714285 70
0.5 0.39285714285714285 70
0.5 0.39285714285714285 70
0.5 0.39285714285714285 70
0.5 0.39285714285714285 70
0.5 0.39285714285714285 70
0.5 0.39285714285714285 70
0.5 0.39285714285714285 70
0.5 0.39285714285714285 70
0.5 0.4 72
0.5 0.4 74
0.5 0.4 74
0.5 0.4 74
0.5 0.4 74
0.5 0.4 74
0.5 0.4 74
0.5 0.4 76
0.5 0.40714285714285714 76
0.5 0.40714285714285714 76
0.5 0.40714285714285714 76
0.5 0.40714285714285714 76
0.5 0.40714285714285714 76
0.5 0.40714285714285714 78
0.5 0.40714285714285714 78
0.5 0.40714285714285714 78
0.5 0.40714285714285714 78
0.5 0.40714285714285714 78
0.5 0.40714285714285714 80
0.5 0.40714285714285714 80
0.5 0.40714285714285714 80
0.5 0.40714285714285714 80
0.5 0.40714285714285714 80
0.5 0.40714285714285714 80
0.5 0.40714285714285714 80
0.5 0.40714285714285714 80
0.5 0.40714285714285714 80
0.5 0.40714285714285714 80
0.5 0.40714285714285714 80
0.5 0.40714285714285714 80
0.5 0.40714285714285714 80
0.5 0.40714285714285714 80
0.5 0.40714285714285714 80
0.5 0.40714285714285714 80
0.5 0.40714285714285714 80
0.5 0.40714285714285714 80
0.5 0.40714285714285714 80
0.5 0.40714285714285714 80
0.5 0.40714285714285714 80
0.5 0.40714285714285714 80
0.5 0.40714285714285714 80
0.5 0.40714285714285714 80
0.5 0.40714285714285714 82
0.5 0.40714285714285714 84
0.5 0.40714285714285714 84
0.5 0.40714285714285714 84
0.5 0.40714285714285714 84
0.5 0.40714285714285714 84
0.5 0.40714285714285714 84
0.5 0.40714285714285714 84
0.5 0.40714285714285714 84
0.5 0.40714285714285714 84
0.5 0.40714285714285714 84
0.5 0.40714285714285714 84
0.5 0.40714285714285714 84
0.5 0.40714285714285714 86
0.5 0.40714285714285714 86
0.5 0.40714285714285714 86
0.5 0.40714285714285714 86
0.5 0.40714285714285714 86
0.5 0.40714285714285714 86
0.5 0.40714285714285714 86
0.5 0.40714285714285714 86
0.5 0.40714285714285714 86
0.5 0.40714285714285714 86
0.5 0.40714285714285714 86
0.5 0.40714285714285714 86
0.5 0.40714285714285714 86
0.5 0.40714285714285714 86
0.5 0.40714285714285714 86
0.5 0.40714285714285714 86
0.5 0.40714285714285714 88
0.5 0.40714285714285714 88
0.5 0.40714285714285714 88
0.5 0.40714285714285714 88
0.5 0.40714285714285714 88
0.5 0.40714285714285714 88
0.5 0.40714285714285714 88
0.5 0.40714285714285714 88
0.5 0.40714285714285714 88
0.5 0.40714285714285714 88
0.5 0.40714285714285714 88
0.5 0.40714285714285714 88
0.5 0.4142857142857143 88
0.5 0.4142857142857143 88
0.5 0.4142857142857143 88
0.5 0.4142857142857143 88
0.5 0.4142857142857143 88
0.5 0.4142857142857143 88
0.5 0.4142857142857143 88
0.5 0.4142857142857143 88
0.5 0.4142857142857143 88
0.5 0.4142857142857143 88
0.5 0.4142857142857143 88
0.5 0.4142857142857143 90
0.5 0.4142857142857143 90
0.5 0.4142857142857143 90
0.5 0.4142857142857143 96
0.5 0.4142857142857143 96
0.5 0.4142857142857143 96
0.5 0.4142857142857143 96
0.5 0.4142857142857143 96
0.5 0.4142857142857143 96
0.5 0.4142857142857143 102
0.5 0.4142857142857143 102
0.5 0.4142857142857143 102
0.5 0.4142857142857143 102
0.5 0.42142857142857143 102
0.5 0.42857142857142855 102
0.5 0.42857142857142855 102
0.5 0.42857142857142855 102
0.5 0.4357142857142857 102
0.5 0.4357142857142857 102
0.5 0.4357142857142857 102
0.5 0.4357142857142857 102
0.5 0.4357142857142857 104
0.5 0.4357142857142857 104
0.5 0.4357142857142857 104
0.5 0.4357142857142857 110
0.5 0.4357142857142857 110
0.5 0.4357142857142857 110
0.5 0.4357142857142857 110
0.5 0.4357142857142857 110
0.5 0.4357142857142857 110
0.5 0.4357142857142857 110
0.5 0.4357142857142857 110
0.5 0.4357142857142857 110
0.5 0.4357142857142857 110
0.5 0.4357142857142857 110
0.5 0.4357142857142857 110
0.5 0.4357142857142857 110
0.5 0.4357142857142857 110
0.5 0.4357142857142857 110
0.5 0.4357142857142857 110
0.5 0.4357142857142857 116
0.5 0.4357142857142857 116
0.5 0.4357142857142857 116
0.5 0.4357142857142857 116
0.5 0.4357142857142857 116
0.5 0.4357142857142857 116
0.5 0.4357142857142857 116
0.5 0.4357142857142857 116
0.5 0.4357142857142857 116
0.5 0.4357142857142857 116
0.5 0.4357142857142857 116
0.5 0.4357142857142857 116
0.5 0.4357142857142857 172
0.5 0.4357142857142857 172
0.5 0.4357142857142857 172
0.5 0.4357142857142857 172
0.5 0.4357142857142857 174
0.55 0.4785714285714286 284
0.55 0.4785714285714286 284
0.55 0.4785714285714286 284
0.55 0.4785714285714286 284
0.55 0.4785714285714286 284
0.55 0.4785714285714286 284
0.55 0.4785714285714286 284
0.55 0.4785714285714286 284
0.55 0.4785714285714286 284
0.55 0.4785714285714286 284
0.55 0.4785714285714286 284
0.55 0.4785714285714286 284
0.55 0.4785714285714286 284
0.55 0.4785714285714286 286
0.55 0.4785714285714286 286
0.55 0.4785714285714286 286
0.5857142857142857 0.4857142857142857 3478
0.5857142857142857 0.4857142857142857 3478
0.5857142857142857 0.4857142857142857 3480
0.5857142857142857 0.4857142857142857 3482
0.5857142857142857 0.4857142857142857 3482
0.5857142857142857 0.4857142857142857 3482
0.5857142857142857 0.4857142857142857 3482
0.5857142857142857 0.4857142857142857 3482
0.5857142857142857 0.4857142857142857 3484
0.5857142857142857 0.4785714285714286 3484
0.5857142857142857 0.4785714285714286 3484
0.5857142857142857 0.4785714285714286 3484
0.5857142857142857 0.4857142857142857 3484
0.5857142857142857 0.4785714285714286 3484
0.5857142857142857 0.4785714285714286 3484
0.5857142857142857 0.4785714285714286 3484
0.5857142857142857 0.4785714285714286 3484
0.5857142857142857 0.4785714285714286 3484
0.5857142857142857 0.4785714285714286 3484
0.5857142857142857 0.4785714285714286 3484
0.5857142857142857 0.4785714285714286 3484
0.5857142857142857 0.4785714285714286 3484
0.5857142857142857 0.4785714285714286 3486
0.5857142857142857 0.4785714285714286 3488
0.5857142857142857 0.4785714285714286 3488
0.5857142857142857 0.4785714285714286 3488
0.5857142857142857 0.4928571428571429 3578
0.5857142857142857 0.4928571428571429 3578
0.5857142857142857 0.4928571428571429 3578
0.5857142857142857 0.4928571428571429 3578
0.5857142857142857 0.5 3578
0.5857142857142857 0.5 3578
0.5857142857142857 0.5 3580
0.5857142857142857 0.5 3582
0.5857142857142857 0.5 3582
0.5857142857142857 0.5071428571428571 3582
0.5857142857142857 0.5071428571428571 3582
0.5857142857142857 0.5071428571428571 3584
0.5857142857142857 0.5071428571428571 3584
0.5857142857142857 0.5071428571428571 3584
0.5857142857142857 0.5071428571428571 3584
0.6285714285714286 0.5142857142857142 3694
0.6285714285714286 0.5142857142857142 3694
0.6285714285714286 0.5214285714285715 3694
0.6285714285714286 0.5214285714285715 3696
0.6285714285714286 0.5214285714285715 3696
0.6285714285714286 0.5214285714285715 3696
0.6285714285714286 0.5214285714285715 3696
0.6285714285714286 0.5214285714285715 3696
0.6285714285714286 0.5214285714285715 3696
0.6285714285714286 0.5214285714285715 3696
0.6285714285714286 0.5214285714285715 3696
0.6285714285714286 0.5214285714285715 3696
0.6285714285714286 0.5214285714285715 3696
0.6285714285714286 0.5214285714285715 3696
0.6285714285714286 0.5214285714285715 3696
0.6285714285714286 0.5214285714285715 3698
0.6285714285714286 0.5214285714285715 3698
0.6285714285714286 0.5214285714285715 3698
0.6285714285714286 0.5214285714285715 3698
0.6285714285714286 0.5214285714285715 3698
0.6285714285714286 0.5214285714285715 3698
0.6285714285714286 0.5214285714285715 3880
0.6285714285714286 0.5214285714285715 3880
0.6285714285714286 0.5214285714285715 3880
0.6285714285714286 0.5214285714285715 3880
0.6285714285714286 0.5214285714285715 3880
0.6285714285714286 0.5214285714285715 3880
0.6285714285714286 0.5214285714285715 3880
0.6285714285714286 0.5214285714285715 3880
0.6285714285714286 0.5214285714285715 3880
0.6285714285714286 0.5214285714285715 3880
0.6285714285714286 0.5214285714285715 3880
0.6285714285714286 0.5214285714285715 3880
0.6285714285714286 0.5214285714285715 3880
0.6285714285714286 0.5214285714285715 3880
0.6285714285714286 0.5214285714285715 3880
0.6285714285714286 0.5214285714285715 3880
0.6285714285714286 0.5214285714285715 3880
0.6285714285714286 0.5214285714285715 3880
0.6285714285714286 0.5214285714285715 3880
0.6285714285714286 0.5214285714285715 3882
0.6285714285714286 0.5214285714285715 3882
0.6285714285714286 0.5214285714285715 3882
0.6285714285714286 0.5214285714285715 3882
0.6285714285714286 0.5214285714285715 3882
0.6285714285714286 0.5214285714285715 3882
0.6285714285714286 0.5214285714285715 3882
0.6285714285714286 0.5214285714285715 3882
0.6285714285714286 0.5142857142857142 3884
0.6285714285714286 0.5142857142857142 3884
0.6285714285714286 0.5071428571428571 3886
0.6285714285714286 0.5071428571428571 3888
0.6285714285714286 0.5071428571428571 3888
0.6285714285714286 0.5142857142857142 3888
0.6285714285714286 0.5142857142857142 3888
0.6285714285714286 0.5142857142857142 3888
0.6285714285714286 0.5142857142857142 3888
0.6285714285714286 0.5142857142857142 3888
0.6285714285714286 0.5142857142857142 3888
0.6285714285714286 0.5142857142857142 3888
0.6285714285714286 0.5142857142857142 3888
0.6285714285714286 0.5142857142857142 3888
0.6285714285714286 0.5142857142857142 3888
0.6285714285714286 0.5142857142857142 3888
0.6285714285714286 0.5142857142857142 3894
0.6285714285714286 0.5142857142857142 3894
0.6285714285714286 0.5142857142857142 3894
0.6285714285714286 0.5142857142857142 3894
0.6285714285714286 0.5142857142857142 3900
0.6285714285714286 0.5142857142857142 3900
0.6285714285714286 0.5142857142857142 3900
0.6285714285714286 0.5285714285714286 3942
0.6285714285714286 0.5285714285714286 3942
0.6285714285714286 0.5285714285714286 3942
0.6285714285714286 0.5285714285714286 3942
0.6285714285714286 0.5285714285714286 3942
0.6285714285714286 0.5285714285714286 3942
0.6285714285714286 0.5285714285714286 3942
0.6285714285714286 0.5285714285714286 3942
0.6285714285714286 0.5285714285714286 3942
0.6285714285714286 0.5357142857142857 3942
0.6285714285714286 0.5357142857142857 3942
0.6285714285714286 0.5285714285714286 3942
0.6285714285714286 0.5285714285714286 3942
0.6285714285714286 0.5285714285714286 3942
0.6285714285714286 0.5285714285714286 3942
0.6285714285714286 0.5285714285714286 3942
0.6285714285714286 0.5285714285714286 3942
0.6285714285714286 0.5285714285714286 3944
0.6285714285714286 0.5285714285714286 3944
0.6285714285714286 0.5285714285714286 3944
0.6285714285714286 0.5285714285714286 3950
0.6285714285714286 0.5285714285714286 3950
0.6285714285714286 0.5285714285714286 3950
0.6285714285714286 0.5285714285714286 3952
0.6285714285714286 0.5285714285714286 3952
0.6285714285714286 0.5285714285714286 3952
0.6285714285714286 0.5285714285714286 3952
0.6285714285714286 0.5285714285714286 3952
0.6285714285714286 0.5285714285714286 3954
0.6285714285714286 0.5285714285714286 3960
0.6285714285714286 0.5285714285714286 3960
0.6285714285714286 0.5285714285714286 3960
0.6285714285714286 0.5285714285714286 3960
0.6285714285714286 0.5285714285714286 3960
0.6285714285714286 0.5285714285714286 3960
0.6285714285714286 0.5285714285714286 3960
0.6285714285714286 0.5285714285714286 3960
0.6285714285714286 0.5285714285714286 3960
0.6285714285714286 0.5285714285714286 3962
0.6285714285714286 0.5285714285714286 3962
0.6285714285714286 0.5357142857142857 3962
0.6285714285714286 0.5357142857142857 3962
0.6285714285714286 0.5357142857142857 3962
0.6285714285714286 0.5357142857142857 3962
0.6285714285714286 0.5357142857142857 3962
0.6285714285714286 0.5357142857142857 3962
0.6285714285714286 0.5357142857142857 3962
0.6285714285714286 0.5357142857142857 3964
0.6285714285714286 0.5357142857142857 3964
0.6285714285714286 0.5357142857142857 3964
0.6285714285714286 0.5357142857142857 3964
0.6285714285714286 0.5357142857142857 3964
0.6285714285714286 0.5285714285714286 3966
0.6285714285714286 0.5357142857142857 3966
0.6285714285714286 0.5357142857142857 3966
0.6285714285714286 0.5357142857142857 3966
0.6285714285714286 0.5285714285714286 3968
0.6285714285714286 0.5285714285714286 3968
0.6285714285714286 0.5285714285714286 3970
0.6285714285714286 0.5285714285714286 3970
0.6285714285714286 0.5285714285714286 3970
0.6285714285714286 0.5285714285714286 3970
0.6285714285714286 0.5285714285714286 3970
0.6285714285714286 0.5285714285714286 3970
0.6285714285714286 0.5285714285714286 3970
0.6285714285714286 0.5285714285714286 3972
0.6285714285714286 0.5285714285714286 3972
0.6285714285714286 0.5285714285714286 3972
0.6285714285714286 0.5285714285714286 3972
0.6285714285714286 0.5285714285714286 3974
0.6285714285714286 0.5285714285714286 3974
0.6285714285714286 0.5285714285714286 3976
0.6285714285714286 0.5285714285714286 3976
0.6285714285714286 0.5285714285714286 3976
0.6285714285714286 0.5285714285714286 3976
0.6285714285714286 0.5285714285714286 3976
0.6285714285714286 0.5285714285714286 3976
0.6285714285714286 0.5285714285714286 3976
0.6285714285714286 0.5357142857142857 3976
0.6285714285714286 0.5357142857142857 3976
0.6285714285714286 0.5357142857142857 3976
0.6285714285714286 0.5357142857142857 3976
0.6285714285714286 0.5357142857142857 3978
0.6285714285714286 0.5357142857142857 3980
0.6285714285714286 0.5357142857142857 3980
0.6285714285714286 0.5285714285714286 3980
0.6285714285714286 0.5285714285714286 3980
0.6285714285714286 0.5285714285714286 3980
0.6285714285714286 0.5285714285714286 3980
0.6285714285714286 0.5214285714285715 3980
0.6285714285714286 0.5285714285714286 3980
0.6285714285714286 0.5357142857142857 3980
0.6285714285714286 0.5357142857142857 3980
0.6285714285714286 0.5285714285714286 3982
0.6285714285714286 0.5285714285714286 3982
0.6285714285714286 0.5285714285714286 3982
0.6285714285714286 0.5285714285714286 3982
0.6285714285714286 0.5571428571428572 3994
0.6285714285714286 0.5571428571428572 3994
0.6285714285714286 0.5571428571428572 3994
0.6285714285714286 0.5571428571428572 3994
0.6285714285714286 0.5571428571428572 3994
0.6285714285714286 0.5571428571428572 3994
0.6285714285714286 0.5571428571428572 3996
0.6285714285714286 0.5571428571428572 3996
0.6285714285714286 0.5571428571428572 3996
0.6285714285714286 0.5571428571428572 3996
0.6285714285714286 0.5571428571428572 3996
0.6285714285714286 0.5571428571428572 3996
0.6285714285714286 0.5571428571428572 3996
0.6285714285714286 0.5571428571428572 3996
0.6285714285714286 0.5571428571428572 3998
0.6285714285714286 0.5571428571428572 3998
0.6285714285714286 0.5571428571428572 3998
0.6285714285714286 0.5571428571428572 3998
0.6285714285714286 0.5571428571428572 3998
0.6285714285714286 0.5571428571428572 3998
0.6285714285714286 0.5571428571428572 3998
0.6285714285714286 0.5571428571428572 3998
0.6285714285714286 0.5571428571428572 3998
0.6285714285714286 0.5571428571428572 3998
0.6285714285714286 0.5571428571428572 3998
0.6285714285714286 0.5571428571428572 3998
0.6285714285714286 0.5571428571428572 3998
0.6285714285714286 0.5571428571428572 3998
0.6285714285714286 0.5571428571428572 3998
0.6285714285714286 0.5571428571428572 3998
0.6285714285714286 0.5571428571428572 3998
0.6285714285714286 0.5571428571428572 3998
0.6285714285714286 0.5571428571428572 3998
0.6285714285714286 0.5571428571428572 4000
0.6285714285714286 0.5571428571428572 4000
0.6285714285714286 0.5571428571428572 4002
0.6285714285714286 0.5571428571428572 4002
0.6285714285714286 0.55 4002
0.6285714285714286 0.55 4002
0.6285714285714286 0.55 4004
0.6285714285714286 0.55 4004
0.6285714285714286 0.55 4004
0.6285714285714286 0.55 4004
0.6285714285714286 0.55 4004
0.6285714285714286 0.5428571428571428 4004
0.6285714285714286 0.5428571428571428 4004
0.6285714285714286 0.5428571428571428 4004
0.6285714285714286 0.5428571428571428 4004
0.6285714285714286 0.5428571428571428 4004
0.6285714285714286 0.5428571428571428 4004
0.6285714285714286 0.5428571428571428 4004
0.6285714285714286 0.5428571428571428 4004
0.6285714285714286 0.5428571428571428 4006
0.6285714285714286 0.5428571428571428 4006
0.6285714285714286 0.5428571428571428 4006
0.6285714285714286 0.5428571428571428 4012
0.6285714285714286 0.5428571428571428 4014
0.6285714285714286 0.5428571428571428 4014
0.6285714285714286 0.5428571428571428 4014
0.6285714285714286 0.5428571428571428 4016
0.6285714285714286 0.5428571428571428 4016
0.6285714285714286 0.5428571428571428 4016
0.6285714285714286 0.5428571428571428 4018
0.6285714285714286 0.5357142857142857 4024
0.6285714285714286 0.5357142857142857 4024
0.6285714285714286 0.55 4024
0.6285714285714286 0.55 4024
0.6285714285714286 0.55 4024
0.6285714285714286 0.55 4024
0.6285714285714286 0.55 4024
0.6285714285714286 0.55 4030
0.6285714285714286 0.55 4032
0.6285714285714286 0.55 4032
0.6285714285714286 0.55 4032
0.6285714285714286 0.55 4032
0.6285714285714286 0.5357142857142857 4038
0.6285714285714286 0.5357142857142857 4038
0.6285714285714286 0.5357142857142857 4038
0.6285714285714286 0.5357142857142857 4038
0.6285714285714286 0.5357142857142857 4038
0.6285714285714286 0.5357142857142857 4038
0.6285714285714286 0.5357142857142857 4038
0.6285714285714286 0.5285714285714286 4044
0.6285714285714286 0.5285714285714286 4044
0.6285714285714286 0.5285714285714286 4044
0.6285714285714286 0.5285714285714286 4044
0.6285714285714286 0.5285714285714286 4044
0.6285714285714286 0.5285714285714286 4044
0.6285714285714286 0.5285714285714286 4044
0.6285714285714286 0.5285714285714286 4046
0.6285714285714286 0.5285714285714286 4048
0.6285714285714286 0.5285714285714286 4048
0.6285714285714286 0.5285714285714286 4048
0.6285714285714286 0.5285714285714286 4120
0.6285714285714286 0.5285714285714286 4120
0.6285714285714286 0.5285714285714286 4120
0.6285714285714286 0.5285714285714286 4120
0.6285714285714286 0.5285714285714286 4120
0.6285714285714286 0.5285714285714286 4122
0.6285714285714286 0.5285714285714286 4122
0.6285714285714286 0.5285714285714286 4122
0.6285714285714286 0.5285714285714286 4122
0.6285714285714286 0.5428571428571428 4428
0.6285714285714286 0.5428571428571428 4428
0.6285714285714286 0.5428571428571428 4428
0.6285714285714286 0.5428571428571428 4430
0.6285714285714286 0.5428571428571428 4430
0.6285714285714286 0.5428571428571428 4432
0.6285714285714286 0.5428571428571428 4474
0.6285714285714286 0.5428571428571428 4474
0.6285714285714286 0.5428571428571428 4474
0.6285714285714286 0.5428571428571428 4474
0.6285714285714286 0.5428571428571428 4474
0.6285714285714286 0.5428571428571428 4474
0.6285714285714286 0.5428571428571428 4474
0.6285714285714286 0.5428571428571428 4474
0.6285714285714286 0.5428571428571428 4474
0.6285714285714286 0.5428571428571428 4474
0.6285714285714286 0.5428571428571428 4474
0.6285714285714286 0.5357142857142857 4474
0.6285714285714286 0.5357142857142857 4474
0.6285714285714286 0.5357142857142857 4474
0.6285714285714286 0.5357142857142857 4474
0.6285714285714286 0.5357142857142857 4474
0.6285714285714286 0.5357142857142857 4476
0.6285714285714286 0.5357142857142857 4476
0.6285714285714286 0.5357142857142857 4476
0.6285714285714286 0.5357142857142857 4476
0.6285714285714286 0.5357142857142857 4476
0.6285714285714286 0.5357142857142857 4478
0.6285714285714286 0.5357142857142857 4478
0.6285714285714286 0.5357142857142857 4480
0.6285714285714286 0.5357142857142857 4480
0.6285714285714286 0.5357142857142857 4480
0.6285714285714286 0.5357142857142857 4480
0.6285714285714286 0.5357142857142857 4480
0.6285714285714286 0.5357142857142857 4480
0.6285714285714286 0.5357142857142857 4480
0.6285714285714286 0.5357142857142857 4480
0.6285714285714286 0.5357142857142857 4480
0.6285714285714286 0.5357142857142857 4480
0.6285714285714286 0.5357142857142857 4482
0.6285714285714286 0.5357142857142857 4482
0.6285714285714286 0.5357142857142857 4482
0.6285714285714286 0.5357142857142857 4482
0.6285714285714286 0.5357142857142857 4482
0.6285714285714286 0.5357142857142857 4482
0.6285714285714286 0.5357142857142857 4482
0.6285714285714286 0.5357142857142857 4482
0.6285714285714286 0.5357142857142857 4484
0.6285714285714286 0.5357142857142857 4484
0.6285714285714286 0.5357142857142857 4490
0.6285714285714286 0.5357142857142857 4490
0.6285714285714286 0.5357142857142857 4496
0.6285714285714286 0.5357142857142857 4496
0.6285714285714286 0.5357142857142857 4496
0.6285714285714286 0.5357142857142857 4496
0.6285714285714286 0.5357142857142857 4496
0.6285714285714286 0.5357142857142857 4496
0.6285714285714286 0.5357142857142857 4496
0.6285714285714286 0.5357142857142857 4496
0.6285714285714286 0.5357142857142857 4516
0.6285714285714286 0.5357142857142857 4516
0.6285714285714286 0.5357142857142857 4516
0.6285714285714286 0.5357142857142857 4516
0.6285714285714286 0.5357142857142857 4518
0.6285714285714286 0.5357142857142857 4518
0.6285714285714286 0.5357142857142857 4518
0.6285714285714286 0.5357142857142857 4518
0.6285714285714286 0.5357142857142857 4518
0.6285714285714286 0.5357142857142857 4518
0.6285714285714286 0.5357142857142857 4518
0.6285714285714286 0.5357142857142857 4518
0.6285714285714286 0.5357142857142857 4518
0.6285714285714286 0.5428571428571428 4518
0.6285714285714286 0.5428571428571428 4518
0.6285714285714286 0.5428571428571428 4518
0.6285714285714286 0.5428571428571428 4538
0.6285714285714286 0.5428571428571428 4538
0.6214285714285714 0.5428571428571428 4720
0.6214285714285714 0.5428571428571428 4722
0.6214285714285714 0.5428571428571428 4722
0.6214285714285714 0.5428571428571428 4722
0.6214285714285714 0.5428571428571428 4722
0.6214285714285714 0.5428571428571428 4724
0.6214285714285714 0.5428571428571428 4736
0.6214285714285714 0.5428571428571428 4736
0.6214285714285714 0.5428571428571428 4736
0.6214285714285714 0.5428571428571428 4736
0.6214285714285714 0.5428571428571428 4738
0.6214285714285714 0.5428571428571428 4738
0.6214285714285714 0.5428571428571428 4738
0.6214285714285714 0.5428571428571428 4744
0.6214285714285714 0.5428571428571428 4744
0.6214285714285714 0.5428571428571428 4774
0.6214285714285714 0.5428571428571428 4774
0.6214285714285714 0.5428571428571428 4774
0.6214285714285714 0.5428571428571428 4774
0.6214285714285714 0.5428571428571428 4774
0.6214285714285714 0.5428571428571428 4776
0.6214285714285714 0.5428571428571428 4782
0.6214285714285714 0.5428571428571428 4784
0.6214285714285714 0.5428571428571428 4784
0.6214285714285714 0.5428571428571428 4784
0.6214285714285714 0.5428571428571428 4784
0.6214285714285714 0.5428571428571428 4784
0.6214285714285714 0.5428571428571428 4784
0.6214285714285714 0.5428571428571428 4784
0.6214285714285714 0.5428571428571428 4784
0.6214285714285714 0.5428571428571428 4784
0.6214285714285714 0.5428571428571428 4784
0.6214285714285714 0.5428571428571428 4784
0.6214285714285714 0.5428571428571428 4784
0.6214285714285714 0.5428571428571428 4784
0.6214285714285714 0.5428571428571428 4784
0.6214285714285714 0.5428571428571428 4784
0.6214285714285714 0.5428571428571428 4784
0.6214285714285714 0.5428571428571428 4784
0.6214285714285714 0.5428571428571428 4784
0.6214285714285714 0.5428571428571428 4784
0.6214285714285714 0.5428571428571428 4784
0.6214285714285714 0.5428571428571428 4784
0.6214285714285714 0.5428571428571428 4784
0.6214285714285714 0.5428571428571428 4790
0.6214285714285714 0.5428571428571428 4790
0.6214285714285714 0.5428571428571428 4790
0.6214285714285714 0.5428571428571428 4790
0.6214285714285714 0.5428571428571428 4790
0.6214285714285714 0.5428571428571428 4790
0.6214285714285714 0.5428571428571428 4796
0.6214285714285714 0.5428571428571428 4796
0.6214285714285714 0.5428571428571428 4796
0.6214285714285714 0.5428571428571428 4796
0.6214285714285714 0.5428571428571428 4796
0.6214285714285714 0.5428571428571428 4796
0.6214285714285714 0.5428571428571428 4796
0.6214285714285714 0.5428571428571428 4796
0.6214285714285714 0.5428571428571428 4826
0.6214285714285714 0.5428571428571428 4826
0.6214285714285714 0.5428571428571428 4826
0.6214285714285714 0.5428571428571428 4826
0.6214285714285714 0.5428571428571428 4826
0.6214285714285714 0.5428571428571428 4826
0.6214285714285714 0.5428571428571428 4826
0.6214285714285714 0.5428571428571428 4826
0.6214285714285714 0.5428571428571428 4826
0.6214285714285714 0.5428571428571428 4826
0.6214285714285714 0.5428571428571428 4826
0.6214285714285714 0.5428571428571428 4826
0.6214285714285714 0.5428571428571428 4826
0.6214285714285714 0.5428571428571428 4826
0.6214285714285714 0.5428571428571428 4826
