0.5 0.2642857142857143 62
0.6142857142857143 0.5142857142857142 3254
0.65 0.5642857142857143 3560
0.6428571428571429 0.5714285714285714 3742
0.6214285714285714 0.5642857142857143 3924
0.6214285714285714 0.5428571428571428 4034
0.6571428571428571 0.5571428571428572 4144
0.6571428571428571 0.55 4234
0.6571428571428571 0.5571428571428572 4306
0.6571428571428571 0.5642857142857143 4362
0.6571428571428571 0.5642857142857143 4404
0.6571428571428571 0.5642857142857143 4446
0.6571428571428571 0.5714285714285714 4476
0.6571428571428571 0.5714285714285714 4506
0.6571428571428571 0.5785714285714286 4526
0.6571428571428571 0.5857142857142857 4546
0.6571428571428571 0.5857142857142857 4558
0.6571428571428571 0.5857142857142857 4570
0.6571428571428571 0.5857142857142857 4576
0.6571428571428571 0.5857142857142857 4582
0.6571428571428571 0.5928571428571429 4588
0.6571428571428571 0.6 4594
0.6571428571428571 0.5857142857142857 4600
0.6571428571428571 0.5714285714285714 4606
0.6571428571428571 0.5714285714285714 4612
0.6571428571428571 0.5714285714285714 4618
0.6571428571428571 0.5571428571428572 4624
0.6571428571428571 0.5571428571428572 4630
0.6571428571428571 0.5571428571428572 4636
0.6571428571428571 0.55 4642
0.6571428571428571 0.5428571428571428 4648
0.6571428571428571 0.5428571428571428 4654
0.6571428571428571 0.5428571428571428 4660
0.6571428571428571 0.5428571428571428 4666
0.6571428571428571 0.5428571428571428 4672
0.6571428571428571 0.5428571428571428 4678
0.6571428571428571 0.55 4684
0.6571428571428571 0.55 4690
0.6571428571428571 0.55 4692
0.6571428571428571 0.55 4694
0.6571428571428571 0.55 4696
0.6571428571428571 0.55 4698
0.6571428571428571 0.55 4700
0.6571428571428571 0.55 4702
0.6571428571428571 0.55 4704
0.6571428571428571 0.55 4706
0.6571428571428571 0.55 4708
0.6571428571428571 0.55 4710
0.6571428571428571 0.55 4712
0.6571428571428571 0.55 4714
0.6571428571428571 0.5357142857142857 4716
0.6571428571428571 0.5214285714285715 4718
0.6571428571428571 0.5214285714285715 4720
0.6571428571428571 0.5214285714285715 4722
0.6571428571428571 0.5214285714285715 4724
0.6571428571428571 0.5214285714285715 4726
0.6571428571428571 0.5214285714285715 4728
0.6571428571428571 0.5214285714285715 4730
0.6571428571428571 0.5214285714285715 4732
0.6571428571428571 0.5214285714285715 4734
0.6571428571428571 0.5214285714285715 4736
0.6571428571428571 0.5214285714285715 4738
0.6571428571428571 0.5214285714285715 4740
0.6571428571428571 0.5214285714285715 4742
0.6571428571428571 0.5214285714285715 4744
0.6571428571428571 0.5214285714285715 4746
0.6571428571428571 0.5214285714285715 4748
0.6571428571428571 0.5214285714285715 4750
0.6571428571428571 0.5214285714285715 4752
0.6571428571428571 0.5214285714285715 4754
0.6571428571428571 0.5214285714285715 4756
0.6571428571428571 0.5214285714285715 4758
0.6571428571428571 0.5214285714285715 4760
0.6571428571428571 0.5214285714285715 4762
0.6571428571428571 0.5214285714285715 4764
0.6571428571428571 0.5214285714285715 4766
0.6571428571428571 0.5214285714285715 4768
0.6571428571428571 0.5214285714285715 4770
0.6571428571428571 0.5214285714285715 4772
0.6571428571428571 0.5214285714285715 4774
0.6571428571428571 0.5214285714285715 4776
0.6571428571428571 0.5214285714285715 4778
0.6571428571428571 0.5214285714285715 4780
0.6571428571428571 0.5214285714285715 4782
0.6571428571428571 0.5214285714285715 4784
0.6571428571428571 0.5214285714285715 4786
0.6571428571428571 0.5214285714285715 4788
0.6571428571428571 0.5214285714285715 4790
0.6571428571428571 0.5214285714285715 4792
0.6571428571428571 0.5214285714285715 4794
0.6571428571428571 0.5214285714285715 4796
0.6571428571428571 0.5214285714285715 4798
0.6571428571428571 0.5214285714285715 4800
0.6571428571428571 0.5214285714285715 4802
0.6571428571428571 0.5214285714285715 4804
0.6571428571428571 0.5214285714285715 4806
0.6571428571428571 0.5214285714285715 4808
0.6571428571428571 0.5214285714285715 4810
0.6571428571428571 0.5214285714285715 4812
0.6571428571428571 0.5214285714285715 4814
0.6571428571428571 0.5214285714285715 4816
0.6571428571428571 0.5214285714285715 4818
0.6571428571428571 0.5214285714285715 4820
0.6571428571428571 0.5214285714285715 4822
0.6571428571428571 0.5214285714285715 4824
0.6571428571428571 0.5214285714285715 4826
0.6571428571428571 0.5214285714285715 4826
0.6571428571428571 0.5214285714285715 4826
0.6571428571428571 0.5214285714285715 4826
0.6571428571428571 0.5214285714285715 4826
0.6571428571428571 0.5214285714285715 4826
0.6571428571428571 0.5214285714285715 4826
0.6571428571428571 0.5214285714285715 4826
0.6571428571428571 0.5214285714285715 4826
0.6571428571428571 0.5214285714285715 4826
0.6571428571428571 0.5214285714285715 4826
0.6571428571428571 0.5214285714285715 4826
0.6571428571428571 0.5214285714285715 4826
0.6571428571428571 0.5214285714285715 4826
0.6571428571428571 0.5214285714285715 4826
0.6571428571428571 0.5214285714285715 4826
0.6571428571428571 0.5214285714285715 4826
0.6571428571428571 0.5214285714285715 4826
0.6571428571428571 0.5214285714285715 4826
0.6571428571428571 0.5214285714285715 4826
0.6571428571428571 0.5214285714285715 4826
0.6571428571428571 0.5214285714285715 4826
0.6571428571428571 0.5214285714285715 4826
0.6571428571428571 0.5214285714285715 4826
0.6571428571428571 0.5214285714285715 4826
0.6571428571428571 0.5214285714285715 4826
0.6571428571428571 0.5214285714285715 4826
0.6571428571428571 0.5214285714285715 4826
0.6571428571428571 0.5214285714285715 4826
0.6571428571428571 0.5214285714285715 4826
0.6571428571428571 0.5214285714285715 4826
0.6571428571428571 0.5214285714285715 4826
0.6571428571428571 0.5214285714285715 4826
0.6571428571428571 0.5214285714285715 4826
0.6571428571428571 0.5214285714285715 4826
0.6571428571428571 0.5214285714285715 4826
0.6571428571428571 0.5214285714285715 4826
0.6571428571428571 0.5214285714285715 4826
0.6571428571428571 0.5214285714285715 4826
0.6571428571428571 0.5214285714285715 4826
0.6571428571428571 0.5214285714285715 4826
0.6571428571428571 0.5214285714285715 4826
0.6571428571428571 0.5214285714285715 4826
0.6571428571428571 0.5214285714285715 4826
0.6571428571428571 0.5214285714285715 4826
0.6571428571428571 0.5214285714285715 4826
0.6571428571428571 0.5214285714285715 4826
0.6571428571428571 0.5214285714285715 4826
0.6571428571428571 0.5214285714285715 4826
0.6571428571428571 0.5214285714285715 4826
0.6571428571428571 0.5214285714285715 4826
0.6571428571428571 0.5214285714285715 4826
0.6571428571428571 0.5214285714285715 4826
0.6571428571428571 0.5214285714285715 4826
0.6571428571428571 0.5214285714285715 4826
0.6571428571428571 0.5214285714285715 4826
0.6571428571428571 0.5214285714285715 4826
0.6571428571428571 0.5214285714285715 4826
0.6571428571428571 0.5214285714285715 4826
0.6571428571428571 0.5214285714285715 4826
0.6571428571428571 0.5214285714285715 4826
0.6571428571428571 0.5214285714285715 4826
0.6571428571428571 0.5214285714285715 4826
0.6571428571428571 0.5214285714285715 4826
0.6571428571428571 0.5214285714285715 4826
0.6571428571428571 0.5214285714285715 4826
0.6571428571428571 0.5214285714285715 4826
0.6571428571428571 0.5214285714285715 4826
0.6571428571428571 0.5142857142857142 4826
0.6571428571428571 0.5071428571428571 4826
0.6571428571428571 0.5071428571428571 4826
0.6571428571428571 0.5071428571428571 4826
0.6571428571428571 0.5 4826
0.6571428571428571 0.4928571428571429 4826
0.6571428571428571 0.4928571428571429 4826
0.6571428571428571 0.4928571428571429 4826
0.6571428571428571 0.4928571428571429 4826
0.6571428571428571 0.4928571428571429 4826
0.6571428571428571 0.4928571428571429 4826
0.6571428571428571 0.4928571428571429 4826
0.6571428571428571 0.4928571428571429 4826
0.6571428571428571 0.4928571428571429 4826
0.6571428571428571 0.4928571428571429 4826
0.6571428571428571 0.4928571428571429 4826
0.6571428571428571 0.4928571428571429 4826
0.6571428571428571 0.4928571428571429 4826
0.6571428571428571 0.4928571428571429 4826
0.6571428571428571 0.4928571428571429 4826
0.6571428571428571 0.4928571428571429 4826
0.6571428571428571 0.4928571428571429 4826
0.6571428571428571 0.5071428571428571 4826
0.6571428571428571 0.5071428571428571 4826
0.6571428571428571 0.5071428571428571 4826
0.6571428571428571 0.5071428571428571 4826
0.6571428571428571 0.5071428571428571 4826
0.6571428571428571 0.5071428571428571 4826
0.6571428571428571 0.5071428571428571 4826
0.6571428571428571 0.5071428571428571 4826
0.6571428571428571 0.5071428571428571 4826
0.6571428571428571 0.5071428571428571 4826
0.6571428571428571 0.5071428571428571 4826
0.6571428571428571 0.5071428571428571 4826
0.6571428571428571 0.5071428571428571 4826
0.6571428571428571 0.5071428571428571 4826
0.6571428571428571 0.5071428571428571 4826
0.6571428571428571 0.5071428571428571 4826
0.6571428571428571 0.5071428571428571 4826
0.6571428571428571 0.5071428571428571 4826
0.6571428571428571 0.5071428571428571 4826
0.6571428571428571 0.5071428571428571 4826
0.6571428571428571 0.5071428571428571 4826
0.6571428571428571 0.5071428571428571 4826
0.6571428571428571 0.5071428571428571 4826
0.6571428571428571 0.5071428571428571 4826
0.6571428571428571 0.5071428571428571 4826
0.6571428571428571 0.5071428571428571 4826
0.6571428571428571 0.5071428571428571 4826
0.6571428571428571 0.5071428571428571 4826
0.6571428571428571 0.5071428571428571 4826
0.6571428571428571 0.5071428571428571 4826
0.6571428571428571 0.5071428571428571 4826
0.6571428571428571 0.5071428571428571 4826
0.6571428571428571 0.5071428571428571 4826
0.6571428571428571 0.5071428571428571 4826
0.6571428571428571 0.5071428571428571 4826
0.6571428571428571 0.5071428571428571 4826
0.6571428571428571 0.5071428571428571 4826
0.6571428571428571 0.5071428571428571 4826
0.6571428571428571 0.5071428571428571 4826
0.6571428571428571 0.5071428571428571 4826
0.6571428571428571 0.5071428571428571 4826
0.6571428571428571 0.5071428571428571 4826
0.6571428571428571 0.5071428571428571 4826
0.6571428571428571 0.5071428571428571 4826
0.6571428571428571 0.5071428571428571 4826
0.6571428571428571 0.5071428571428571 4826
0.6571428571428571 0.5071428571428571 4826
0.6571428571428571 0.5071428571428571 4826
0.6571428571428571 0.5071428571428571 4826
0.6571428571428571 0.5071428571428571 4826
0.6571428571428571 0.5071428571428571 4826
0.6571428571428571 0.5071428571428571 4826
0.6571428571428571 0.5071428571428571 4826
0.6571428571428571 0.5071428571428571 4826
0.6571428571428571 0.5071428571428571 4826
0.6571428571428571 0.5071428571428571 4826
0.6571428571428571 0.5071428571428571 4826
0.6571428571428571 0.5071428571428571 4826
0.6571428571428571 0.5071428571428571 4826
0.6571428571428571 0.5071428571428571 4826
0.6571428571428571 0.5071428571428571 4826
0.6571428571428571 0.5071428571428571 4826
0.6571428571428571 0.5071428571428571 4826
0.6571428571428571 0.5071428571428571 4826
0.6571428571428571 0.5071428571428571 4826
0.6571428571428571 0.5071428571428571 4826
0.6571428571428571 0.5071428571428571 4826
0.6571428571428571 0.5071428571428571 4826
0.6571428571428571 0.5071428571428571 4826
0.6571428571428571 0.5071428571428571 4826
0.6571428571428571 0.5071428571428571 4826
0.6571428571428571 0.5071428571428571 4826
0.6571428571428571 0.5071428571428571 4826
0.6571428571428571 0.5071428571428571 4826
0.6571428571428571 0.5071428571428571 4826
0.6571428571428571 0.5071428571428571 4826
0.6571428571428571 0.5071428571428571 4826
0.6571428571428571 0.5071428571428571 4826
0.6571428571428571 0.5071428571428571 4826
0.6571428571428571 0.5071428571428571 4826
0.6571428571428571 0.5071428571428571 4826
0.6571428571428571 0.5071428571428571 4826
0.6571428571428571 0.5071428571428571 4826
0.6571428571428571 0.5071428571428571 4826
0.6571428571428571 0.5071428571428571 4826
0.6571428571428571 0.5071428571428571 4826
0.6571428571428571 0.5071428571428571 4826
0.6571428571428571 0.5071428571428571 4826
0.6571428571428571 0.5071428571428571 4826
0.6571428571428571 0.5071428571428571 4826
0.6571428571428571 0.5071428571428571 4826
0.6571428571428571 0.5071428571428571 4826
0.6571428571428571 0.5071428571428571 4826
0.6571428571428571 0.5071428571428571 4826
0.6571428571428571 0.5071428571428571 4826
0.6571428571428571 0.5071428571428571 4826
0.6571428571428571 0.5071428571428571 4826
0.6571428571428571 0.5071428571428571 4826
0.6571428571428571 0.5071428571428571 4826
0.6571428571428571 0.5071428571428571 4826
0.6571428571428571 0.5071428571428571 4826
0.6571428571428571 0.5071428571428571 4826
0.6571428571428571 0.5071428571428571 4826
0.6571428571428571 0.5071428571428571 4826
0.6571428571428571 0.5071428571428571 4826
0.6571428571428571 0.5071428571428571 4826
0.6571428571428571 0.5071428571428571 4826
0.6571428571428571 0.5071428571428571 4826
0.6571428571428571 0.5071428571428571 4826
0.6571428571428571 0.5071428571428571 4826
0.6571428571428571 0.5071428571428571 4826
0.6571428571428571 0.5071428571428571 4826
0.6571428571428571 0.5071428571428571 4826
0.6571428571428571 0.5071428571428571 4826
0.6571428571428571 0.5071428571428571 4826
0.6571428571428571 0.5071428571428571 4826
0.6571428571428571 0.5071428571428571 4826
0.6571428571428571 0.5071428571428571 4826
0.6571428571428571 0.5071428571428571 4826
0.6571428571428571 0.5071428571428571 4826
0.6571428571428571 0.5071428571428571 4826
0.6571428571428571 0.5071428571428571 4826
0.6571428571428571 0.5071428571428571 4826
0.6571428571428571 0.5071428571428571 4826
0.6571428571428571 0.5071428571428571 4826
0.6571428571428571 0.5071428571428571 4826
0.6571428571428571 0.5071428571428571 4826
0.6571428571428571 0.5071428571428571 4826
0.6571428571428571 0.5071428571428571 4826
0.6571428571428571 0.5071428571428571 4826
0.6571428571428571 0.5071428571428571 4826
0.6571428571428571 0.5071428571428571 4826
0.6571428571428571 0.5071428571428571 4826
0.6571428571428571 0.5071428571428571 4826
0.6571428571428571 0.5071428571428571 4826
0.6571428571428571 0.5071428571428571 4826
0.6571428571428571 0.5071428571428571 4826
0.6571428571428571 0.5071428571428571 4826
0.6571428571428571 0.5071428571428571 4826
0.6571428571428571 0.5071428571428571 4826
0.6571428571428571 0.5071428571428571 4826
0.6571428571428571 0.5071428571428571 4826
0.6571428571428571 0.5071428571428571 4826
0.6571428571428571 0.5071428571428571 4826
0.6571428571428571 0.5071428571428571 4826
0.6571428571428571 0.5071428571428571 4826
0.6571428571428571 0.5071428571428571 4826
0.6571428571428571 0.5071428571428571 4826
0.6571428571428571 0.5071428571428571 4826
0.6571428571428571 0.5071428571428571 4826
0.6571428571428571 0.5071428571428571 4826
0.6571428571428571 0.5071428571428571 4826
0.6571428571428571 0.5071428571428571 4826
0.6571428571428571 0.5071428571428571 4826
0.6571428571428571 0.5071428571428571 4826
0.6571428571428571 0.5071428571428571 4826
0.6571428571428571 0.5071428571428571 4826
0.6571428571428571 0.5071428571428571 4826
0.6571428571428571 0.5071428571428571 4826
0.6571428571428571 0.5071428571428571 4826
0.6571428571428571 0.5071428571428571 4826
0.6571428571428571 0.5071428571428571 4826
0.6571428571428571 0.5071428571428571 4826
0.6571428571428571 0.5071428571428571 4826
0.6571428571428571 0.5071428571428571 4826
0.6571428571428571 0.5071428571428571 4826
0.6571428571428571 0.5071428571428571 4826
0.6571428571428571 0.5071428571428571 4826
0.6571428571428571 0.5071428571428571 4826
0.6571428571428571 0.5071428571428571 4826
0.6571428571428571 0.5071428571428571 4826
0.6571428571428571 0.5071428571428571 4826
0.6571428571428571 0.5071428571428571 4826
0.6571428571428571 0.5071428571428571 4826
0.6571428571428571 0.5071428571428571 4826
0.6571428571428571 0.5071428571428571 4826
0.6571428571428571 0.5071428571428571 4826
0.6571428571428571 0.5071428571428571 4826
0.6571428571428571 0.5071428571428571 4826
0.6571428571428571 0.5071428571428571 4826
0.6571428571428571 0.5071428571428571 4826
0.6571428571428571 0.5071428571428571 4826
0.6571428571428571 0.5071428571428571 4826
0.6571428571428571 0.5071428571428571 4826
0.6571428571428571 0.5071428571428571 4826
0.6571428571428571 0.5071428571428571 4826
0.6571428571428571 0.5071428571428571 4826
0.6571428571428571 0.5071428571428571 4826
0.6571428571428571 0.5071428571428571 4826
0.6571428571428571 0.5071428571428571 4826
0.6571428571428571 0.5071428571428571 4826
0.6571428571428571 0.5071428571428571 4826
0.6571428571428571 0.5071428571428571 4826
0.6571428571428571 0.5071428571428571 4826
0.6571428571428571 0.5071428571428571 4826
0.6571428571428571 0.5071428571428571 4826
0.6571428571428571 0.5071428571428571 4826
0.6571428571428571 0.5071428571428571 4826
0.6571428571428571 0.5071428571428571 4826
0.6571428571428571 0.5071428571428571 4826
0.6571428571428571 0.5071428571428571 4826
0.6571428571428571 0.5071428571428571 4826
0.6571428571428571 0.5071428571428571 4826
0.6571428571428571 0.5071428571428571 4826
0.6571428571428571 0.5071428571428571 4826
0.6571428571428571 0.5071428571428571 4826
0.6571428571428571 0.5071428571428571 4826
0.6571428571428571 0.5071428571428571 4826
0.6571428571428571 0.5071428571428571 4826
0.6571428571428571 0.5071428571428571 4826
0.6571428571428571 0.5071428571428571 4826
0.6571428571428571 0.5071428571428571 4826
0.6571428571428571 0.5071428571428571 4826
0.6571428571428571 0.5071428571428571 4826
0.6571428571428571 0.5071428571428571 4826
0.6571428571428571 0.5071428571428571 4826
0.6571428571428571 0.5071428571428571 4826
0.6571428571428571 0.5071428571428571 4826
0.6571428571428571 0.5071428571428571 4826
0.6571428571428571 0.5071428571428571 4826
0.6571428571428571 0.5071428571428571 4826
0.6571428571428571 0.5071428571428571 4826
0.6571428571428571 0.5071428571428571 4826
0.6571428571428571 0.5071428571428571 4826
0.6571428571428571 0.5071428571428571 4826
0.6571428571428571 0.5071428571428571 4826
0.6571428571428571 0.5071428571428571 4826
0.6571428571428571 0.5071428571428571 4826
0.6571428571428571 0.5071428571428571 4826
0.6571428571428571 0.5071428571428571 4826
0.6571428571428571 0.5071428571428571 4826
0.6571428571428571 0.5071428571428571 4826
0.6571428571428571 0.5071428571428571 4826
0.6571428571428571 0.5071428571428571 4826
0.6571428571428571 0.5071428571428571 4826
0.6571428571428571 0.5071428571428571 4826
0.6571428571428571 0.5071428571428571 4826
0.6571428571428571 0.5071428571428571 4826
0.6571428571428571 0.5071428571428571 4826
0.6571428571428571 0.5071428571428571 4826
0.6571428571428571 0.5071428571428571 4826
0.6571428571428571 0.5071428571428571 4826
0.6571428571428571 0.5071428571428571 4826
0.6571428571428571 0.5071428571428571 4826
0.6571428571428571 0.5071428571428571 4826
0.6571428571428571 0.5071428571428571 4826
0.6571428571428571 0.5071428571428571 4826
0.6571428571428571 0.5071428571428571 4826
0.6571428571428571 0.5071428571428571 4826
0.6571428571428571 0.5071428571428571 4826
0.6571428571428571 0.5071428571428571 4826
0.6571428571428571 0.5071428571428571 4826
0.6571428571428571 0.5071428571428571 4826
0.6571428571428571 0.5071428571428571 4826
0.6571428571428571 0.5071428571428571 4826
0.6571428571428571 0.5071428571428571 4826
0.6571428571428571 0.5071428571428571 4826
0.6571428571428571 0.5071428571428571 4826
0.6571428571428571 0.5071428571428571 4826
0.6571428571428571 0.5071428571428571 4826
0.6571428571428571 0.5071428571428571 4826
0.6571428571428571 0.5071428571428571 4826
0.6571428571428571 0.5071428571428571 4826
0.6571428571428571 0.5071428571428571 4826
0.6571428571428571 0.5071428571428571 4826
0.6571428571428571 0.5071428571428571 4826
0.6571428571428571 0.5071428571428571 4826
0.6571428571428571 0.5071428571428571 4826
0.6571428571428571 0.5071428571428571 4826
0.6571428571428571 0.5071428571428571 4826
0.6571428571428571 0.5071428571428571 4826
0.6571428571428571 0.5071428571428571 4826
0.6571428571428571 0.5071428571428571 4826
0.6571428571428571 0.5071428571428571 4826
0.6571428571428571 0.5071428571428571 4826
0.6571428571428571 0.5071428571428571 4826
0.6571428571428571 0.5071428571428571 4826
0.6571428571428571 0.5071428571428571 4826
0.6571428571428571 0.5071428571428571 4826
0.6571428571428571 0.5071428571428571 4826
0.6571428571428571 0.5071428571428571 4826
0.6571428571428571 0.5071428571428571 4826
0.6571428571428571 0.5071428571428571 4826
0.6571428571428571 0.5071428571428571 4826
0.6571428571428571 0.5071428571428571 4826
0.6571428571428571 0.5071428571428571 4826
0.6571428571428571 0.5071428571428571 4826
0.6571428571428571 0.5071428571428571 4826
0.6571428571428571 0.5071428571428571 4826
0.6571428571428571 0.5071428571428571 4826
0.6571428571428571 0.5071428571428571 4826
0.6571428571428571 0.5071428571428571 4826
0.6571428571428571 0.5071428571428571 4826
0.6571428571428571 0.5071428571428571 4826
0.6571428571428571 0.5071428571428571 4826
0.6571428571428571 0.5071428571428571 4826
0.6571428571428571 0.5071428571428571 4826
0.6571428571428571 0.5071428571428571 4826
0.6571428571428571 0.5071428571428571 4826
0.6571428571428571 0.5071428571428571 4826
0.6571428571428571 0.5071428571428571 4826
0.6571428571428571 0.5071428571428571 4826
0.6571428571428571 0.5071428571428571 4826
0.6571428571428571 0.5071428571428571 4826
0.6571428571428571 0.5071428571428571 4826
0.6571428571428571 0.5071428571428571 4826
0.6571428571428571 0.5071428571428571 4826
0.6571428571428571 0.5214285714285715 4826
0.6571428571428571 0.5214285714285715 4826
0.6571428571428571 0.5214285714285715 4826
0.6571428571428571 0.5214285714285715 4826
0.6571428571428571 0.5214285714285715 4826
0.6571428571428571 0.5214285714285715 4826
0.6571428571428571 0.5214285714285715 4826
0.6571428571428571 0.5214285714285715 4826
0.6571428571428571 0.5214285714285715 4826
0.6571428571428571 0.5214285714285715 4826
0.6571428571428571 0.5214285714285715 4826
0.6571428571428571 0.5214285714285715 4826
0.6571428571428571 0.5214285714285715 4826
0.6571428571428571 0.5214285714285715 4826
0.6571428571428571 0.5214285714285715 4826
0.6571428571428571 0.5214285714285715 4826
0.6571428571428571 0.5214285714285715 4826
0.6571428571428571 0.5214285714285715 4826
0.6571428571428571 0.5214285714285715 4826
0.6571428571428571 0.5214285714285715 4826
0.6571428571428571 0.5214285714285715 4826
0.6571428571428571 0.5214285714285715 4826
0.6571428571428571 0.5214285714285715 4826
0.6571428571428571 0.5214285714285715 4826
0.6571428571428571 0.5214285714285715 4826
0.6571428571428571 0.5214285714285715 4826
0.6571428571428571 0.5214285714285715 4826
0.6571428571428571 0.5214285714285715 4826
0.6571428571428571 0.5214285714285715 4826
0.6571428571428571 0.5214285714285715 4826
0.6571428571428571 0.5214285714285715 4826
0.6571428571428571 0.5214285714285715 4826
0.6571428571428571 0.5214285714285715 4826
0.6571428571428571 0.5214285714285715 4826
0.6571428571428571 0.5214285714285715 4826
0.6571428571428571 0.5214285714285715 4826
0.6571428571428571 0.5214285714285715 4826
0.6571428571428571 0.5214285714285715 4826
0.6571428571428571 0.5214285714285715 4826
0.6571428571428571 0.5214285714285715 4826
0.6571428571428571 0.5214285714285715 4826
0.6571428571428571 0.5214285714285715 4826
0.6571428571428571 0.5214285714285715 4826
0.6571428571428571 0.5214285714285715 4826
0.6571428571428571 0.5214285714285715 4826
0.6571428571428571 0.5214285714285715 4826
0.6571428571428571 0.5214285714285715 4826
0.6571428571428571 0.5214285714285715 4826
0.6571428571428571 0.5214285714285715 4826
0.6571428571428571 0.5214285714285715 4826
0.6571428571428571 0.5214285714285715 4826
0.6571428571428571 0.5214285714285715 4826
0.6571428571428571 0.5214285714285715 4826
0.6571428571428571 0.5214285714285715 4826
0.6571428571428571 0.5214285714285715 4826
0.6571428571428571 0.5214285714285715 4826
0.6571428571428571 0.5214285714285715 4826
0.6571428571428571 0.5214285714285715 4826
0.6571428571428571 0.5214285714285715 4826
0.6571428571428571 0.5214285714285715 4826
0.6571428571428571 0.5214285714285715 4826
0.6571428571428571 0.5214285714285715 4826
0.6571428571428571 0.5214285714285715 4826
0.6571428571428571 0.5214285714285715 4826
0.6571428571428571 0.5214285714285715 4826
0.6571428571428571 0.5214285714285715 4826
0.6571428571428571 0.5214285714285715 4826
0.6571428571428571 0.5214285714285715 4826
0.6571428571428571 0.5214285714285715 4826
0.6571428571428571 0.5214285714285715 4826
0.6571428571428571 0.5214285714285715 4826
0.6571428571428571 0.5214285714285715 4826
0.6571428571428571 0.5214285714285715 4826
0.6571428571428571 0.5214285714285715 4826
0.6571428571428571 0.5214285714285715 4826
0.6571428571428571 0.5214285714285715 4826
0.6571428571428571 0.5214285714285715 4826
0.6571428571428571 0.5214285714285715 4826
0.6571428571428571 0.5214285714285715 4826
0.6571428571428571 0.5214285714285715 4826
0.6571428571428571 0.5214285714285715 4826
0.6571428571428571 0.5214285714285715 4826
0.6571428571428571 0.5214285714285715 4826
0.6571428571428571 0.5214285714285715 4826
0.6571428571428571 0.5214285714285715 4826
0.6571428571428571 0.5214285714285715 4826
0.6571428571428571 0.5214285714285715 4826
0.6571428571428571 0.5214285714285715 4826
0.6571428571428571 0.5214285714285715 4826
0.6571428571428571 0.5214285714285715 4826
0.6571428571428571 0.5214285714285715 4826
0.6571428571428571 0.5214285714285715 4826
0.6571428571428571 0.5214285714285715 4826
0.6571428571428571 0.5214285714285715 4826
0.6571428571428571 0.5214285714285715 4826
0.6571428571428571 0.5214285714285715 4826
0.6571428571428571 0.5214285714285715 4826
0.6571428571428571 0.5214285714285715 4826
0.6571428571428571 0.5214285714285715 4826
0.6571428571428571 0.5214285714285715 4826
0.6571428571428571 0.5214285714285715 4826
0.6571428571428571 0.5214285714285715 4826
0.6571428571428571 0.5214285714285715 4826
0.6571428571428571 0.5214285714285715 4826
0.6571428571428571 0.5214285714285715 4826
0.6571428571428571 0.5214285714285715 4826
0.6571428571428571 0.5214285714285715 4826
0.6571428571428571 0.5214285714285715 4826
0.6571428571428571 0.5214285714285715 4826
0.6571428571428571 0.5214285714285715 4826
0.6571428571428571 0.5214285714285715 4826
0.6571428571428571 0.5214285714285715 4826
0.6571428571428571 0.5214285714285715 4826
0.6571428571428571 0.5214285714285715 4826
0.6571428571428571 0.5214285714285715 4826
0.6571428571428571 0.5214285714285715 4826
0.6571428571428571 0.5214285714285715 4826
0.6571428571428571 0.5214285714285715 4826
0.6571428571428571 0.5214285714285715 4826
0.6571428571428571 0.5214285714285715 4826
0.6571428571428571 0.5214285714285715 4826
0.6571428571428571 0.5214285714285715 4826
0.6571428571428571 0.5214285714285715 4826
0.6571428571428571 0.5214285714285715 4826
0.6571428571428571 0.5214285714285715 4826
0.6571428571428571 0.5214285714285715 4826
0.6571428571428571 0.5214285714285715 4826
0.6571428571428571 0.5214285714285715 4826
0.6571428571428571 0.5214285714285715 4826
0.6571428571428571 0.5214285714285715 4826
0.6571428571428571 0.5214285714285715 4826
0.6571428571428571 0.5214285714285715 4826
0.6571428571428571 0.5214285714285715 4826
0.6571428571428571 0.5214285714285715 4826
0.6571428571428571 0.5214285714285715 4826
0.6571428571428571 0.5214285714285715 4826
0.6571428571428571 0.5214285714285715 4826
0.6571428571428571 0.5214285714285715 4826
0.6571428571428571 0.5214285714285715 4826
0.6571428571428571 0.5214285714285715 4826
0.6571428571428571 0.5214285714285715 4826
0.6571428571428571 0.5214285714285715 4826
0.6571428571428571 0.5214285714285715 4826
0.6571428571428571 0.5214285714285715 4826
0.6571428571428571 0.5214285714285715 4826
0.6571428571428571 0.5214285714285715 4826
0.6571428571428571 0.5214285714285715 4826
0.6571428571428571 0.5214285714285715 4826
0.6571428571428571 0.5214285714285715 4826
0.6571428571428571 0.5214285714285715 4826
0.6571428571428571 0.5214285714285715 4826
0.6571428571428571 0.5214285714285715 4826
0.6571428571428571 0.5214285714285715 4826
0.6571428571428571 0.5214285714285715 4826
0.6571428571428571 0.5214285714285715 4826
0.6571428571428571 0.5214285714285715 4826
0.6571428571428571 0.5214285714285715 4826
0.6571428571428571 0.5214285714285715 4826
0.6571428571428571 0.5214285714285715 4826
0.6571428571428571 0.5214285714285715 4826
0.6571428571428571 0.5214285714285715 4826
0.6571428571428571 0.5214285714285715 4826
0.6571428571428571 0.5214285714285715 4826
0.6571428571428571 0.5214285714285715 4826
0.6571428571428571 0.5214285714285715 4826
0.6571428571428571 0.5357142857142857 4826
