0.5 0.17857142857142858 62
0.5428571428571428 0.45714285714285713 3254
0.5642857142857143 0.45714285714285713 3560
0.5642857142857143 0.4928571428571429 3742
0.5642857142857143 0.5214285714285715 3924
0.5642857142857143 0.4928571428571429 4034
0.6 0.5142857142857142 4144
0.6 0.5071428571428571 4234
0.5928571428571429 0.5071428571428571 4306
0.5928571428571429 0.5285714285714286 4362
0.5928571428571429 0.5071428571428571 4404
0.5928571428571429 0.5142857142857142 4446
0.5857142857142857 0.5142857142857142 4476
0.5857142857142857 0.5142857142857142 4506
0.5857142857142857 0.5142857142857142 4526
0.5857142857142857 0.5142857142857142 4546
0.5857142857142857 0.5142857142857142 4558
0.5857142857142857 0.5142857142857142 4570
0.5857142857142857 0.5142857142857142 4576
0.5857142857142857 0.5142857142857142 4582
0.5857142857142857 0.5142857142857142 4588
0.5857142857142857 0.5142857142857142 4594
0.5857142857142857 0.5071428571428571 4600
0.5857142857142857 0.5 4606
0.5857142857142857 0.5 4612
0.5857142857142857 0.5 4618
0.5857142857142857 0.5 4624
0.5857142857142857 0.5 4630
0.5857142857142857 0.5 4636
0.5857142857142857 0.5 4642
0.5857142857142857 0.5 4648
0.5857142857142857 0.5 4654
0.5857142857142857 0.5 4660
0.5857142857142857 0.5 4666
0.5857142857142857 0.5 4672
0.5857142857142857 0.5 4678
0.5857142857142857 0.5 4684
0.5857142857142857 0.5 4690
0.5857142857142857 0.5 4692
0.5857142857142857 0.5 4694
0.5857142857142857 0.5 4696
0.5857142857142857 0.5 4698
0.5857142857142857 0.5 4700
0.5857142857142857 0.4928571428571429 4702
0.5857142857142857 0.4857142857142857 4704
0.5857142857142857 0.4857142857142857 4706
0.5857142857142857 0.4857142857142857 4708
0.5857142857142857 0.4857142857142857 4710
0.5857142857142857 0.4857142857142857 4712
0.5857142857142857 0.4857142857142857 4714
0.5857142857142857 0.4785714285714286 4716
0.5857142857142857 0.4714285714285714 4718
0.5857142857142857 0.4714285714285714 4720
0.5857142857142857 0.4714285714285714 4722
0.5857142857142857 0.4714285714285714 4724
0.5857142857142857 0.4714285714285714 4726
0.5857142857142857 0.4714285714285714 4728
0.5857142857142857 0.4714285714285714 4730
0.5857142857142857 0.4714285714285714 4732
0.5857142857142857 0.4642857142857143 4734
0.5857142857142857 0.4642857142857143 4736
0.5857142857142857 0.4642857142857143 4738
0.5857142857142857 0.4642857142857143 4740
0.5857142857142857 0.4642857142857143 4742
0.5857142857142857 0.4642857142857143 4744
0.5857142857142857 0.4642857142857143 4746
0.5857142857142857 0.4642857142857143 4748
0.5857142857142857 0.4642857142857143 4750
0.5857142857142857 0.4642857142857143 4752
0.5857142857142857 0.4642857142857143 4754
0.5857142857142857 0.4642857142857143 4756
0.5857142857142857 0.4642857142857143 4758
0.5857142857142857 0.4642857142857143 4760
0.5857142857142857 0.4642857142857143 4762
0.5857142857142857 0.4642857142857143 4764
0.5857142857142857 0.4642857142857143 4766
0.5857142857142857 0.4642857142857143 4768
0.5857142857142857 0.4642857142857143 4770
0.5857142857142857 0.4642857142857143 4772
0.5857142857142857 0.4642857142857143 4774
0.5857142857142857 0.4642857142857143 4776
0.5857142857142857 0.45714285714285713 4778
0.5857142857142857 0.45 4780
0.5857142857142857 0.45 4782
0.5857142857142857 0.45 4784
0.5857142857142857 0.45 4786
0.5857142857142857 0.45 4788
0.5857142857142857 0.45 4790
0.5857142857142857 0.45 4792
0.5857142857142857 0.45 4794
0.5857142857142857 0.45 4796
0.5857142857142857 0.45 4798
0.5857142857142857 0.45 4800
0.5857142857142857 0.45 4802
0.5857142857142857 0.45 4804
0.5857142857142857 0.45 4806
0.5857142857142857 0.45 4808
0.5857142857142857 0.4642857142857143 4810
0.5857142857142857 0.4642857142857143 4812
0.5857142857142857 0.4642857142857143 4814
0.5857142857142857 0.4642857142857143 4816
0.5857142857142857 0.4642857142857143 4818
0.5857142857142857 0.4642857142857143 4820
0.5857142857142857 0.4642857142857143 4822
0.5857142857142857 0.4642857142857143 4824
0.5857142857142857 0.4642857142857143 4826
0.5857142857142857 0.4642857142857143 4826
0.5857142857142857 0.4642857142857143 4826
0.5857142857142857 0.4642857142857143 4826
0.5857142857142857 0.4642857142857143 4826
0.5857142857142857 0.4642857142857143 4826
0.5857142857142857 0.4642857142857143 4826
0.5857142857142857 0.4642857142857143 4826
0.5857142857142857 0.4642857142857143 4826
0.5857142857142857 0.4642857142857143 4826
0.5857142857142857 0.4642857142857143 4826
0.5857142857142857 0.4642857142857143 4826
0.5857142857142857 0.4642857142857143 4826
0.5857142857142857 0.4642857142857143 4826
0.5857142857142857 0.4642857142857143 4826
0.5857142857142857 0.4642857142857143 4826
0.5857142857142857 0.4642857142857143 4826
0.5857142857142857 0.4642857142857143 4826
0.5857142857142857 0.4642857142857143 4826
0.5857142857142857 0.4642857142857143 4826
0.5857142857142857 0.4642857142857143 4826
0.5857142857142857 0.4642857142857143 4826
0.5857142857142857 0.4642857142857143 4826
0.5857142857142857 0.4642857142857143 4826
0.5857142857142857 0.4642857142857143 4826
0.5857142857142857 0.4642857142857143 4826
0.5857142857142857 0.4642857142857143 4826
0.5857142857142857 0.4642857142857143 4826
0.5857142857142857 0.4642857142857143 4826
0.5857142857142857 0.4642857142857143 4826
0.5857142857142857 0.4642857142857143 4826
0.5857142857142857 0.4642857142857143 4826
0.5857142857142857 0.4642857142857143 4826
0.5857142857142857 0.4642857142857143 4826
0.5857142857142857 0.4642857142857143 4826
0.5857142857142857 0.4642857142857143 4826
0.5857142857142857 0.4642857142857143 4826
0.5857142857142857 0.4642857142857143 4826
0.5857142857142857 0.4642857142857143 4826
0.5857142857142857 0.4642857142857143 4826
0.5857142857142857 0.4642857142857143 4826
0.5857142857142857 0.4642857142857143 4826
0.5857142857142857 0.4642857142857143 4826
0.5857142857142857 0.4642857142857143 4826
0.5857142857142857 0.4642857142857143 4826
0.5857142857142857 0.4642857142857143 4826
0.5857142857142857 0.4642857142857143 4826
0.5857142857142857 0.4642857142857143 4826
0.5857142857142857 0.4642857142857143 4826
0.5857142857142857 0.4642857142857143 4826
0.5857142857142857 0.4642857142857143 4826
0.5857142857142857 0.4642857142857143 4826
0.5857142857142857 0.4642857142857143 4826
0.5857142857142857 0.4642857142857143 4826
0.5857142857142857 0.4642857142857143 4826
0.5857142857142857 0.4642857142857143 4826
0.5857142857142857 0.4642857142857143 4826
0.5857142857142857 0.4642857142857143 4826
0.5857142857142857 0.4642857142857143 4826
0.5857142857142857 0.4642857142857143 4826
0.5857142857142857 0.4642857142857143 4826
0.5857142857142857 0.4642857142857143 4826
0.5857142857142857 0.4642857142857143 4826
0.5857142857142857 0.4642857142857143 4826
0.5857142857142857 0.4642857142857143 4826
0.5857142857142857 0.4642857142857143 4826
0.5857142857142857 0.4642857142857143 4826
0.5857142857142857 0.4642857142857143 4826
0.5857142857142857 0.4642857142857143 4826
0.5857142857142857 0.4642857142857143 4826
0.5857142857142857 0.4642857142857143 4826
0.5857142857142857 0.4642857142857143 4826
0.5857142857142857 0.4642857142857143 4826
0.5857142857142857 0.4642857142857143 4826
0.5857142857142857 0.4642857142857143 4826
0.5857142857142857 0.4642857142857143 4826
0.5857142857142857 0.4642857142857143 4826
0.5857142857142857 0.4642857142857143 4826
0.5857142857142857 0.4642857142857143 4826
0.5857142857142857 0.4642857142857143 4826
0.5857142857142857 0.4642857142857143 4826
0.5857142857142857 0.4642857142857143 4826
0.5857142857142857 0.4642857142857143 4826
0.5857142857142857 0.4642857142857143 4826
0.5857142857142857 0.4642857142857143 4826
0.5857142857142857 0.45714285714285713 4826
0.5857142857142857 0.45714285714285713 4826
0.5857142857142857 0.45714285714285713 4826
0.5857142857142857 0.45714285714285713 4826
0.5857142857142857 0.45714285714285713 4826
0.5857142857142857 0.45714285714285713 4826
0.5857142857142857 0.45714285714285713 4826
0.5857142857142857 0.45714285714285713 4826
0.5857142857142857 0.45714285714285713 4826
0.5857142857142857 0.45714285714285713 4826
0.5857142857142857 0.45714285714285713 4826
0.5857142857142857 0.45714285714285713 4826
0.5857142857142857 0.45714285714285713 4826
0.5857142857142857 0.45714285714285713 4826
0.5857142857142857 0.45714285714285713 4826
0.5857142857142857 0.45714285714285713 4826
0.5857142857142857 0.45714285714285713 4826
0.5857142857142857 0.45714285714285713 4826
0.5857142857142857 0.45714285714285713 4826
0.5857142857142857 0.45714285714285713 4826
0.5857142857142857 0.45714285714285713 4826
0.5857142857142857 0.45714285714285713 4826
0.5857142857142857 0.45714285714285713 4826
0.5857142857142857 0.45714285714285713 4826
0.5857142857142857 0.45714285714285713 4826
0.5857142857142857 0.45714285714285713 4826
0.5857142857142857 0.45714285714285713 4826
0.5857142857142857 0.45714285714285713 4826
0.5857142857142857 0.45714285714285713 4826
0.5857142857142857 0.45714285714285713 4826
0.5857142857142857 0.45714285714285713 4826
0.5857142857142857 0.45714285714285713 4826
0.5857142857142857 0.45714285714285713 4826
0.5857142857142857 0.45714285714285713 4826
0.5857142857142857 0.45714285714285713 4826
0.5857142857142857 0.45714285714285713 4826
0.5857142857142857 0.45714285714285713 4826
0.5857142857142857 0.45714285714285713 4826
0.5857142857142857 0.45714285714285713 4826
0.5857142857142857 0.45714285714285713 4826
0.5857142857142857 0.45714285714285713 4826
0.5857142857142857 0.45714285714285713 4826
0.5857142857142857 0.45714285714285713 4826
0.5857142857142857 0.45714285714285713 4826
0.5857142857142857 0.45714285714285713 4826
0.5857142857142857 0.45714285714285713 4826
0.5857142857142857 0.4642857142857143 4826
0.5857142857142857 0.4642857142857143 4826
0.5857142857142857 0.4642857142857143 4826
0.5857142857142857 0.4642857142857143 4826
0.5857142857142857 0.4642857142857143 4826
0.5857142857142857 0.4642857142857143 4826
0.5857142857142857 0.4642857142857143 4826
0.5857142857142857 0.4642857142857143 4826
0.5857142857142857 0.4642857142857143 4826
0.5857142857142857 0.4642857142857143 4826
0.5857142857142857 0.4642857142857143 4826
0.5857142857142857 0.4642857142857143 4826
0.5857142857142857 0.4642857142857143 4826
0.5857142857142857 0.4642857142857143 4826
0.5857142857142857 0.4642857142857143 4826
0.5857142857142857 0.4642857142857143 4826
0.5857142857142857 0.4642857142857143 4826
0.5857142857142857 0.4642857142857143 4826
0.5857142857142857 0.4642857142857143 4826
0.5857142857142857 0.4642857142857143 4826
0.5857142857142857 0.4642857142857143 4826
0.5857142857142857 0.4642857142857143 4826
0.5857142857142857 0.4642857142857143 4826
0.5857142857142857 0.4642857142857143 4826
0.5857142857142857 0.4642857142857143 4826
0.5857142857142857 0.4642857142857143 4826
0.5857142857142857 0.4642857142857143 4826
0.5857142857142857 0.4642857142857143 4826
0.5857142857142857 0.4642857142857143 4826
0.5857142857142857 0.4642857142857143 4826
0.5857142857142857 0.4642857142857143 4826
0.5857142857142857 0.4642857142857143 4826
0.5857142857142857 0.4642857142857143 4826
0.5857142857142857 0.4642857142857143 4826
0.5857142857142857 0.4642857142857143 4826
0.5857142857142857 0.4642857142857143 4826
0.5857142857142857 0.4642857142857143 4826
0.5857142857142857 0.4642857142857143 4826
0.5857142857142857 0.4642857142857143 4826
0.5857142857142857 0.4642857142857143 4826
0.5857142857142857 0.4642857142857143 4826
0.5857142857142857 0.4642857142857143 4826
0.5857142857142857 0.4642857142857143 4826
0.5857142857142857 0.4642857142857143 4826
0.5857142857142857 0.4642857142857143 4826
0.5857142857142857 0.4642857142857143 4826
0.5857142857142857 0.4642857142857143 4826
0.5857142857142857 0.4642857142857143 4826
0.5857142857142857 0.4642857142857143 4826
0.5857142857142857 0.4642857142857143 4826
0.5857142857142857 0.4642857142857143 4826
0.5857142857142857 0.4642857142857143 4826
0.5857142857142857 0.4642857142857143 4826
0.5857142857142857 0.4642857142857143 4826
0.5857142857142857 0.4642857142857143 4826
0.5857142857142857 0.4642857142857143 4826
0.5857142857142857 0.4642857142857143 4826
0.5857142857142857 0.4642857142857143 4826
0.5857142857142857 0.4642857142857143 4826
0.5857142857142857 0.4642857142857143 4826
0.5857142857142857 0.4642857142857143 4826
0.5857142857142857 0.4642857142857143 4826
0.5857142857142857 0.4642857142857143 4826
0.5857142857142857 0.4642857142857143 4826
0.5857142857142857 0.4642857142857143 4826
0.5857142857142857 0.4642857142857143 4826
0.5857142857142857 0.4642857142857143 4826
0.5857142857142857 0.4642857142857143 4826
0.5857142857142857 0.4642857142857143 4826
0.5857142857142857 0.4642857142857143 4826
0.5857142857142857 0.4642857142857143 4826
0.5857142857142857 0.4642857142857143 4826
0.5857142857142857 0.4642857142857143 4826
0.5857142857142857 0.4642857142857143 4826
0.5857142857142857 0.4642857142857143 4826
0.5857142857142857 0.4642857142857143 4826
0.5857142857142857 0.4642857142857143 4826
0.5857142857142857 0.4642857142857143 4826
0.5857142857142857 0.4642857142857143 4826
0.5857142857142857 0.4642857142857143 4826
0.5857142857142857 0.4642857142857143 4826
0.5857142857142857 0.4714285714285714 4826
0.5857142857142857 0.4785714285714286 4826
0.5857142857142857 0.4785714285714286 4826
0.5857142857142857 0.4785714285714286 4826
0.5857142857142857 0.4785714285714286 4826
0.5857142857142857 0.4785714285714286 4826
0.5857142857142857 0.4785714285714286 4826
0.5857142857142857 0.4785714285714286 4826
0.5857142857142857 0.4785714285714286 4826
0.5857142857142857 0.4785714285714286 4826
0.5857142857142857 0.4785714285714286 4826
0.5857142857142857 0.4785714285714286 4826
0.5857142857142857 0.4785714285714286 4826
0.5857142857142857 0.4785714285714286 4826
0.5857142857142857 0.4785714285714286 4826
0.5857142857142857 0.4785714285714286 4826
0.5857142857142857 0.4785714285714286 4826
0.5857142857142857 0.4785714285714286 4826
0.5857142857142857 0.4785714285714286 4826
0.5857142857142857 0.4785714285714286 4826
0.5857142857142857 0.4785714285714286 4826
0.5857142857142857 0.4785714285714286 4826
0.5857142857142857 0.4785714285714286 4826
0.5857142857142857 0.4785714285714286 4826
0.5857142857142857 0.4785714285714286 4826
0.5857142857142857 0.4785714285714286 4826
0.5857142857142857 0.4785714285714286 4826
0.5857142857142857 0.4785714285714286 4826
0.5857142857142857 0.4785714285714286 4826
0.5857142857142857 0.4785714285714286 4826
0.5857142857142857 0.4785714285714286 4826
0.5857142857142857 0.4642857142857143 4826
0.5857142857142857 0.4642857142857143 4826
0.5857142857142857 0.4642857142857143 4826
0.5857142857142857 0.4642857142857143 4826
0.5857142857142857 0.4642857142857143 4826
0.5857142857142857 0.4642857142857143 4826
0.5857142857142857 0.4642857142857143 4826
0.5857142857142857 0.4642857142857143 4826
0.5857142857142857 0.4642857142857143 4826
0.5857142857142857 0.4642857142857143 4826
0.5857142857142857 0.4642857142857143 4826
0.5857142857142857 0.4642857142857143 4826
0.5857142857142857 0.4642857142857143 4826
0.5857142857142857 0.4642857142857143 4826
0.5857142857142857 0.4642857142857143 4826
0.5857142857142857 0.4642857142857143 4826
0.5857142857142857 0.4642857142857143 4826
0.5857142857142857 0.4642857142857143 4826
0.5857142857142857 0.4642857142857143 4826
0.5857142857142857 0.4642857142857143 4826
0.5857142857142857 0.4642857142857143 4826
0.5857142857142857 0.4642857142857143 4826
0.5857142857142857 0.4642857142857143 4826
0.5857142857142857 0.4642857142857143 4826
0.5857142857142857 0.4642857142857143 4826
0.5857142857142857 0.4642857142857143 4826
0.5857142857142857 0.4642857142857143 4826
0.5857142857142857 0.4642857142857143 4826
0.5857142857142857 0.4642857142857143 4826
0.5857142857142857 0.4642857142857143 4826
0.5857142857142857 0.4642857142857143 4826
0.5857142857142857 0.4642857142857143 4826
0.5857142857142857 0.4642857142857143 4826
0.5857142857142857 0.4642857142857143 4826
0.5857142857142857 0.4642857142857143 4826
0.5857142857142857 0.4642857142857143 4826
0.5857142857142857 0.4642857142857143 4826
0.5857142857142857 0.4642857142857143 4826
0.5857142857142857 0.4642857142857143 4826
0.5857142857142857 0.4642857142857143 4826
0.5857142857142857 0.4642857142857143 4826
0.5857142857142857 0.4642857142857143 4826
0.5857142857142857 0.4642857142857143 4826
0.5857142857142857 0.4642857142857143 4826
0.5857142857142857 0.4642857142857143 4826
0.5857142857142857 0.4642857142857143 4826
0.5857142857142857 0.4642857142857143 4826
0.5857142857142857 0.4642857142857143 4826
0.5857142857142857 0.4642857142857143 4826
0.5857142857142857 0.4642857142857143 4826
0.5857142857142857 0.4642857142857143 4826
0.5857142857142857 0.4642857142857143 4826
0.5857142857142857 0.4642857142857143 4826
0.5857142857142857 0.4642857142857143 4826
0.5857142857142857 0.4642857142857143 4826
0.5857142857142857 0.4642857142857143 4826
0.5857142857142857 0.4642857142857143 4826
0.5857142857142857 0.4642857142857143 4826
0.5857142857142857 0.4642857142857143 4826
0.5857142857142857 0.4642857142857143 4826
0.5857142857142857 0.4642857142857143 4826
0.5857142857142857 0.4642857142857143 4826
0.5857142857142857 0.4642857142857143 4826
0.5857142857142857 0.4642857142857143 4826
0.5857142857142857 0.4642857142857143 4826
0.5857142857142857 0.4642857142857143 4826
0.5857142857142857 0.4642857142857143 4826
0.5857142857142857 0.4642857142857143 4826
0.5857142857142857 0.4642857142857143 4826
0.5857142857142857 0.4642857142857143 4826
0.5857142857142857 0.4642857142857143 4826
0.5857142857142857 0.4642857142857143 4826
0.5857142857142857 0.4642857142857143 4826
0.5857142857142857 0.4642857142857143 4826
0.5857142857142857 0.4642857142857143 4826
0.5857142857142857 0.4642857142857143 4826
0.5857142857142857 0.4642857142857143 4826
0.5857142857142857 0.4642857142857143 4826
0.5857142857142857 0.4642857142857143 4826
0.5857142857142857 0.4642857142857143 4826
0.5857142857142857 0.4642857142857143 4826
0.5857142857142857 0.4642857142857143 4826
0.5857142857142857 0.4642857142857143 4826
0.5857142857142857 0.4642857142857143 4826
0.5857142857142857 0.4642857142857143 4826
0.5857142857142857 0.4642857142857143 4826
0.5857142857142857 0.4642857142857143 4826
0.5857142857142857 0.4642857142857143 4826
0.5857142857142857 0.4642857142857143 4826
0.5857142857142857 0.4642857142857143 4826
0.5857142857142857 0.4642857142857143 4826
0.5857142857142857 0.4642857142857143 4826
0.5857142857142857 0.4642857142857143 4826
0.5857142857142857 0.4642857142857143 4826
0.5857142857142857 0.4642857142857143 4826
0.5857142857142857 0.4642857142857143 4826
0.5857142857142857 0.4642857142857143 4826
0.5857142857142857 0.4642857142857143 4826
0.5857142857142857 0.4642857142857143 4826
0.5857142857142857 0.4642857142857143 4826
0.5857142857142857 0.4642857142857143 4826
0.5857142857142857 0.4642857142857143 4826
0.5857142857142857 0.4642857142857143 4826
0.5857142857142857 0.4642857142857143 4826
0.5857142857142857 0.4785714285714286 4826
0.5857142857142857 0.4785714285714286 4826
0.5857142857142857 0.4785714285714286 4826
0.5857142857142857 0.4785714285714286 4826
0.5857142857142857 0.4785714285714286 4826
0.5857142857142857 0.4785714285714286 4826
0.5857142857142857 0.4785714285714286 4826
0.5857142857142857 0.4785714285714286 4826
0.5857142857142857 0.4785714285714286 4826
0.5857142857142857 0.4785714285714286 4826
0.5857142857142857 0.4785714285714286 4826
0.5857142857142857 0.4785714285714286 4826
0.5857142857142857 0.4785714285714286 4826
0.5857142857142857 0.4785714285714286 4826
0.5857142857142857 0.4785714285714286 4826
0.5857142857142857 0.4785714285714286 4826
0.5857142857142857 0.4785714285714286 4826
0.5857142857142857 0.4785714285714286 4826
0.5857142857142857 0.4785714285714286 4826
0.5857142857142857 0.4785714285714286 4826
0.5857142857142857 0.4785714285714286 4826
0.5857142857142857 0.4785714285714286 4826
0.5857142857142857 0.4785714285714286 4826
0.5857142857142857 0.4785714285714286 4826
0.5857142857142857 0.4785714285714286 4826
0.5857142857142857 0.4785714285714286 4826
0.5857142857142857 0.4785714285714286 4826
0.5857142857142857 0.4785714285714286 4826
0.5857142857142857 0.4785714285714286 4826
0.5857142857142857 0.4785714285714286 4826
0.5857142857142857 0.4785714285714286 4826
0.5857142857142857 0.4785714285714286 4826
0.5857142857142857 0.4785714285714286 4826
0.5857142857142857 0.4928571428571429 4826
0.5857142857142857 0.4928571428571429 4826
0.5857142857142857 0.4928571428571429 4826
0.5857142857142857 0.4928571428571429 4826
0.5857142857142857 0.4928571428571429 4826
0.5857142857142857 0.4928571428571429 4826
0.5857142857142857 0.4928571428571429 4826
0.5857142857142857 0.4928571428571429 4826
0.5857142857142857 0.4928571428571429 4826
0.5857142857142857 0.4928571428571429 4826
0.5857142857142857 0.4928571428571429 4826
0.5857142857142857 0.4928571428571429 4826
0.5857142857142857 0.4928571428571429 4826
0.5857142857142857 0.4928571428571429 4826
0.5857142857142857 0.4928571428571429 4826
0.5857142857142857 0.4928571428571429 4826
0.5857142857142857 0.4928571428571429 4826
0.5857142857142857 0.4928571428571429 4826
0.5857142857142857 0.4928571428571429 4826
0.5857142857142857 0.4928571428571429 4826
0.5857142857142857 0.4928571428571429 4826
0.5857142857142857 0.4928571428571429 4826
0.5857142857142857 0.4928571428571429 4826
0.5857142857142857 0.4928571428571429 4826
0.5857142857142857 0.4928571428571429 4826
0.5857142857142857 0.4928571428571429 4826
0.5857142857142857 0.4928571428571429 4826
0.5857142857142857 0.4928571428571429 4826
0.5857142857142857 0.4928571428571429 4826
0.5857142857142857 0.4928571428571429 4826
0.5857142857142857 0.4928571428571429 4826
0.5857142857142857 0.4928571428571429 4826
0.5857142857142857 0.4928571428571429 4826
0.5857142857142857 0.4928571428571429 4826
0.5857142857142857 0.4928571428571429 4826
0.5857142857142857 0.4928571428571429 4826
0.5857142857142857 0.4928571428571429 4826
0.5857142857142857 0.4928571428571429 4826
0.5857142857142857 0.4928571428571429 4826
0.5857142857142857 0.5071428571428571 4826
0.5857142857142857 0.5071428571428571 4826
0.5857142857142857 0.5214285714285715 4826
0.5857142857142857 0.5214285714285715 4826
0.5857142857142857 0.5214285714285715 4826
0.5857142857142857 0.5214285714285715 4826
0.5857142857142857 0.5214285714285715 4826
0.5857142857142857 0.5214285714285715 4826
0.5857142857142857 0.5214285714285715 4826
0.5857142857142857 0.5214285714285715 4826
0.5857142857142857 0.5214285714285715 4826
0.5857142857142857 0.5214285714285715 4826
0.5857142857142857 0.5214285714285715 4826
0.5857142857142857 0.5214285714285715 4826
0.5857142857142857 0.5214285714285715 4826
0.5857142857142857 0.5214285714285715 4826
0.5857142857142857 0.5214285714285715 4826
0.5857142857142857 0.5214285714285715 4826
0.5857142857142857 0.5214285714285715 4826
0.5857142857142857 0.5214285714285715 4826
0.5857142857142857 0.5214285714285715 4826
0.5857142857142857 0.5214285714285715 4826
0.5857142857142857 0.5214285714285715 4826
0.5857142857142857 0.5214285714285715 4826
0.5857142857142857 0.5214285714285715 4826
0.5857142857142857 0.5214285714285715 4826
0.5857142857142857 0.5214285714285715 4826
0.5857142857142857 0.5214285714285715 4826
0.5857142857142857 0.5214285714285715 4826
0.5857142857142857 0.5214285714285715 4826
0.5857142857142857 0.5214285714285715 4826
0.5857142857142857 0.5214285714285715 4826
0.5857142857142857 0.5214285714285715 4826
0.5857142857142857 0.5214285714285715 4826
0.5857142857142857 0.5214285714285715 4826
0.5857142857142857 0.5214285714285715 4826
0.5857142857142857 0.5214285714285715 4826
0.5857142857142857 0.5214285714285715 4826
0.5857142857142857 0.5214285714285715 4826
0.5857142857142857 0.5214285714285715 4826
0.5857142857142857 0.5214285714285715 4826
0.5857142857142857 0.5214285714285715 4826
0.5857142857142857 0.5214285714285715 4826
0.5857142857142857 0.5214285714285715 4826
0.5857142857142857 0.5214285714285715 4826
0.5857142857142857 0.5214285714285715 4826
0.5857142857142857 0.5214285714285715 4826
0.5857142857142857 0.5214285714285715 4826
0.5857142857142857 0.5214285714285715 4826
0.5857142857142857 0.5214285714285715 4826
0.5857142857142857 0.5214285714285715 4826
0.5857142857142857 0.5214285714285715 4826
0.5857142857142857 0.5214285714285715 4826
0.5857142857142857 0.5214285714285715 4826
0.5857142857142857 0.5214285714285715 4826
0.5857142857142857 0.5214285714285715 4826
0.5857142857142857 0.5214285714285715 4826
0.5857142857142857 0.5214285714285715 4826
0.5857142857142857 0.5214285714285715 4826
0.5857142857142857 0.5214285714285715 4826
0.5857142857142857 0.5214285714285715 4826
0.5857142857142857 0.5214285714285715 4826
0.5857142857142857 0.5214285714285715 4826
0.5857142857142857 0.5214285714285715 4826
0.5857142857142857 0.5214285714285715 4826
0.5857142857142857 0.5214285714285715 4826
0.5857142857142857 0.5214285714285715 4826
0.5857142857142857 0.5214285714285715 4826
0.5857142857142857 0.5214285714285715 4826
0.5857142857142857 0.5214285714285715 4826
0.5857142857142857 0.5214285714285715 4826
0.5857142857142857 0.5214285714285715 4826
0.5857142857142857 0.5214285714285715 4826
0.5857142857142857 0.5214285714285715 4826
0.5857142857142857 0.5214285714285715 4826
0.5857142857142857 0.5214285714285715 4826
0.5857142857142857 0.5214285714285715 4826
0.5857142857142857 0.5214285714285715 4826
0.5857142857142857 0.5214285714285715 4826
0.5857142857142857 0.5214285714285715 4826
0.5857142857142857 0.5214285714285715 4826
0.5857142857142857 0.5214285714285715 4826
0.5857142857142857 0.5214285714285715 4826
0.5857142857142857 0.5214285714285715 4826
0.5857142857142857 0.5214285714285715 4826
0.5857142857142857 0.5214285714285715 4826
0.5857142857142857 0.5214285714285715 4826
0.5857142857142857 0.5214285714285715 4826
0.5857142857142857 0.5214285714285715 4826
0.5857142857142857 0.5214285714285715 4826
0.5857142857142857 0.5214285714285715 4826
0.5857142857142857 0.5214285714285715 4826
0.5857142857142857 0.5214285714285715 4826
0.5857142857142857 0.5214285714285715 4826
0.5857142857142857 0.5214285714285715 4826
0.5857142857142857 0.5214285714285715 4826
0.5857142857142857 0.5214285714285715 4826
0.5857142857142857 0.5214285714285715 4826
0.5857142857142857 0.5214285714285715 4826
0.5857142857142857 0.5214285714285715 4826
0.5857142857142857 0.5214285714285715 4826
0.5857142857142857 0.5214285714285715 4826
0.5857142857142857 0.5214285714285715 4826
0.5857142857142857 0.5214285714285715 4826
0.5857142857142857 0.5214285714285715 4826
0.5857142857142857 0.5214285714285715 4826
0.5857142857142857 0.5214285714285715 4826
0.5857142857142857 0.5214285714285715 4826
0.5857142857142857 0.5214285714285715 4826
0.5857142857142857 0.5214285714285715 4826
0.5857142857142857 0.5214285714285715 4826
0.5857142857142857 0.5214285714285715 4826
0.5857142857142857 0.5214285714285715 4826
0.5857142857142857 0.5214285714285715 4826
0.5857142857142857 0.5214285714285715 4826
0.5857142857142857 0.5214285714285715 4826
0.5857142857142857 0.5214285714285715 4826
0.5857142857142857 0.5214285714285715 4826
0.5857142857142857 0.5214285714285715 4826
0.5857142857142857 0.5214285714285715 4826
0.5857142857142857 0.5214285714285715 4826
0.5857142857142857 0.5214285714285715 4826
0.5857142857142857 0.5214285714285715 4826
0.5857142857142857 0.5214285714285715 4826
0.5857142857142857 0.5214285714285715 4826
0.5857142857142857 0.5214285714285715 4826
0.5857142857142857 0.5214285714285715 4826
0.5857142857142857 0.5214285714285715 4826
0.5857142857142857 0.5214285714285715 4826
0.5857142857142857 0.5214285714285715 4826
0.5857142857142857 0.5214285714285715 4826
0.5857142857142857 0.5214285714285715 4826
0.5857142857142857 0.5214285714285715 4826
0.5857142857142857 0.5214285714285715 4826
0.5857142857142857 0.5214285714285715 4826
0.5857142857142857 0.5214285714285715 4826
0.5857142857142857 0.5214285714285715 4826
0.5857142857142857 0.5214285714285715 4826
0.5857142857142857 0.5214285714285715 4826
0.5857142857142857 0.5214285714285715 4826
0.5857142857142857 0.5214285714285715 4826
0.5857142857142857 0.5214285714285715 4826
0.5857142857142857 0.5214285714285715 4826
0.5857142857142857 0.5214285714285715 4826
