0.5 0.2642857142857143 62
0.5571428571428572 0.4714285714285714 3254
0.5857142857142857 0.4785714285714286 3560
0.5714285714285714 0.4785714285714286 3742
0.5714285714285714 0.5071428571428571 3924
0.5785714285714286 0.4928571428571429 4034
0.6214285714285714 0.5428571428571428 4144
0.6214285714285714 0.5357142857142857 4234
0.6214285714285714 0.55 4306
0.6214285714285714 0.5642857142857143 4362
0.6214285714285714 0.5571428571428572 4404
0.6214285714285714 0.55 4446
0.6214285714285714 0.55 4476
0.6214285714285714 0.55 4506
0.6214285714285714 0.55 4526
0.6214285714285714 0.55 4546
0.6214285714285714 0.55 4558
0.6214285714285714 0.55 4570
0.6214285714285714 0.55 4576
0.6214285714285714 0.55 4582
0.6214285714285714 0.55 4588
0.6214285714285714 0.55 4594
0.6214285714285714 0.55 4600
0.6214285714285714 0.55 4606
0.6214285714285714 0.55 4612
0.6214285714285714 0.55 4618
0.6214285714285714 0.55 4624
0.6214285714285714 0.55 4630
0.6214285714285714 0.55 4636
0.6214285714285714 0.5428571428571428 4642
0.6214285714285714 0.5357142857142857 4648
0.6214285714285714 0.5357142857142857 4654
0.6214285714285714 0.5357142857142857 4660
0.6214285714285714 0.5357142857142857 4666
0.6214285714285714 0.5357142857142857 4672
0.6214285714285714 0.5357142857142857 4678
0.6214285714285714 0.5357142857142857 4684
0.6214285714285714 0.5357142857142857 4690
0.6214285714285714 0.5357142857142857 4692
0.6214285714285714 0.5357142857142857 4694
0.6214285714285714 0.5214285714285715 4696
0.6214285714285714 0.5214285714285715 4698
0.6214285714285714 0.5214285714285715 4700
0.6214285714285714 0.5214285714285715 4702
0.6214285714285714 0.5214285714285715 4704
0.6214285714285714 0.5214285714285715 4706
0.6214285714285714 0.5214285714285715 4708
0.6214285714285714 0.5214285714285715 4710
0.6214285714285714 0.5214285714285715 4712
0.6214285714285714 0.5214285714285715 4714
0.6214285714285714 0.5071428571428571 4716
0.6214285714285714 0.4928571428571429 4718
0.6214285714285714 0.4928571428571429 4720
0.6214285714285714 0.4928571428571429 4722
0.6214285714285714 0.4928571428571429 4724
0.6214285714285714 0.4928571428571429 4726
0.6214285714285714 0.4928571428571429 4728
0.6214285714285714 0.4928571428571429 4730
0.6214285714285714 0.4928571428571429 4732
0.6214285714285714 0.4928571428571429 4734
0.6214285714285714 0.4928571428571429 4736
0.6214285714285714 0.4928571428571429 4738
0.6214285714285714 0.5071428571428571 4740
0.6214285714285714 0.5071428571428571 4742
0.6214285714285714 0.5071428571428571 4744
0.6214285714285714 0.5071428571428571 4746
0.6214285714285714 0.5071428571428571 4748
0.6214285714285714 0.5071428571428571 4750
0.6214285714285714 0.5071428571428571 4752
0.6214285714285714 0.5071428571428571 4754
0.6214285714285714 0.5071428571428571 4756
0.6214285714285714 0.5071428571428571 4758
0.6214285714285714 0.5071428571428571 4760
0.6214285714285714 0.5071428571428571 4762
0.6214285714285714 0.5071428571428571 4764
0.6214285714285714 0.5071428571428571 4766
0.6214285714285714 0.5071428571428571 4768
0.6214285714285714 0.5071428571428571 4770
0.6214285714285714 0.5071428571428571 4772
0.6214285714285714 0.5071428571428571 4774
0.6214285714285714 0.5071428571428571 4776
0.6214285714285714 0.5071428571428571 4778
0.6214285714285714 0.5071428571428571 4780
0.6214285714285714 0.5071428571428571 4782
0.6214285714285714 0.5071428571428571 4784
0.6214285714285714 0.5071428571428571 4786
0.6214285714285714 0.5071428571428571 4788
0.6214285714285714 0.5142857142857142 4790
0.6214285714285714 0.5142857142857142 4792
0.6214285714285714 0.5142857142857142 4794
0.6214285714285714 0.5142857142857142 4796
0.6214285714285714 0.5142857142857142 4798
0.6214285714285714 0.5142857142857142 4800
0.6214285714285714 0.5142857142857142 4802
0.6214285714285714 0.5142857142857142 4804
0.6214285714285714 0.5142857142857142 4806
0.6214285714285714 0.5142857142857142 4808
0.6214285714285714 0.5142857142857142 4810
0.6214285714285714 0.5142857142857142 4812
0.6214285714285714 0.5142857142857142 4814
0.6214285714285714 0.5142857142857142 4816
0.6214285714285714 0.5142857142857142 4818
0.6214285714285714 0.5142857142857142 4820
0.6214285714285714 0.5142857142857142 4822
0.6214285714285714 0.5142857142857142 4824
0.6214285714285714 0.5142857142857142 4826
0.6214285714285714 0.5142857142857142 4826
0.6214285714285714 0.5142857142857142 4826
0.6214285714285714 0.5142857142857142 4826
0.6214285714285714 0.5142857142857142 4826
0.6214285714285714 0.5142857142857142 4826
0.6214285714285714 0.5142857142857142 4826
0.6214285714285714 0.5142857142857142 4826
0.6214285714285714 0.5142857142857142 4826
0.6214285714285714 0.5142857142857142 4826
0.6214285714285714 0.5142857142857142 4826
0.6214285714285714 0.5142857142857142 4826
0.6214285714285714 0.5142857142857142 4826
0.6214285714285714 0.5142857142857142 4826
0.6214285714285714 0.5142857142857142 4826
0.6214285714285714 0.5142857142857142 4826
0.6214285714285714 0.5142857142857142 4826
0.6214285714285714 0.5142857142857142 4826
0.6214285714285714 0.5142857142857142 4826
0.6214285714285714 0.5142857142857142 4826
0.6214285714285714 0.5142857142857142 4826
0.6214285714285714 0.5142857142857142 4826
0.6214285714285714 0.5142857142857142 4826
0.6214285714285714 0.5142857142857142 4826
0.6214285714285714 0.5142857142857142 4826
0.6214285714285714 0.5142857142857142 4826
0.6214285714285714 0.5142857142857142 4826
0.6214285714285714 0.5142857142857142 4826
0.6214285714285714 0.5142857142857142 4826
0.6214285714285714 0.5142857142857142 4826
0.6214285714285714 0.5142857142857142 4826
0.6214285714285714 0.5142857142857142 4826
0.6214285714285714 0.5142857142857142 4826
0.6214285714285714 0.5142857142857142 4826
0.6214285714285714 0.5142857142857142 4826
0.6214285714285714 0.5142857142857142 4826
0.6214285714285714 0.5142857142857142 4826
0.6214285714285714 0.5142857142857142 4826
0.6214285714285714 0.5142857142857142 4826
0.6214285714285714 0.5142857142857142 4826
0.6214285714285714 0.5142857142857142 4826
0.6214285714285714 0.5142857142857142 4826
0.6214285714285714 0.5142857142857142 4826
0.6214285714285714 0.5142857142857142 4826
0.6214285714285714 0.5142857142857142 4826
0.6214285714285714 0.5142857142857142 4826
0.6214285714285714 0.5142857142857142 4826
0.6214285714285714 0.5142857142857142 4826
0.6214285714285714 0.5142857142857142 4826
0.6214285714285714 0.5142857142857142 4826
0.6214285714285714 0.5142857142857142 4826
0.6214285714285714 0.5142857142857142 4826
0.6214285714285714 0.5142857142857142 4826
0.6214285714285714 0.5142857142857142 4826
0.6214285714285714 0.5142857142857142 4826
0.6214285714285714 0.5142857142857142 4826
0.6214285714285714 0.5142857142857142 4826
0.6214285714285714 0.5142857142857142 4826
0.6214285714285714 0.5142857142857142 4826
0.6214285714285714 0.5142857142857142 4826
0.6214285714285714 0.5142857142857142 4826
0.6214285714285714 0.5142857142857142 4826
0.6214285714285714 0.5142857142857142 4826
0.6214285714285714 0.5142857142857142 4826
0.6214285714285714 0.5142857142857142 4826
0.6214285714285714 0.5142857142857142 4826
0.6214285714285714 0.5142857142857142 4826
0.6214285714285714 0.5142857142857142 4826
0.6214285714285714 0.5071428571428571 4826
0.6214285714285714 0.5 4826
0.6214285714285714 0.5071428571428571 4826
0.6214285714285714 0.5 4826
0.6214285714285714 0.4928571428571429 4826
0.6214285714285714 0.4857142857142857 4826
0.6214285714285714 0.4857142857142857 4826
0.6214285714285714 0.4857142857142857 4826
0.6214285714285714 0.4857142857142857 4826
0.6214285714285714 0.4857142857142857 4826
0.6214285714285714 0.4857142857142857 4826
0.6214285714285714 0.4857142857142857 4826
0.6214285714285714 0.4857142857142857 4826
0.6214285714285714 0.4857142857142857 4826
0.6214285714285714 0.4857142857142857 4826
0.6214285714285714 0.4857142857142857 4826
0.6214285714285714 0.4857142857142857 4826
0.6214285714285714 0.4785714285714286 4826
0.6214285714285714 0.4785714285714286 4826
0.6214285714285714 0.4785714285714286 4826
0.6214285714285714 0.4785714285714286 4826
0.6214285714285714 0.4785714285714286 4826
0.6214285714285714 0.4785714285714286 4826
0.6214285714285714 0.4785714285714286 4826
0.6214285714285714 0.4785714285714286 4826
0.6214285714285714 0.4785714285714286 4826
0.6214285714285714 0.4785714285714286 4826
0.6214285714285714 0.4785714285714286 4826
0.6214285714285714 0.4785714285714286 4826
0.6214285714285714 0.4785714285714286 4826
0.6214285714285714 0.4785714285714286 4826
0.6214285714285714 0.4785714285714286 4826
0.6214285714285714 0.4785714285714286 4826
0.6214285714285714 0.4785714285714286 4826
0.6214285714285714 0.4785714285714286 4826
0.6214285714285714 0.4785714285714286 4826
0.6214285714285714 0.4785714285714286 4826
0.6214285714285714 0.4785714285714286 4826
0.6214285714285714 0.4785714285714286 4826
0.6214285714285714 0.4785714285714286 4826
0.6214285714285714 0.4785714285714286 4826
0.6214285714285714 0.4785714285714286 4826
0.6214285714285714 0.4785714285714286 4826
0.6214285714285714 0.4785714285714286 4826
0.6214285714285714 0.4785714285714286 4826
0.6214285714285714 0.4785714285714286 4826
0.6214285714285714 0.4785714285714286 4826
0.6214285714285714 0.4785714285714286 4826
0.6214285714285714 0.4785714285714286 4826
0.6214285714285714 0.4785714285714286 4826
0.6214285714285714 0.4785714285714286 4826
0.6214285714285714 0.4785714285714286 4826
0.6214285714285714 0.4785714285714286 4826
0.6214285714285714 0.4785714285714286 4826
0.6214285714285714 0.4785714285714286 4826
0.6214285714285714 0.4785714285714286 4826
0.6214285714285714 0.4785714285714286 4826
0.6214285714285714 0.4785714285714286 4826
0.6214285714285714 0.4785714285714286 4826
0.6214285714285714 0.4785714285714286 4826
0.6214285714285714 0.4785714285714286 4826
0.6214285714285714 0.4928571428571429 4826
0.6214285714285714 0.4928571428571429 4826
0.6214285714285714 0.4928571428571429 4826
0.6214285714285714 0.4928571428571429 4826
0.6214285714285714 0.4928571428571429 4826
0.6214285714285714 0.4928571428571429 4826
0.6214285714285714 0.4928571428571429 4826
0.6214285714285714 0.4928571428571429 4826
0.6214285714285714 0.4928571428571429 4826
0.6214285714285714 0.4928571428571429 4826
0.6214285714285714 0.4928571428571429 4826
0.6214285714285714 0.4928571428571429 4826
0.6214285714285714 0.4928571428571429 4826
0.6214285714285714 0.4928571428571429 4826
0.6214285714285714 0.4928571428571429 4826
0.6214285714285714 0.4928571428571429 4826
0.6214285714285714 0.4928571428571429 4826
0.6214285714285714 0.4928571428571429 4826
0.6214285714285714 0.4928571428571429 4826
0.6214285714285714 0.4928571428571429 4826
0.6214285714285714 0.4928571428571429 4826
0.6214285714285714 0.4928571428571429 4826
0.6214285714285714 0.4928571428571429 4826
0.6214285714285714 0.4928571428571429 4826
0.6214285714285714 0.4928571428571429 4826
0.6214285714285714 0.4928571428571429 4826
0.6214285714285714 0.4928571428571429 4826
0.6214285714285714 0.4928571428571429 4826
0.6214285714285714 0.4928571428571429 4826
0.6214285714285714 0.4928571428571429 4826
0.6214285714285714 0.4928571428571429 4826
0.6214285714285714 0.4928571428571429 4826
0.6214285714285714 0.4928571428571429 4826
0.6214285714285714 0.4928571428571429 4826
0.6214285714285714 0.4928571428571429 4826
0.6214285714285714 0.4928571428571429 4826
0.6214285714285714 0.4928571428571429 4826
0.6214285714285714 0.4928571428571429 4826
0.6214285714285714 0.4928571428571429 4826
0.6214285714285714 0.4928571428571429 4826
0.6214285714285714 0.4928571428571429 4826
0.6214285714285714 0.4928571428571429 4826
0.6214285714285714 0.4928571428571429 4826
0.6214285714285714 0.4928571428571429 4826
0.6214285714285714 0.4928571428571429 4826
0.6214285714285714 0.4928571428571429 4826
0.6214285714285714 0.4928571428571429 4826
0.6214285714285714 0.4928571428571429 4826
0.6214285714285714 0.4928571428571429 4826
0.6214285714285714 0.4928571428571429 4826
0.6214285714285714 0.4928571428571429 4826
0.6214285714285714 0.4928571428571429 4826
0.6214285714285714 0.4928571428571429 4826
0.6214285714285714 0.4928571428571429 4826
0.6214285714285714 0.4928571428571429 4826
0.6214285714285714 0.4928571428571429 4826
0.6214285714285714 0.4928571428571429 4826
0.6214285714285714 0.4928571428571429 4826
0.6214285714285714 0.4928571428571429 4826
0.6214285714285714 0.4928571428571429 4826
0.6214285714285714 0.4928571428571429 4826
0.6214285714285714 0.4928571428571429 4826
0.6214285714285714 0.4928571428571429 4826
0.6214285714285714 0.4928571428571429 4826
0.6214285714285714 0.4928571428571429 4826
0.6214285714285714 0.4928571428571429 4826
0.6214285714285714 0.4928571428571429 4826
0.6214285714285714 0.4928571428571429 4826
0.6214285714285714 0.4928571428571429 4826
0.6214285714285714 0.4928571428571429 4826
0.6214285714285714 0.4928571428571429 4826
0.6214285714285714 0.4928571428571429 4826
0.6214285714285714 0.4928571428571429 4826
0.6214285714285714 0.4928571428571429 4826
0.6214285714285714 0.4928571428571429 4826
0.6214285714285714 0.4928571428571429 4826
0.6214285714285714 0.4928571428571429 4826
0.6214285714285714 0.4928571428571429 4826
0.6214285714285714 0.4928571428571429 4826
0.6214285714285714 0.4928571428571429 4826
0.6214285714285714 0.4928571428571429 4826
0.6214285714285714 0.4928571428571429 4826
0.6214285714285714 0.4928571428571429 4826
0.6214285714285714 0.4928571428571429 4826
0.6214285714285714 0.4928571428571429 4826
0.6214285714285714 0.4928571428571429 4826
0.6214285714285714 0.4928571428571429 4826
0.6214285714285714 0.4928571428571429 4826
0.6214285714285714 0.4928571428571429 4826
0.6214285714285714 0.4928571428571429 4826
0.6214285714285714 0.4928571428571429 4826
0.6214285714285714 0.4928571428571429 4826
0.6214285714285714 0.4928571428571429 4826
0.6214285714285714 0.4928571428571429 4826
0.6214285714285714 0.4928571428571429 4826
0.6214285714285714 0.4928571428571429 4826
0.6214285714285714 0.4928571428571429 4826
0.6214285714285714 0.4928571428571429 4826
0.6214285714285714 0.4928571428571429 4826
0.6214285714285714 0.4928571428571429 4826
0.6214285714285714 0.4928571428571429 4826
0.6214285714285714 0.4928571428571429 4826
0.6214285714285714 0.4928571428571429 4826
0.6214285714285714 0.4928571428571429 4826
0.6214285714285714 0.4928571428571429 4826
0.6214285714285714 0.4928571428571429 4826
0.6214285714285714 0.4928571428571429 4826
0.6214285714285714 0.4928571428571429 4826
0.6214285714285714 0.4928571428571429 4826
0.6214285714285714 0.4928571428571429 4826
0.6214285714285714 0.4928571428571429 4826
0.6214285714285714 0.4928571428571429 4826
0.6214285714285714 0.4928571428571429 4826
0.6214285714285714 0.4928571428571429 4826
0.6214285714285714 0.4857142857142857 4826
0.6214285714285714 0.4857142857142857 4826
0.6214285714285714 0.4857142857142857 4826
0.6214285714285714 0.4857142857142857 4826
0.6214285714285714 0.4857142857142857 4826
0.6214285714285714 0.4857142857142857 4826
0.6214285714285714 0.4857142857142857 4826
0.6214285714285714 0.4857142857142857 4826
0.6214285714285714 0.4857142857142857 4826
0.6214285714285714 0.4857142857142857 4826
0.6214285714285714 0.4857142857142857 4826
0.6214285714285714 0.4857142857142857 4826
0.6214285714285714 0.4857142857142857 4826
0.6214285714285714 0.4785714285714286 4826
0.6214285714285714 0.4714285714285714 4826
0.6214285714285714 0.4714285714285714 4826
0.6214285714285714 0.4714285714285714 4826
0.6214285714285714 0.4714285714285714 4826
0.6214285714285714 0.4714285714285714 4826
0.6214285714285714 0.4714285714285714 4826
0.6214285714285714 0.4714285714285714 4826
0.6214285714285714 0.4714285714285714 4826
0.6214285714285714 0.4714285714285714 4826
0.6214285714285714 0.4714285714285714 4826
0.6214285714285714 0.4714285714285714 4826
0.6214285714285714 0.4714285714285714 4826
0.6214285714285714 0.4714285714285714 4826
0.6214285714285714 0.4714285714285714 4826
0.6214285714285714 0.4714285714285714 4826
0.6214285714285714 0.4714285714285714 4826
0.6214285714285714 0.4714285714285714 4826
0.6214285714285714 0.4714285714285714 4826
0.6214285714285714 0.4714285714285714 4826
0.6214285714285714 0.4714285714285714 4826
0.6214285714285714 0.4714285714285714 4826
0.6214285714285714 0.4714285714285714 4826
0.6214285714285714 0.4714285714285714 4826
0.6214285714285714 0.4714285714285714 4826
0.6214285714285714 0.4714285714285714 4826
0.6214285714285714 0.4714285714285714 4826
0.6214285714285714 0.4714285714285714 4826
0.6214285714285714 0.4714285714285714 4826
0.6214285714285714 0.4714285714285714 4826
0.6214285714285714 0.4714285714285714 4826
0.6214285714285714 0.4714285714285714 4826
0.6214285714285714 0.4714285714285714 4826
0.6214285714285714 0.4714285714285714 4826
0.6214285714285714 0.4714285714285714 4826
0.6214285714285714 0.4857142857142857 4826
0.6214285714285714 0.4857142857142857 4826
0.6214285714285714 0.4857142857142857 4826
0.6214285714285714 0.4857142857142857 4826
0.6214285714285714 0.4857142857142857 4826
0.6214285714285714 0.4857142857142857 4826
0.6214285714285714 0.4857142857142857 4826
0.6214285714285714 0.4857142857142857 4826
0.6214285714285714 0.4857142857142857 4826
0.6214285714285714 0.4857142857142857 4826
0.6214285714285714 0.4857142857142857 4826
0.6214285714285714 0.4857142857142857 4826
0.6214285714285714 0.4857142857142857 4826
0.6214285714285714 0.4928571428571429 4826
0.6214285714285714 0.5 4826
0.6214285714285714 0.5 4826
0.6214285714285714 0.5 4826
0.6214285714285714 0.5 4826
0.6214285714285714 0.5 4826
0.6214285714285714 0.5 4826
0.6214285714285714 0.5 4826
0.6214285714285714 0.5 4826
0.6214285714285714 0.5 4826
0.6214285714285714 0.5 4826
0.6214285714285714 0.5 4826
0.6214285714285714 0.5 4826
0.6214285714285714 0.5 4826
0.6214285714285714 0.5 4826
0.6214285714285714 0.5 4826
0.6214285714285714 0.5 4826
0.6214285714285714 0.5 4826
0.6214285714285714 0.5 4826
0.6214285714285714 0.5 4826
0.6214285714285714 0.5 4826
0.6214285714285714 0.5 4826
0.6214285714285714 0.5 4826
0.6214285714285714 0.5 4826
0.6214285714285714 0.5 4826
0.6214285714285714 0.5 4826
0.6214285714285714 0.5 4826
0.6214285714285714 0.5 4826
0.6214285714285714 0.5 4826
0.6214285714285714 0.5 4826
0.6214285714285714 0.5 4826
0.6214285714285714 0.5 4826
0.6214285714285714 0.5 4826
0.6214285714285714 0.5 4826
0.6214285714285714 0.5 4826
0.6214285714285714 0.5 4826
0.6214285714285714 0.5 4826
0.6214285714285714 0.5 4826
0.6214285714285714 0.5 4826
0.6214285714285714 0.5 4826
0.6214285714285714 0.5 4826
0.6214285714285714 0.5 4826
0.6214285714285714 0.5 4826
0.6214285714285714 0.5 4826
0.6214285714285714 0.5 4826
0.6214285714285714 0.5 4826
0.6214285714285714 0.5 4826
0.6214285714285714 0.5 4826
0.6214285714285714 0.5 4826
0.6214285714285714 0.5 4826
0.6214285714285714 0.5 4826
0.6214285714285714 0.5 4826
0.6214285714285714 0.5 4826
0.6214285714285714 0.5 4826
0.6214285714285714 0.5 4826
0.6214285714285714 0.5 4826
0.6214285714285714 0.5 4826
0.6214285714285714 0.5 4826
0.6214285714285714 0.5 4826
0.6214285714285714 0.5 4826
0.6214285714285714 0.5 4826
0.6214285714285714 0.5 4826
0.6214285714285714 0.5 4826
0.6214285714285714 0.5 4826
0.6214285714285714 0.5 4826
0.6214285714285714 0.5 4826
0.6214285714285714 0.5 4826
0.6214285714285714 0.5 4826
0.6214285714285714 0.5 4826
0.6214285714285714 0.5 4826
0.6214285714285714 0.5 4826
0.6214285714285714 0.5 4826
0.6214285714285714 0.5 4826
0.6214285714285714 0.5 4826
0.6214285714285714 0.5 4826
0.6214285714285714 0.5 4826
0.6214285714285714 0.5 4826
0.6214285714285714 0.5 4826
0.6214285714285714 0.5 4826
0.6214285714285714 0.5 4826
0.6214285714285714 0.5 4826
0.6214285714285714 0.5 4826
0.6214285714285714 0.5 4826
0.6214285714285714 0.5 4826
0.6214285714285714 0.5 4826
0.6214285714285714 0.5 4826
0.6214285714285714 0.5 4826
0.6214285714285714 0.5 4826
0.6214285714285714 0.5 4826
0.6214285714285714 0.5 4826
0.6214285714285714 0.5 4826
0.6214285714285714 0.5 4826
0.6214285714285714 0.5 4826
0.6214285714285714 0.5 4826
0.6214285714285714 0.5 4826
0.6214285714285714 0.5 4826
0.6214285714285714 0.5 4826
0.6214285714285714 0.5 4826
0.6214285714285714 0.5 4826
0.6214285714285714 0.5 4826
0.6214285714285714 0.5 4826
0.6214285714285714 0.5 4826
0.6214285714285714 0.5 4826
0.6214285714285714 0.5 4826
0.6214285714285714 0.5 4826
0.6214285714285714 0.5 4826
0.6214285714285714 0.5 4826
0.6214285714285714 0.5 4826
0.6214285714285714 0.5 4826
0.6214285714285714 0.5 4826
0.6214285714285714 0.5 4826
0.6214285714285714 0.5142857142857142 4826
0.6214285714285714 0.5142857142857142 4826
0.6214285714285714 0.5142857142857142 4826
0.6214285714285714 0.5142857142857142 4826
0.6214285714285714 0.5285714285714286 4826
0.6214285714285714 0.5285714285714286 4826
0.6214285714285714 0.5285714285714286 4826
0.6214285714285714 0.5285714285714286 4826
0.6214285714285714 0.5285714285714286 4826
0.6214285714285714 0.5285714285714286 4826
0.6214285714285714 0.5285714285714286 4826
0.6214285714285714 0.5285714285714286 4826
0.6214285714285714 0.5285714285714286 4826
0.6214285714285714 0.5285714285714286 4826
0.6214285714285714 0.5285714285714286 4826
0.6214285714285714 0.5285714285714286 4826
0.6214285714285714 0.5285714285714286 4826
0.6214285714285714 0.5285714285714286 4826
0.6214285714285714 0.5285714285714286 4826
0.6214285714285714 0.5285714285714286 4826
0.6214285714285714 0.5285714285714286 4826
0.6214285714285714 0.5285714285714286 4826
0.6214285714285714 0.5285714285714286 4826
0.6214285714285714 0.5285714285714286 4826
0.6214285714285714 0.5285714285714286 4826
0.6214285714285714 0.5285714285714286 4826
0.6214285714285714 0.5285714285714286 4826
0.6214285714285714 0.5285714285714286 4826
0.6214285714285714 0.5285714285714286 4826
0.6214285714285714 0.5285714285714286 4826
0.6214285714285714 0.5285714285714286 4826
0.6214285714285714 0.5285714285714286 4826
0.6214285714285714 0.5285714285714286 4826
0.6214285714285714 0.5285714285714286 4826
0.6214285714285714 0.5285714285714286 4826
0.6214285714285714 0.5285714285714286 4826
0.6214285714285714 0.5285714285714286 4826
0.6214285714285714 0.5285714285714286 4826
0.6214285714285714 0.5285714285714286 4826
0.6214285714285714 0.5285714285714286 4826
0.6214285714285714 0.5285714285714286 4826
0.6214285714285714 0.5285714285714286 4826
0.6214285714285714 0.5285714285714286 4826
0.6214285714285714 0.5285714285714286 4826
0.6214285714285714 0.5285714285714286 4826
0.6214285714285714 0.5285714285714286 4826
0.6214285714285714 0.5285714285714286 4826
0.6214285714285714 0.5285714285714286 4826
0.6214285714285714 0.5285714285714286 4826
0.6214285714285714 0.5428571428571428 4826
0.6214285714285714 0.5428571428571428 4826
0.6214285714285714 0.5428571428571428 4826
0.6214285714285714 0.5428571428571428 4826
0.6214285714285714 0.5428571428571428 4826
0.6214285714285714 0.5428571428571428 4826
0.6214285714285714 0.5428571428571428 4826
0.6214285714285714 0.5428571428571428 4826
0.6214285714285714 0.5428571428571428 4826
0.6214285714285714 0.5428571428571428 4826
0.6214285714285714 0.5428571428571428 4826
0.6214285714285714 0.5428571428571428 4826
0.6214285714285714 0.5428571428571428 4826
0.6214285714285714 0.5428571428571428 4826
0.6214285714285714 0.5428571428571428 4826
0.6214285714285714 0.5428571428571428 4826
0.6214285714285714 0.5428571428571428 4826
0.6214285714285714 0.5428571428571428 4826
0.6214285714285714 0.5428571428571428 4826
0.6214285714285714 0.5428571428571428 4826
0.6214285714285714 0.5428571428571428 4826
0.6214285714285714 0.5428571428571428 4826
0.6214285714285714 0.5428571428571428 4826
0.6214285714285714 0.5428571428571428 4826
0.6214285714285714 0.5428571428571428 4826
0.6214285714285714 0.5428571428571428 4826
0.6214285714285714 0.5428571428571428 4826
0.6214285714285714 0.5428571428571428 4826
0.6214285714285714 0.5428571428571428 4826
0.6214285714285714 0.5428571428571428 4826
0.6214285714285714 0.5428571428571428 4826
0.6214285714285714 0.5428571428571428 4826
0.6214285714285714 0.5428571428571428 4826
0.6214285714285714 0.5428571428571428 4826
0.6214285714285714 0.5428571428571428 4826
0.6214285714285714 0.5428571428571428 4826
0.6214285714285714 0.5428571428571428 4826
0.6214285714285714 0.5428571428571428 4826
0.6214285714285714 0.5428571428571428 4826
0.6214285714285714 0.5428571428571428 4826
0.6214285714285714 0.5428571428571428 4826
0.6214285714285714 0.5428571428571428 4826
0.6214285714285714 0.5428571428571428 4826
0.6214285714285714 0.5428571428571428 4826
0.6214285714285714 0.5428571428571428 4826
0.6214285714285714 0.5428571428571428 4826
0.6214285714285714 0.5428571428571428 4826
0.6214285714285714 0.5428571428571428 4826
0.6214285714285714 0.5428571428571428 4826
0.6214285714285714 0.5428571428571428 4826
0.6214285714285714 0.5428571428571428 4826
0.6214285714285714 0.5428571428571428 4826
0.6214285714285714 0.5428571428571428 4826
0.6214285714285714 0.5428571428571428 4826
0.6214285714285714 0.5428571428571428 4826
0.6214285714285714 0.5428571428571428 4826
0.6214285714285714 0.5428571428571428 4826
0.6214285714285714 0.5428571428571428 4826
0.6214285714285714 0.5428571428571428 4826
0.6214285714285714 0.5428571428571428 4826
0.6214285714285714 0.5428571428571428 4826
0.6214285714285714 0.5428571428571428 4826
0.6214285714285714 0.5428571428571428 4826
0.6214285714285714 0.5428571428571428 4826
0.6214285714285714 0.5428571428571428 4826
0.6214285714285714 0.5428571428571428 4826
0.6214285714285714 0.5428571428571428 4826
0.6214285714285714 0.5428571428571428 4826
0.6214285714285714 0.5428571428571428 4826
0.6214285714285714 0.5428571428571428 4826
0.6214285714285714 0.5428571428571428 4826
0.6214285714285714 0.5428571428571428 4826
0.6214285714285714 0.5428571428571428 4826
0.6214285714285714 0.5428571428571428 4826
0.6214285714285714 0.5428571428571428 4826
0.6214285714285714 0.5428571428571428 4826
0.6214285714285714 0.5428571428571428 4826
0.6214285714285714 0.5428571428571428 4826
0.6214285714285714 0.5428571428571428 4826
0.6214285714285714 0.5428571428571428 4826
0.6214285714285714 0.5428571428571428 4826
0.6214285714285714 0.5428571428571428 4826
0.6214285714285714 0.5428571428571428 4826
0.6214285714285714 0.5428571428571428 4826
0.6214285714285714 0.5428571428571428 4826
0.6214285714285714 0.5428571428571428 4826
0.6214285714285714 0.5428571428571428 4826
0.6214285714285714 0.5428571428571428 4826
0.6214285714285714 0.5428571428571428 4826
0.6214285714285714 0.5428571428571428 4826
0.6214285714285714 0.5428571428571428 4826
0.6214285714285714 0.5428571428571428 4826
0.6214285714285714 0.5428571428571428 4826
0.6214285714285714 0.5428571428571428 4826
0.6214285714285714 0.5428571428571428 4826
0.6214285714285714 0.5428571428571428 4826
0.6214285714285714 0.5428571428571428 4826
0.6214285714285714 0.5428571428571428 4826
0.6214285714285714 0.5428571428571428 4826
