0.5 0.2 62
0.55 0.44285714285714284 3254
0.5857142857142857 0.45714285714285713 3560
0.5857142857142857 0.5142857142857142 3742
0.5785714285714286 0.5428571428571428 3924
0.5785714285714286 0.5357142857142857 4034
0.6071428571428571 0.5428571428571428 4144
0.6071428571428571 0.5357142857142857 4234
0.6071428571428571 0.5357142857142857 4306
0.6 0.55 4362
0.6 0.5428571428571428 4404
0.6 0.5428571428571428 4446
0.6 0.5428571428571428 4476
0.6 0.5428571428571428 4506
0.6 0.5428571428571428 4526
0.6 0.5428571428571428 4546
0.6 0.5428571428571428 4558
0.6 0.55 4570
0.6 0.55 4576
0.6 0.55 4582
0.6 0.55 4588
0.6 0.55 4594
0.6 0.55 4600
0.6 0.5428571428571428 4606
0.6 0.5357142857142857 4612
0.6 0.5357142857142857 4618
0.6 0.5357142857142857 4624
0.6 0.5357142857142857 4630
0.6 0.5357142857142857 4636
0.6 0.5214285714285715 4642
0.6 0.5071428571428571 4648
0.6 0.5071428571428571 4654
0.6 0.5071428571428571 4660
0.6 0.5214285714285715 4666
0.6 0.5214285714285715 4672
0.6 0.5214285714285715 4678
0.6 0.5214285714285715 4684
0.6 0.5285714285714286 4690
0.6 0.5285714285714286 4692
0.6 0.5285714285714286 4694
0.6 0.5285714285714286 4696
0.6 0.5285714285714286 4698
0.6 0.5285714285714286 4700
0.6 0.5214285714285715 4702
0.6 0.5142857142857142 4704
0.6 0.5142857142857142 4706
0.6 0.5142857142857142 4708
0.6 0.5142857142857142 4710
0.6 0.5142857142857142 4712
0.6 0.5142857142857142 4714
0.6 0.5 4716
0.6 0.4857142857142857 4718
0.6 0.4857142857142857 4720
0.6 0.4857142857142857 4722
0.6 0.4857142857142857 4724
0.6 0.4857142857142857 4726
0.6 0.4857142857142857 4728
0.6 0.4857142857142857 4730
0.6 0.4857142857142857 4732
0.6 0.4857142857142857 4734
0.6 0.4857142857142857 4736
0.6 0.4857142857142857 4738
0.6 0.4857142857142857 4740
0.6 0.4857142857142857 4742
0.6 0.4857142857142857 4744
0.6 0.4857142857142857 4746
0.6 0.4857142857142857 4748
0.6 0.4857142857142857 4750
0.6 0.4857142857142857 4752
0.6 0.4857142857142857 4754
0.6 0.4857142857142857 4756
0.6 0.4857142857142857 4758
0.6 0.4857142857142857 4760
0.6 0.4857142857142857 4762
0.6 0.4857142857142857 4764
0.6 0.4857142857142857 4766
0.6 0.4857142857142857 4768
0.6 0.4857142857142857 4770
0.6 0.4857142857142857 4772
0.6 0.4857142857142857 4774
0.6 0.4785714285714286 4776
0.6 0.4785714285714286 4778
0.6 0.4785714285714286 4780
0.6 0.4785714285714286 4782
0.6 0.4785714285714286 4784
0.6 0.4928571428571429 4786
0.6 0.4928571428571429 4788
0.6 0.4928571428571429 4790
0.6 0.4928571428571429 4792
0.6 0.4928571428571429 4794
0.6 0.4928571428571429 4796
0.6 0.4928571428571429 4798
0.6 0.5071428571428571 4800
0.6 0.5071428571428571 4802
0.6 0.5071428571428571 4804
0.6 0.5071428571428571 4806
0.6 0.5071428571428571 4808
0.6 0.5071428571428571 4810
0.6 0.5071428571428571 4812
0.6 0.5071428571428571 4814
0.6 0.5071428571428571 4816
0.6 0.5071428571428571 4818
0.6 0.5071428571428571 4820
0.6 0.4928571428571429 4822
0.6 0.4928571428571429 4824
0.6 0.4928571428571429 4826
0.6 0.4928571428571429 4826
0.6 0.4928571428571429 4826
0.6 0.4928571428571429 4826
0.6 0.4928571428571429 4826
0.6 0.4928571428571429 4826
0.6 0.4928571428571429 4826
0.6 0.4928571428571429 4826
0.6 0.4928571428571429 4826
0.6 0.4928571428571429 4826
0.6 0.4928571428571429 4826
0.6 0.4928571428571429 4826
0.6 0.4928571428571429 4826
0.6 0.4928571428571429 4826
0.6 0.4928571428571429 4826
0.6 0.4928571428571429 4826
0.6 0.4928571428571429 4826
0.6 0.4928571428571429 4826
0.6 0.4928571428571429 4826
0.6 0.4928571428571429 4826
0.6 0.4928571428571429 4826
0.6 0.4928571428571429 4826
0.6 0.4928571428571429 4826
0.6 0.4928571428571429 4826
0.6 0.4928571428571429 4826
0.6 0.4928571428571429 4826
0.6 0.4928571428571429 4826
0.6 0.4928571428571429 4826
0.6 0.4928571428571429 4826
0.6 0.4928571428571429 4826
0.6 0.4928571428571429 4826
0.6 0.4928571428571429 4826
0.6 0.4928571428571429 4826
0.6 0.4928571428571429 4826
0.6 0.4928571428571429 4826
0.6 0.4928571428571429 4826
0.6 0.4928571428571429 4826
0.6 0.4928571428571429 4826
0.6 0.4928571428571429 4826
0.6 0.4928571428571429 4826
0.6 0.4928571428571429 4826
0.6 0.4928571428571429 4826
0.6 0.4928571428571429 4826
0.6 0.4928571428571429 4826
0.6 0.4928571428571429 4826
0.6 0.4928571428571429 4826
0.6 0.4928571428571429 4826
0.6 0.4928571428571429 4826
0.6 0.4928571428571429 4826
0.6 0.4928571428571429 4826
0.6 0.4928571428571429 4826
0.6 0.4928571428571429 4826
0.6 0.4928571428571429 4826
0.6 0.4928571428571429 4826
0.6 0.4928571428571429 4826
0.6 0.4928571428571429 4826
0.6 0.4928571428571429 4826
0.6 0.4928571428571429 4826
0.6 0.4928571428571429 4826
0.6 0.4928571428571429 4826
0.6 0.4928571428571429 4826
0.6 0.4928571428571429 4826
0.6 0.4928571428571429 4826
0.6 0.4928571428571429 4826
0.6 0.4928571428571429 4826
0.6 0.4928571428571429 4826
0.6 0.4928571428571429 4826
0.6 0.4928571428571429 4826
0.6 0.4928571428571429 4826
0.6 0.4928571428571429 4826
0.6 0.4928571428571429 4826
0.6 0.4928571428571429 4826
0.6 0.4928571428571429 4826
0.6 0.4928571428571429 4826
0.6 0.4928571428571429 4826
0.6 0.4928571428571429 4826
0.6 0.4928571428571429 4826
0.6 0.4928571428571429 4826
0.6 0.4928571428571429 4826
0.6 0.4928571428571429 4826
0.6 0.4928571428571429 4826
0.6 0.4928571428571429 4826
0.6 0.4928571428571429 4826
0.6 0.4928571428571429 4826
0.6 0.4928571428571429 4826
0.6 0.4857142857142857 4826
0.6 0.4857142857142857 4826
0.6 0.4857142857142857 4826
0.6 0.4857142857142857 4826
0.6 0.4857142857142857 4826
0.6 0.4857142857142857 4826
0.6 0.4857142857142857 4826
0.6 0.4857142857142857 4826
0.6 0.4857142857142857 4826
0.6 0.4857142857142857 4826
0.6 0.4857142857142857 4826
0.6 0.4857142857142857 4826
0.6 0.4857142857142857 4826
0.6 0.4857142857142857 4826
0.6 0.4857142857142857 4826
0.6 0.4857142857142857 4826
0.6 0.4857142857142857 4826
0.6 0.4857142857142857 4826
0.6 0.4857142857142857 4826
0.6 0.4857142857142857 4826
0.6 0.4857142857142857 4826
0.6 0.4857142857142857 4826
0.6 0.4857142857142857 4826
0.6 0.4857142857142857 4826
0.6 0.4857142857142857 4826
0.6 0.4857142857142857 4826
0.6 0.4857142857142857 4826
0.6 0.4857142857142857 4826
0.6 0.4857142857142857 4826
0.6 0.4857142857142857 4826
0.6 0.4857142857142857 4826
0.6 0.4857142857142857 4826
0.6 0.4857142857142857 4826
0.6 0.4857142857142857 4826
0.6 0.4857142857142857 4826
0.6 0.4857142857142857 4826
0.6 0.4857142857142857 4826
0.6 0.4857142857142857 4826
0.6 0.4857142857142857 4826
0.6 0.4857142857142857 4826
0.6 0.4857142857142857 4826
0.6 0.4857142857142857 4826
0.6 0.4857142857142857 4826
0.6 0.4857142857142857 4826
0.6 0.4857142857142857 4826
0.6 0.4857142857142857 4826
0.6 0.4857142857142857 4826
0.6 0.4857142857142857 4826
0.6 0.4857142857142857 4826
0.6 0.4857142857142857 4826
0.6 0.4857142857142857 4826
0.6 0.4857142857142857 4826
0.6 0.4857142857142857 4826
0.6 0.4857142857142857 4826
0.6 0.4857142857142857 4826
0.6 0.4857142857142857 4826
0.6 0.4857142857142857 4826
0.6 0.4857142857142857 4826
0.6 0.4857142857142857 4826
0.6 0.4857142857142857 4826
0.6 0.4857142857142857 4826
0.6 0.4857142857142857 4826
0.6 0.4857142857142857 4826
0.6 0.4857142857142857 4826
0.6 0.4857142857142857 4826
0.6 0.4857142857142857 4826
0.6 0.4857142857142857 4826
0.6 0.4857142857142857 4826
0.6 0.4857142857142857 4826
0.6 0.4857142857142857 4826
0.6 0.4857142857142857 4826
0.6 0.4857142857142857 4826
0.6 0.4857142857142857 4826
0.6 0.4857142857142857 4826
0.6 0.4857142857142857 4826
0.6 0.4857142857142857 4826
0.6 0.4857142857142857 4826
0.6 0.4857142857142857 4826
0.6 0.4857142857142857 4826
0.6 0.4857142857142857 4826
0.6 0.4857142857142857 4826
0.6 0.4857142857142857 4826
0.6 0.4857142857142857 4826
0.6 0.4857142857142857 4826
0.6 0.4857142857142857 4826
0.6 0.4857142857142857 4826
0.6 0.4857142857142857 4826
0.6 0.4857142857142857 4826
0.6 0.4857142857142857 4826
0.6 0.4857142857142857 4826
0.6 0.4857142857142857 4826
0.6 0.4857142857142857 4826
0.6 0.4857142857142857 4826
0.6 0.4857142857142857 4826
0.6 0.4857142857142857 4826
0.6 0.4857142857142857 4826
0.6 0.4857142857142857 4826
0.6 0.4857142857142857 4826
0.6 0.4857142857142857 4826
0.6 0.4857142857142857 4826
0.6 0.4857142857142857 4826
0.6 0.4857142857142857 4826
0.6 0.4857142857142857 4826
0.6 0.4857142857142857 4826
0.6 0.4857142857142857 4826
0.6 0.4857142857142857 4826
0.6 0.4857142857142857 4826
0.6 0.4857142857142857 4826
0.6 0.4857142857142857 4826
0.6 0.4857142857142857 4826
0.6 0.4857142857142857 4826
0.6 0.4857142857142857 4826
0.6 0.4857142857142857 4826
0.6 0.4857142857142857 4826
0.6 0.4857142857142857 4826
0.6 0.4857142857142857 4826
0.6 0.4857142857142857 4826
0.6 0.4857142857142857 4826
0.6 0.4857142857142857 4826
0.6 0.4857142857142857 4826
0.6 0.4857142857142857 4826
0.6 0.4857142857142857 4826
0.6 0.4857142857142857 4826
0.6 0.4857142857142857 4826
0.6 0.4857142857142857 4826
0.6 0.4857142857142857 4826
0.6 0.4857142857142857 4826
0.6 0.4857142857142857 4826
0.6 0.4857142857142857 4826
0.6 0.4857142857142857 4826
0.6 0.4857142857142857 4826
0.6 0.4857142857142857 4826
0.6 0.4857142857142857 4826
0.6 0.4857142857142857 4826
0.6 0.4857142857142857 4826
0.6 0.4857142857142857 4826
0.6 0.4857142857142857 4826
0.6 0.4857142857142857 4826
0.6 0.4857142857142857 4826
0.6 0.4857142857142857 4826
0.6 0.4857142857142857 4826
0.6 0.4857142857142857 4826
0.6 0.4857142857142857 4826
0.6 0.4857142857142857 4826
0.6 0.4857142857142857 4826
0.6 0.4857142857142857 4826
0.6 0.4857142857142857 4826
0.6 0.4857142857142857 4826
0.6 0.4857142857142857 4826
0.6 0.4857142857142857 4826
0.6 0.4857142857142857 4826
0.6 0.4857142857142857 4826
0.6 0.4857142857142857 4826
0.6 0.4857142857142857 4826
0.6 0.4857142857142857 4826
0.6 0.4857142857142857 4826
0.6 0.4857142857142857 4826
0.6 0.4857142857142857 4826
0.6 0.4785714285714286 4826
0.6 0.4785714285714286 4826
0.6 0.4785714285714286 4826
0.6 0.4785714285714286 4826
0.6 0.4785714285714286 4826
0.6 0.4785714285714286 4826
0.6 0.4785714285714286 4826
0.6 0.4785714285714286 4826
0.6 0.4785714285714286 4826
0.6 0.4785714285714286 4826
0.6 0.4785714285714286 4826
0.6 0.4785714285714286 4826
0.6 0.4785714285714286 4826
0.6 0.4785714285714286 4826
0.6 0.4785714285714286 4826
0.6 0.4785714285714286 4826
0.6 0.4785714285714286 4826
0.6 0.4785714285714286 4826
0.6 0.4785714285714286 4826
0.6 0.4785714285714286 4826
0.6 0.4785714285714286 4826
0.6 0.4785714285714286 4826
0.6 0.4857142857142857 4826
0.6 0.4928571428571429 4826
0.6 0.4928571428571429 4826
0.6 0.4928571428571429 4826
0.6 0.4928571428571429 4826
0.6 0.4928571428571429 4826
0.6 0.4928571428571429 4826
0.6 0.4928571428571429 4826
0.6 0.4928571428571429 4826
0.6 0.4928571428571429 4826
0.6 0.4928571428571429 4826
0.6 0.4928571428571429 4826
0.6 0.4928571428571429 4826
0.6 0.4928571428571429 4826
0.6 0.4928571428571429 4826
0.6 0.4928571428571429 4826
0.6 0.4928571428571429 4826
0.6 0.4928571428571429 4826
0.6 0.4928571428571429 4826
0.6 0.4928571428571429 4826
0.6 0.4928571428571429 4826
0.6 0.4928571428571429 4826
0.6 0.4928571428571429 4826
0.6 0.4928571428571429 4826
0.6 0.4928571428571429 4826
0.6 0.4928571428571429 4826
0.6 0.4928571428571429 4826
0.6 0.4928571428571429 4826
0.6 0.4928571428571429 4826
0.6 0.4928571428571429 4826
0.6 0.4928571428571429 4826
0.6 0.4928571428571429 4826
0.6 0.4928571428571429 4826
0.6 0.4928571428571429 4826
0.6 0.4928571428571429 4826
0.6 0.4928571428571429 4826
0.6 0.4928571428571429 4826
0.6 0.4928571428571429 4826
0.6 0.4928571428571429 4826
0.6 0.4928571428571429 4826
0.6 0.4928571428571429 4826
0.6 0.4928571428571429 4826
0.6 0.4928571428571429 4826
0.6 0.4928571428571429 4826
0.6 0.4928571428571429 4826
0.6 0.4928571428571429 4826
0.6 0.4928571428571429 4826
0.6 0.4928571428571429 4826
0.6 0.4928571428571429 4826
0.6 0.4928571428571429 4826
0.6 0.4928571428571429 4826
0.6 0.4928571428571429 4826
0.6 0.4928571428571429 4826
0.6 0.4928571428571429 4826
0.6 0.4928571428571429 4826
0.6 0.4928571428571429 4826
0.6 0.4928571428571429 4826
0.6 0.4928571428571429 4826
0.6 0.4928571428571429 4826
0.6 0.4928571428571429 4826
0.6 0.4928571428571429 4826
0.6 0.4928571428571429 4826
0.6 0.4928571428571429 4826
0.6 0.4928571428571429 4826
0.6 0.4928571428571429 4826
0.6 0.5071428571428571 4826
0.6 0.5071428571428571 4826
0.6 0.5071428571428571 4826
0.6 0.5071428571428571 4826
0.6 0.5071428571428571 4826
0.6 0.5071428571428571 4826
0.6 0.5142857142857142 4826
0.6 0.5214285714285715 4826
0.6 0.5214285714285715 4826
0.6 0.5214285714285715 4826
0.6 0.5214285714285715 4826
0.6 0.5142857142857142 4826
0.6 0.5142857142857142 4826
0.6 0.5142857142857142 4826
0.6 0.5142857142857142 4826
0.6 0.5142857142857142 4826
0.6 0.5142857142857142 4826
0.6 0.5142857142857142 4826
0.6 0.5142857142857142 4826
0.6 0.5142857142857142 4826
0.6 0.5142857142857142 4826
0.6 0.5142857142857142 4826
0.6 0.5142857142857142 4826
0.6 0.5142857142857142 4826
0.6 0.5142857142857142 4826
0.6 0.5142857142857142 4826
0.6 0.5142857142857142 4826
0.6 0.5142857142857142 4826
0.6 0.5142857142857142 4826
0.6 0.5142857142857142 4826
0.6 0.5142857142857142 4826
0.6 0.5142857142857142 4826
0.6 0.5142857142857142 4826
0.6 0.5142857142857142 4826
0.6 0.5142857142857142 4826
0.6 0.5142857142857142 4826
0.6 0.5142857142857142 4826
0.6 0.5142857142857142 4826
0.6 0.5142857142857142 4826
0.6 0.5142857142857142 4826
0.6 0.5142857142857142 4826
0.6 0.5142857142857142 4826
0.6 0.5142857142857142 4826
0.6 0.5142857142857142 4826
0.6 0.5142857142857142 4826
0.6 0.5142857142857142 4826
0.6 0.5142857142857142 4826
0.6 0.5142857142857142 4826
0.6 0.5142857142857142 4826
0.6 0.5142857142857142 4826
0.6 0.5142857142857142 4826
0.6 0.5142857142857142 4826
0.6 0.5142857142857142 4826
0.6 0.5142857142857142 4826
0.6 0.5142857142857142 4826
0.6 0.5142857142857142 4826
0.6 0.5142857142857142 4826
0.6 0.5142857142857142 4826
0.6 0.5142857142857142 4826
0.6 0.5142857142857142 4826
0.6 0.5142857142857142 4826
0.6 0.5142857142857142 4826
0.6 0.5142857142857142 4826
0.6 0.5142857142857142 4826
0.6 0.5142857142857142 4826
0.6 0.5142857142857142 4826
0.6 0.5142857142857142 4826
0.6 0.5142857142857142 4826
0.6 0.5142857142857142 4826
0.6 0.5142857142857142 4826
0.6 0.5142857142857142 4826
0.6 0.5142857142857142 4826
0.6 0.5142857142857142 4826
0.6 0.5142857142857142 4826
0.6 0.5142857142857142 4826
0.6 0.5142857142857142 4826
0.6 0.5142857142857142 4826
0.6 0.5142857142857142 4826
0.6 0.5142857142857142 4826
0.6 0.5142857142857142 4826
0.6 0.5142857142857142 4826
0.6 0.5142857142857142 4826
0.6 0.5142857142857142 4826
0.6 0.5142857142857142 4826
0.6 0.5142857142857142 4826
0.6 0.5142857142857142 4826
0.6 0.5142857142857142 4826
0.6 0.5142857142857142 4826
0.6 0.5142857142857142 4826
0.6 0.5142857142857142 4826
0.6 0.5142857142857142 4826
0.6 0.5142857142857142 4826
0.6 0.5285714285714286 4826
0.6 0.5285714285714286 4826
0.6 0.5357142857142857 4826
0.6 0.5428571428571428 4826
0.6 0.5428571428571428 4826
0.6 0.5428571428571428 4826
0.6 0.5428571428571428 4826
0.6 0.5428571428571428 4826
0.6 0.5428571428571428 4826
0.6 0.5428571428571428 4826
0.6 0.5428571428571428 4826
0.6 0.5428571428571428 4826
0.6 0.5428571428571428 4826
0.6 0.5428571428571428 4826
0.6 0.5428571428571428 4826
0.6 0.5428571428571428 4826
0.6 0.5428571428571428 4826
0.6 0.5428571428571428 4826
0.6 0.5428571428571428 4826
0.6 0.5428571428571428 4826
0.6 0.5428571428571428 4826
0.6 0.5428571428571428 4826
0.6 0.5428571428571428 4826
0.6 0.5428571428571428 4826
0.6 0.5428571428571428 4826
0.6 0.5428571428571428 4826
0.6 0.5428571428571428 4826
0.6 0.5428571428571428 4826
0.6 0.5428571428571428 4826
0.6 0.5428571428571428 4826
0.6 0.5428571428571428 4826
0.6 0.5428571428571428 4826
0.6 0.5428571428571428 4826
0.6 0.5428571428571428 4826
0.6 0.5428571428571428 4826
0.6 0.5428571428571428 4826
0.6 0.5428571428571428 4826
0.6 0.5428571428571428 4826
0.6 0.5428571428571428 4826
0.6 0.5428571428571428 4826
0.6 0.5428571428571428 4826
0.6 0.5428571428571428 4826
0.6 0.5428571428571428 4826
0.6 0.5428571428571428 4826
0.6 0.5428571428571428 4826
0.6 0.5428571428571428 4826
0.6 0.5428571428571428 4826
0.6 0.5428571428571428 4826
0.6 0.5428571428571428 4826
0.6 0.5428571428571428 4826
0.6 0.5428571428571428 4826
0.6 0.5428571428571428 4826
0.6 0.5428571428571428 4826
0.6 0.5428571428571428 4826
0.6 0.5428571428571428 4826
0.6 0.5428571428571428 4826
0.6 0.5428571428571428 4826
0.6 0.5428571428571428 4826
0.6 0.5428571428571428 4826
0.6 0.5428571428571428 4826
0.6 0.5428571428571428 4826
0.6 0.5428571428571428 4826
0.6 0.5428571428571428 4826
0.6 0.5428571428571428 4826
0.6 0.5428571428571428 4826
0.6 0.5428571428571428 4826
0.6 0.5428571428571428 4826
0.6 0.5428571428571428 4826
0.6 0.5428571428571428 4826
0.6 0.5428571428571428 4826
0.6 0.5428571428571428 4826
0.6 0.5428571428571428 4826
0.6 0.5428571428571428 4826
0.6 0.5428571428571428 4826
0.6 0.5428571428571428 4826
0.6 0.5428571428571428 4826
0.6 0.5428571428571428 4826
0.6 0.5428571428571428 4826
0.6 0.5428571428571428 4826
0.6 0.5428571428571428 4826
0.6 0.5428571428571428 4826
0.6 0.5428571428571428 4826
0.6 0.5428571428571428 4826
0.6 0.5428571428571428 4826
0.6 0.5428571428571428 4826
0.6 0.5428571428571428 4826
0.6 0.5428571428571428 4826
0.6 0.5428571428571428 4826
0.6 0.5428571428571428 4826
0.6 0.5428571428571428 4826
0.6 0.5428571428571428 4826
0.6 0.5428571428571428 4826
0.6 0.5428571428571428 4826
0.6 0.5428571428571428 4826
0.6 0.5428571428571428 4826
0.6 0.5428571428571428 4826
0.6 0.5428571428571428 4826
0.6 0.5428571428571428 4826
0.6 0.5571428571428572 4826
0.6 0.5571428571428572 4826
0.6 0.5571428571428572 4826
0.6 0.5571428571428572 4826
0.6 0.5571428571428572 4826
0.6 0.5571428571428572 4826
0.6 0.5571428571428572 4826
0.6 0.5571428571428572 4826
0.6 0.5571428571428572 4826
0.6 0.5571428571428572 4826
0.6 0.5571428571428572 4826
0.6 0.5571428571428572 4826
0.6 0.5571428571428572 4826
0.6 0.5571428571428572 4826
0.6 0.5571428571428572 4826
0.6 0.5571428571428572 4826
0.6 0.5571428571428572 4826
0.6 0.5571428571428572 4826
0.6 0.5571428571428572 4826
0.6 0.5571428571428572 4826
0.6 0.5571428571428572 4826
0.6 0.5571428571428572 4826
0.6 0.5571428571428572 4826
0.6 0.5571428571428572 4826
0.6 0.5571428571428572 4826
0.6 0.5571428571428572 4826
0.6 0.5571428571428572 4826
0.6 0.5571428571428572 4826
0.6 0.5571428571428572 4826
0.6 0.5571428571428572 4826
0.6 0.5571428571428572 4826
0.6 0.5571428571428572 4826
0.6 0.5571428571428572 4826
0.6 0.5571428571428572 4826
0.6 0.5571428571428572 4826
0.6 0.5571428571428572 4826
0.6 0.5571428571428572 4826
0.6 0.5571428571428572 4826
0.6 0.5571428571428572 4826
0.6 0.5571428571428572 4826
0.6 0.5571428571428572 4826
0.6 0.5571428571428572 4826
0.6 0.5571428571428572 4826
