0.5 0.18571428571428572 62
0.6428571428571429 0.5571428571428572 3254
0.65 0.55 3560
0.65 0.55 3742
0.6428571428571429 0.5857142857142857 3924
0.6428571428571429 0.5714285714285714 4034
0.6571428571428571 0.5857142857142857 4144
0.6571428571428571 0.5785714285714286 4234
0.6571428571428571 0.5857142857142857 4306
0.6571428571428571 0.5857142857142857 4362
0.6571428571428571 0.5785714285714286 4404
0.6571428571428571 0.5785714285714286 4446
0.6571428571428571 0.5785714285714286 4476
0.6571428571428571 0.5785714285714286 4506
0.6571428571428571 0.5785714285714286 4526
0.6571428571428571 0.5785714285714286 4546
0.6571428571428571 0.5785714285714286 4558
0.6571428571428571 0.5785714285714286 4570
0.6571428571428571 0.5785714285714286 4576
0.6571428571428571 0.5785714285714286 4582
0.6571428571428571 0.5785714285714286 4588
0.6571428571428571 0.5785714285714286 4594
0.6571428571428571 0.5785714285714286 4600
0.6571428571428571 0.5785714285714286 4606
0.6571428571428571 0.5785714285714286 4612
0.6571428571428571 0.5785714285714286 4618
0.6571428571428571 0.5785714285714286 4624
0.6571428571428571 0.5785714285714286 4630
0.6571428571428571 0.5785714285714286 4636
0.6571428571428571 0.5714285714285714 4642
0.6571428571428571 0.5642857142857143 4648
0.6571428571428571 0.5642857142857143 4654
0.6571428571428571 0.5642857142857143 4660
0.6571428571428571 0.5642857142857143 4666
0.6571428571428571 0.5642857142857143 4672
0.6571428571428571 0.5642857142857143 4678
0.6571428571428571 0.5642857142857143 4684
0.6571428571428571 0.5642857142857143 4690
0.6571428571428571 0.5642857142857143 4692
0.6571428571428571 0.5642857142857143 4694
0.6571428571428571 0.5642857142857143 4696
0.6571428571428571 0.5642857142857143 4698
0.6571428571428571 0.5642857142857143 4700
0.6571428571428571 0.5642857142857143 4702
0.6571428571428571 0.5642857142857143 4704
0.6571428571428571 0.5642857142857143 4706
0.6571428571428571 0.5642857142857143 4708
0.6571428571428571 0.5642857142857143 4710
0.6571428571428571 0.5642857142857143 4712
0.6571428571428571 0.5642857142857143 4714
0.6571428571428571 0.5571428571428572 4716
0.6571428571428571 0.55 4718
0.6571428571428571 0.55 4720
0.6571428571428571 0.55 4722
0.6571428571428571 0.55 4724
0.6571428571428571 0.55 4726
0.6571428571428571 0.55 4728
0.6571428571428571 0.55 4730
0.6571428571428571 0.55 4732
0.6571428571428571 0.5571428571428572 4734
0.6571428571428571 0.5571428571428572 4736
0.6571428571428571 0.5571428571428572 4738
0.6571428571428571 0.5571428571428572 4740
0.6571428571428571 0.5571428571428572 4742
0.6571428571428571 0.5571428571428572 4744
0.6571428571428571 0.5571428571428572 4746
0.6571428571428571 0.5571428571428572 4748
0.6571428571428571 0.5571428571428572 4750
0.6571428571428571 0.5571428571428572 4752
0.6571428571428571 0.5571428571428572 4754
0.6571428571428571 0.5571428571428572 4756
0.6571428571428571 0.5571428571428572 4758
0.6571428571428571 0.5571428571428572 4760
0.6571428571428571 0.5571428571428572 4762
0.6571428571428571 0.5571428571428572 4764
0.6571428571428571 0.5571428571428572 4766
0.6571428571428571 0.5571428571428572 4768
0.6571428571428571 0.5571428571428572 4770
0.6571428571428571 0.5571428571428572 4772
0.6571428571428571 0.5571428571428572 4774
0.6571428571428571 0.5571428571428572 4776
0.6571428571428571 0.55 4778
0.6571428571428571 0.5428571428571428 4780
0.6571428571428571 0.5428571428571428 4782
0.6571428571428571 0.5428571428571428 4784
0.6571428571428571 0.5428571428571428 4786
0.6571428571428571 0.5428571428571428 4788
0.6571428571428571 0.5428571428571428 4790
0.6571428571428571 0.5428571428571428 4792
0.6571428571428571 0.5428571428571428 4794
0.6571428571428571 0.5428571428571428 4796
0.6571428571428571 0.5428571428571428 4798
0.6571428571428571 0.5428571428571428 4800
0.6571428571428571 0.5428571428571428 4802
0.6571428571428571 0.5428571428571428 4804
0.6571428571428571 0.5428571428571428 4806
0.6571428571428571 0.5428571428571428 4808
0.6571428571428571 0.5428571428571428 4810
0.6571428571428571 0.5428571428571428 4812
0.6571428571428571 0.5428571428571428 4814
0.6571428571428571 0.5428571428571428 4816
0.6571428571428571 0.5428571428571428 4818
0.6571428571428571 0.5428571428571428 4820
0.6571428571428571 0.5428571428571428 4822
0.6571428571428571 0.5428571428571428 4824
0.6571428571428571 0.5428571428571428 4826
0.6571428571428571 0.5428571428571428 4826
0.6571428571428571 0.5428571428571428 4826
0.6571428571428571 0.5428571428571428 4826
0.6571428571428571 0.5428571428571428 4826
0.6571428571428571 0.5428571428571428 4826
0.6571428571428571 0.5428571428571428 4826
0.6571428571428571 0.5428571428571428 4826
0.6571428571428571 0.5428571428571428 4826
0.6571428571428571 0.5428571428571428 4826
0.6571428571428571 0.5428571428571428 4826
0.6571428571428571 0.5428571428571428 4826
0.6571428571428571 0.5428571428571428 4826
0.6571428571428571 0.5428571428571428 4826
0.6571428571428571 0.5428571428571428 4826
0.6571428571428571 0.5428571428571428 4826
0.6571428571428571 0.5428571428571428 4826
0.6571428571428571 0.5428571428571428 4826
0.6571428571428571 0.5428571428571428 4826
0.6571428571428571 0.5428571428571428 4826
0.6571428571428571 0.5428571428571428 4826
0.6571428571428571 0.5428571428571428 4826
0.6571428571428571 0.5428571428571428 4826
0.6571428571428571 0.5428571428571428 4826
0.6571428571428571 0.5428571428571428 4826
0.6571428571428571 0.5428571428571428 4826
0.6571428571428571 0.5428571428571428 4826
0.6571428571428571 0.5428571428571428 4826
0.6571428571428571 0.5428571428571428 4826
0.6571428571428571 0.5428571428571428 4826
0.6571428571428571 0.5428571428571428 4826
0.6571428571428571 0.5428571428571428 4826
0.6571428571428571 0.5428571428571428 4826
0.6571428571428571 0.5428571428571428 4826
0.6571428571428571 0.5428571428571428 4826
0.6571428571428571 0.5428571428571428 4826
0.6571428571428571 0.5428571428571428 4826
0.6571428571428571 0.5428571428571428 4826
0.6571428571428571 0.5428571428571428 4826
0.6571428571428571 0.5428571428571428 4826
0.6571428571428571 0.5428571428571428 4826
0.6571428571428571 0.5428571428571428 4826
0.6571428571428571 0.5428571428571428 4826
0.6571428571428571 0.5428571428571428 4826
0.6571428571428571 0.5428571428571428 4826
0.6571428571428571 0.5428571428571428 4826
0.6571428571428571 0.5428571428571428 4826
0.6571428571428571 0.5428571428571428 4826
0.6571428571428571 0.5428571428571428 4826
0.6571428571428571 0.5428571428571428 4826
0.6571428571428571 0.5428571428571428 4826
0.6571428571428571 0.5428571428571428 4826
0.6571428571428571 0.5428571428571428 4826
0.6571428571428571 0.5428571428571428 4826
0.6571428571428571 0.5428571428571428 4826
0.6571428571428571 0.5428571428571428 4826
0.6571428571428571 0.5428571428571428 4826
0.6571428571428571 0.5428571428571428 4826
0.6571428571428571 0.5428571428571428 4826
0.6571428571428571 0.5428571428571428 4826
0.6571428571428571 0.5428571428571428 4826
0.6571428571428571 0.5428571428571428 4826
0.6571428571428571 0.5428571428571428 4826
0.6571428571428571 0.5428571428571428 4826
0.6571428571428571 0.5428571428571428 4826
0.6571428571428571 0.5428571428571428 4826
0.6571428571428571 0.5428571428571428 4826
0.6571428571428571 0.5428571428571428 4826
0.6571428571428571 0.5571428571428572 4826
0.6571428571428571 0.5571428571428572 4826
0.6571428571428571 0.5571428571428572 4826
0.6571428571428571 0.5571428571428572 4826
0.6571428571428571 0.5571428571428572 4826
0.6571428571428571 0.5571428571428572 4826
0.6571428571428571 0.5571428571428572 4826
0.6571428571428571 0.5571428571428572 4826
0.6571428571428571 0.5571428571428572 4826
0.6571428571428571 0.5571428571428572 4826
0.6571428571428571 0.5571428571428572 4826
0.6571428571428571 0.5571428571428572 4826
0.6571428571428571 0.5571428571428572 4826
0.6571428571428571 0.5571428571428572 4826
0.6571428571428571 0.5571428571428572 4826
0.6571428571428571 0.5571428571428572 4826
0.6571428571428571 0.5571428571428572 4826
0.6571428571428571 0.5571428571428572 4826
0.6571428571428571 0.5571428571428572 4826
0.6571428571428571 0.5571428571428572 4826
0.6571428571428571 0.5571428571428572 4826
0.6571428571428571 0.5571428571428572 4826
0.6571428571428571 0.5571428571428572 4826
0.6571428571428571 0.5571428571428572 4826
0.6571428571428571 0.5571428571428572 4826
0.6571428571428571 0.5571428571428572 4826
0.6571428571428571 0.5571428571428572 4826
0.6571428571428571 0.5571428571428572 4826
0.6571428571428571 0.5571428571428572 4826
0.6571428571428571 0.5571428571428572 4826
0.6571428571428571 0.5571428571428572 4826
0.6571428571428571 0.5571428571428572 4826
0.6571428571428571 0.5571428571428572 4826
0.6571428571428571 0.5571428571428572 4826
0.6571428571428571 0.5571428571428572 4826
0.6571428571428571 0.5571428571428572 4826
0.6571428571428571 0.5571428571428572 4826
0.6571428571428571 0.5571428571428572 4826
0.6571428571428571 0.5571428571428572 4826
0.6571428571428571 0.5571428571428572 4826
0.6571428571428571 0.5571428571428572 4826
0.6571428571428571 0.5571428571428572 4826
0.6571428571428571 0.5571428571428572 4826
0.6571428571428571 0.5571428571428572 4826
0.6571428571428571 0.5571428571428572 4826
0.6571428571428571 0.5571428571428572 4826
0.6571428571428571 0.5571428571428572 4826
0.6571428571428571 0.5571428571428572 4826
0.6571428571428571 0.5571428571428572 4826
0.6571428571428571 0.5571428571428572 4826
0.6571428571428571 0.5571428571428572 4826
0.6571428571428571 0.5571428571428572 4826
0.6571428571428571 0.5571428571428572 4826
0.6571428571428571 0.5571428571428572 4826
0.6571428571428571 0.5571428571428572 4826
0.6571428571428571 0.5571428571428572 4826
0.6571428571428571 0.5571428571428572 4826
0.6571428571428571 0.5571428571428572 4826
0.6571428571428571 0.5571428571428572 4826
0.6571428571428571 0.5571428571428572 4826
0.6571428571428571 0.5571428571428572 4826
0.6571428571428571 0.5571428571428572 4826
0.6571428571428571 0.5571428571428572 4826
0.6571428571428571 0.5571428571428572 4826
0.6571428571428571 0.5571428571428572 4826
0.6571428571428571 0.5571428571428572 4826
0.6571428571428571 0.5571428571428572 4826
0.6571428571428571 0.5571428571428572 4826
0.6571428571428571 0.5571428571428572 4826
0.6571428571428571 0.5571428571428572 4826
0.6571428571428571 0.5571428571428572 4826
0.6571428571428571 0.5571428571428572 4826
0.6571428571428571 0.5571428571428572 4826
0.6571428571428571 0.5571428571428572 4826
0.6571428571428571 0.5571428571428572 4826
0.6571428571428571 0.5571428571428572 4826
0.6571428571428571 0.5571428571428572 4826
0.6571428571428571 0.5571428571428572 4826
0.6571428571428571 0.5571428571428572 4826
0.6571428571428571 0.5571428571428572 4826
0.6571428571428571 0.5571428571428572 4826
0.6571428571428571 0.5571428571428572 4826
0.6571428571428571 0.5571428571428572 4826
0.6571428571428571 0.5571428571428572 4826
0.6571428571428571 0.5571428571428572 4826
0.6571428571428571 0.5571428571428572 4826
0.6571428571428571 0.5571428571428572 4826
0.6571428571428571 0.5571428571428572 4826
0.6571428571428571 0.5571428571428572 4826
0.6571428571428571 0.5571428571428572 4826
0.6571428571428571 0.5571428571428572 4826
0.6571428571428571 0.5571428571428572 4826
0.6571428571428571 0.5571428571428572 4826
0.6571428571428571 0.5571428571428572 4826
0.6571428571428571 0.5571428571428572 4826
0.6571428571428571 0.5571428571428572 4826
0.6571428571428571 0.5571428571428572 4826
0.6571428571428571 0.5571428571428572 4826
0.6571428571428571 0.5571428571428572 4826
0.6571428571428571 0.5571428571428572 4826
0.6571428571428571 0.5571428571428572 4826
0.6571428571428571 0.5571428571428572 4826
0.6571428571428571 0.5571428571428572 4826
0.6571428571428571 0.5571428571428572 4826
0.6571428571428571 0.5571428571428572 4826
0.6571428571428571 0.5571428571428572 4826
0.6571428571428571 0.5571428571428572 4826
0.6571428571428571 0.5571428571428572 4826
0.6571428571428571 0.5571428571428572 4826
0.6571428571428571 0.5571428571428572 4826
0.6571428571428571 0.5571428571428572 4826
0.6571428571428571 0.5571428571428572 4826
0.6571428571428571 0.5571428571428572 4826
0.6571428571428571 0.5571428571428572 4826
0.6571428571428571 0.5571428571428572 4826
0.6571428571428571 0.5571428571428572 4826
0.6571428571428571 0.5571428571428572 4826
0.6571428571428571 0.5571428571428572 4826
0.6571428571428571 0.5571428571428572 4826
0.6571428571428571 0.5571428571428572 4826
0.6571428571428571 0.5571428571428572 4826
0.6571428571428571 0.5571428571428572 4826
0.6571428571428571 0.5571428571428572 4826
0.6571428571428571 0.5571428571428572 4826
0.6571428571428571 0.5571428571428572 4826
0.6571428571428571 0.5571428571428572 4826
0.6571428571428571 0.5571428571428572 4826
0.6571428571428571 0.5571428571428572 4826
0.6571428571428571 0.5571428571428572 4826
0.6571428571428571 0.5571428571428572 4826
0.6571428571428571 0.5571428571428572 4826
0.6571428571428571 0.5571428571428572 4826
0.6571428571428571 0.5571428571428572 4826
0.6571428571428571 0.5571428571428572 4826
0.6571428571428571 0.5571428571428572 4826
0.6571428571428571 0.5571428571428572 4826
0.6571428571428571 0.5571428571428572 4826
0.6571428571428571 0.5571428571428572 4826
0.6571428571428571 0.5571428571428572 4826
0.6571428571428571 0.5571428571428572 4826
0.6571428571428571 0.5571428571428572 4826
0.6571428571428571 0.5571428571428572 4826
0.6571428571428571 0.5571428571428572 4826
0.6571428571428571 0.5571428571428572 4826
0.6571428571428571 0.5571428571428572 4826
0.6571428571428571 0.5571428571428572 4826
0.6571428571428571 0.5571428571428572 4826
0.6571428571428571 0.5571428571428572 4826
0.6571428571428571 0.5571428571428572 4826
0.6571428571428571 0.5571428571428572 4826
0.6571428571428571 0.5571428571428572 4826
0.6571428571428571 0.5571428571428572 4826
0.6571428571428571 0.5571428571428572 4826
0.6571428571428571 0.5571428571428572 4826
0.6571428571428571 0.5571428571428572 4826
0.6571428571428571 0.5571428571428572 4826
0.6571428571428571 0.5571428571428572 4826
0.6571428571428571 0.5571428571428572 4826
0.6571428571428571 0.5571428571428572 4826
0.6571428571428571 0.5571428571428572 4826
0.6571428571428571 0.5571428571428572 4826
0.6571428571428571 0.5571428571428572 4826
0.6571428571428571 0.5571428571428572 4826
0.6571428571428571 0.5571428571428572 4826
0.6571428571428571 0.5571428571428572 4826
0.6571428571428571 0.5571428571428572 4826
0.6571428571428571 0.5571428571428572 4826
0.6571428571428571 0.5571428571428572 4826
0.6571428571428571 0.5571428571428572 4826
0.6571428571428571 0.5571428571428572 4826
0.6571428571428571 0.5571428571428572 4826
0.6571428571428571 0.5571428571428572 4826
0.6571428571428571 0.5571428571428572 4826
0.6571428571428571 0.5571428571428572 4826
0.6571428571428571 0.5571428571428572 4826
0.6571428571428571 0.5571428571428572 4826
0.6571428571428571 0.5571428571428572 4826
0.6571428571428571 0.5571428571428572 4826
0.6571428571428571 0.5571428571428572 4826
0.6571428571428571 0.5571428571428572 4826
0.6571428571428571 0.5571428571428572 4826
0.6571428571428571 0.5571428571428572 4826
0.6571428571428571 0.5571428571428572 4826
0.6571428571428571 0.5571428571428572 4826
0.6571428571428571 0.5571428571428572 4826
0.6571428571428571 0.5571428571428572 4826
0.6571428571428571 0.5571428571428572 4826
0.6571428571428571 0.5571428571428572 4826
0.6571428571428571 0.5571428571428572 4826
0.6571428571428571 0.5571428571428572 4826
0.6571428571428571 0.5571428571428572 4826
0.6571428571428571 0.5571428571428572 4826
0.6571428571428571 0.5571428571428572 4826
0.6571428571428571 0.5571428571428572 4826
0.6571428571428571 0.5571428571428572 4826
0.6571428571428571 0.5571428571428572 4826
0.6571428571428571 0.5571428571428572 4826
0.6571428571428571 0.5571428571428572 4826
0.6571428571428571 0.5571428571428572 4826
0.6571428571428571 0.5571428571428572 4826
0.6571428571428571 0.5571428571428572 4826
0.6571428571428571 0.5571428571428572 4826
0.6571428571428571 0.5571428571428572 4826
0.6571428571428571 0.5571428571428572 4826
0.6571428571428571 0.5571428571428572 4826
0.6571428571428571 0.5571428571428572 4826
0.6571428571428571 0.5571428571428572 4826
0.6571428571428571 0.5571428571428572 4826
0.6571428571428571 0.5571428571428572 4826
0.6571428571428571 0.5571428571428572 4826
0.6571428571428571 0.5571428571428572 4826
0.6571428571428571 0.5571428571428572 4826
0.6571428571428571 0.5571428571428572 4826
0.6571428571428571 0.5571428571428572 4826
0.6571428571428571 0.5571428571428572 4826
0.6571428571428571 0.5571428571428572 4826
0.6571428571428571 0.5571428571428572 4826
0.6571428571428571 0.5571428571428572 4826
0.6571428571428571 0.5571428571428572 4826
0.6571428571428571 0.5571428571428572 4826
0.6571428571428571 0.5571428571428572 4826
0.6571428571428571 0.5571428571428572 4826
0.6571428571428571 0.5571428571428572 4826
0.6571428571428571 0.5571428571428572 4826
0.6571428571428571 0.5571428571428572 4826
0.6571428571428571 0.5571428571428572 4826
0.6571428571428571 0.5571428571428572 4826
0.6571428571428571 0.5571428571428572 4826
0.6571428571428571 0.5571428571428572 4826
0.6571428571428571 0.5571428571428572 4826
0.6571428571428571 0.5571428571428572 4826
0.6571428571428571 0.5571428571428572 4826
0.6571428571428571 0.5571428571428572 4826
0.6571428571428571 0.5571428571428572 4826
0.6571428571428571 0.5571428571428572 4826
0.6571428571428571 0.5642857142857143 4826
0.6571428571428571 0.5714285714285714 4826
0.6571428571428571 0.5714285714285714 4826
0.6571428571428571 0.5714285714285714 4826
0.6571428571428571 0.5714285714285714 4826
0.6571428571428571 0.5714285714285714 4826
0.6571428571428571 0.5714285714285714 4826
0.6571428571428571 0.5714285714285714 4826
0.6571428571428571 0.5714285714285714 4826
0.6571428571428571 0.5714285714285714 4826
0.6571428571428571 0.5714285714285714 4826
0.6571428571428571 0.5714285714285714 4826
0.6571428571428571 0.5714285714285714 4826
0.6571428571428571 0.5714285714285714 4826
0.6571428571428571 0.5714285714285714 4826
0.6571428571428571 0.5714285714285714 4826
0.6571428571428571 0.5714285714285714 4826
0.6571428571428571 0.5714285714285714 4826
0.6571428571428571 0.5714285714285714 4826
0.6571428571428571 0.5714285714285714 4826
0.6571428571428571 0.5714285714285714 4826
0.6571428571428571 0.5714285714285714 4826
0.6571428571428571 0.5714285714285714 4826
0.6571428571428571 0.5714285714285714 4826
0.6571428571428571 0.5714285714285714 4826
0.6571428571428571 0.5714285714285714 4826
0.6571428571428571 0.5714285714285714 4826
0.6571428571428571 0.5714285714285714 4826
0.6571428571428571 0.5714285714285714 4826
0.6571428571428571 0.5714285714285714 4826
0.6571428571428571 0.5714285714285714 4826
0.6571428571428571 0.5714285714285714 4826
0.6571428571428571 0.5714285714285714 4826
0.6571428571428571 0.5714285714285714 4826
0.6571428571428571 0.5714285714285714 4826
0.6571428571428571 0.5714285714285714 4826
0.6571428571428571 0.5714285714285714 4826
0.6571428571428571 0.5714285714285714 4826
0.6571428571428571 0.5714285714285714 4826
0.6571428571428571 0.5714285714285714 4826
0.6571428571428571 0.5714285714285714 4826
0.6571428571428571 0.5714285714285714 4826
0.6571428571428571 0.5714285714285714 4826
0.6571428571428571 0.5714285714285714 4826
0.6571428571428571 0.5714285714285714 4826
0.6571428571428571 0.5714285714285714 4826
0.6571428571428571 0.5714285714285714 4826
0.6571428571428571 0.5714285714285714 4826
0.6571428571428571 0.5714285714285714 4826
0.6571428571428571 0.5714285714285714 4826
0.6571428571428571 0.5714285714285714 4826
0.6571428571428571 0.5714285714285714 4826
0.6571428571428571 0.5714285714285714 4826
0.6571428571428571 0.5714285714285714 4826
0.6571428571428571 0.5714285714285714 4826
0.6571428571428571 0.5714285714285714 4826
0.6571428571428571 0.5714285714285714 4826
0.6571428571428571 0.5714285714285714 4826
0.6571428571428571 0.5642857142857143 4826
0.6571428571428571 0.5571428571428572 4826
0.6571428571428571 0.5571428571428572 4826
0.6571428571428571 0.5571428571428572 4826
0.6571428571428571 0.5571428571428572 4826
0.6571428571428571 0.5571428571428572 4826
0.6571428571428571 0.5571428571428572 4826
0.6571428571428571 0.5571428571428572 4826
0.6571428571428571 0.5571428571428572 4826
0.6571428571428571 0.5571428571428572 4826
0.6571428571428571 0.5571428571428572 4826
0.6571428571428571 0.5571428571428572 4826
0.6571428571428571 0.5571428571428572 4826
0.6571428571428571 0.5571428571428572 4826
0.6571428571428571 0.5571428571428572 4826
0.6571428571428571 0.5571428571428572 4826
0.6571428571428571 0.5571428571428572 4826
0.6571428571428571 0.5571428571428572 4826
0.6571428571428571 0.5571428571428572 4826
0.6571428571428571 0.5571428571428572 4826
0.6571428571428571 0.5571428571428572 4826
0.6571428571428571 0.5571428571428572 4826
0.6571428571428571 0.5571428571428572 4826
0.6571428571428571 0.5571428571428572 4826
0.6571428571428571 0.5571428571428572 4826
0.6571428571428571 0.5571428571428572 4826
0.6571428571428571 0.5571428571428572 4826
0.6571428571428571 0.5571428571428572 4826
0.6571428571428571 0.5571428571428572 4826
0.6571428571428571 0.5571428571428572 4826
0.6571428571428571 0.5571428571428572 4826
0.6571428571428571 0.5571428571428572 4826
0.6571428571428571 0.5571428571428572 4826
0.6571428571428571 0.5571428571428572 4826
0.6571428571428571 0.5571428571428572 4826
0.6571428571428571 0.5571428571428572 4826
0.6571428571428571 0.5571428571428572 4826
0.6571428571428571 0.5571428571428572 4826
0.6571428571428571 0.5571428571428572 4826
0.6571428571428571 0.5571428571428572 4826
0.6571428571428571 0.5571428571428572 4826
0.6571428571428571 0.5571428571428572 4826
0.6571428571428571 0.5571428571428572 4826
0.6571428571428571 0.5571428571428572 4826
0.6571428571428571 0.5571428571428572 4826
0.6571428571428571 0.5571428571428572 4826
0.6571428571428571 0.5571428571428572 4826
0.6571428571428571 0.5571428571428572 4826
0.6571428571428571 0.5571428571428572 4826
0.6571428571428571 0.5571428571428572 4826
0.6571428571428571 0.5571428571428572 4826
0.6571428571428571 0.5571428571428572 4826
0.6571428571428571 0.5571428571428572 4826
0.6571428571428571 0.5571428571428572 4826
0.6571428571428571 0.5571428571428572 4826
0.6571428571428571 0.5571428571428572 4826
0.6571428571428571 0.5571428571428572 4826
0.6571428571428571 0.5571428571428572 4826
0.6571428571428571 0.5571428571428572 4826
0.6571428571428571 0.5571428571428572 4826
0.6571428571428571 0.5571428571428572 4826
0.6571428571428571 0.5571428571428572 4826
0.6571428571428571 0.5571428571428572 4826
0.6571428571428571 0.5571428571428572 4826
0.6571428571428571 0.5571428571428572 4826
0.6571428571428571 0.5571428571428572 4826
0.6571428571428571 0.5571428571428572 4826
0.6571428571428571 0.5571428571428572 4826
0.6571428571428571 0.5571428571428572 4826
0.6571428571428571 0.5571428571428572 4826
0.6571428571428571 0.5571428571428572 4826
0.6571428571428571 0.5571428571428572 4826
0.6571428571428571 0.5571428571428572 4826
0.6571428571428571 0.5571428571428572 4826
0.6571428571428571 0.5571428571428572 4826
0.6571428571428571 0.5571428571428572 4826
0.6571428571428571 0.5571428571428572 4826
0.6571428571428571 0.5571428571428572 4826
0.6571428571428571 0.5571428571428572 4826
0.6571428571428571 0.5571428571428572 4826
0.6571428571428571 0.5571428571428572 4826
0.6571428571428571 0.5571428571428572 4826
0.6571428571428571 0.5571428571428572 4826
0.6571428571428571 0.5571428571428572 4826
0.6571428571428571 0.5571428571428572 4826
0.6571428571428571 0.5571428571428572 4826
0.6571428571428571 0.5571428571428572 4826
0.6571428571428571 0.5571428571428572 4826
0.6571428571428571 0.5571428571428572 4826
0.6571428571428571 0.5571428571428572 4826
0.6571428571428571 0.5571428571428572 4826
0.6571428571428571 0.5571428571428572 4826
0.6571428571428571 0.5571428571428572 4826
0.6571428571428571 0.5571428571428572 4826
0.6571428571428571 0.5571428571428572 4826
0.6571428571428571 0.5571428571428572 4826
0.6571428571428571 0.5571428571428572 4826
0.6571428571428571 0.5571428571428572 4826
0.6571428571428571 0.5571428571428572 4826
0.6571428571428571 0.5571428571428572 4826
0.6571428571428571 0.5571428571428572 4826
0.6571428571428571 0.5571428571428572 4826
0.6571428571428571 0.5571428571428572 4826
0.6571428571428571 0.5714285714285714 4826
0.6571428571428571 0.5714285714285714 4826
0.6571428571428571 0.5714285714285714 4826
0.6571428571428571 0.5714285714285714 4826
0.6571428571428571 0.5714285714285714 4826
0.6571428571428571 0.5714285714285714 4826
0.6571428571428571 0.5714285714285714 4826
0.6571428571428571 0.5714285714285714 4826
0.6571428571428571 0.5714285714285714 4826
0.6571428571428571 0.5714285714285714 4826
0.6571428571428571 0.5714285714285714 4826
0.6571428571428571 0.5714285714285714 4826
0.6571428571428571 0.5714285714285714 4826
0.6571428571428571 0.5714285714285714 4826
0.6571428571428571 0.5714285714285714 4826
0.6571428571428571 0.5714285714285714 4826
0.6571428571428571 0.5714285714285714 4826
0.6571428571428571 0.5714285714285714 4826
0.6571428571428571 0.5714285714285714 4826
0.6571428571428571 0.5714285714285714 4826
0.6571428571428571 0.5714285714285714 4826
0.6571428571428571 0.5714285714285714 4826
0.6571428571428571 0.5714285714285714 4826
0.6571428571428571 0.5714285714285714 4826
0.6571428571428571 0.5714285714285714 4826
0.6571428571428571 0.5714285714285714 4826
0.6571428571428571 0.5714285714285714 4826
0.6571428571428571 0.5714285714285714 4826
0.6571428571428571 0.5714285714285714 4826
0.6571428571428571 0.5714285714285714 4826
0.6571428571428571 0.5714285714285714 4826
0.6571428571428571 0.5714285714285714 4826
0.6571428571428571 0.5714285714285714 4826
0.6571428571428571 0.5714285714285714 4826
0.6571428571428571 0.5714285714285714 4826
0.6571428571428571 0.5714285714285714 4826
0.6571428571428571 0.5714285714285714 4826
0.6571428571428571 0.5714285714285714 4826
0.6571428571428571 0.5714285714285714 4826
0.6571428571428571 0.5714285714285714 4826
0.6571428571428571 0.5714285714285714 4826
0.6571428571428571 0.5714285714285714 4826
0.6571428571428571 0.5714285714285714 4826
0.6571428571428571 0.5714285714285714 4826
0.6571428571428571 0.5714285714285714 4826
0.6571428571428571 0.5714285714285714 4826
0.6571428571428571 0.5714285714285714 4826
0.6571428571428571 0.5714285714285714 4826
0.6571428571428571 0.5714285714285714 4826
0.6571428571428571 0.5714285714285714 4826
0.6571428571428571 0.5714285714285714 4826
0.6571428571428571 0.5714285714285714 4826
0.6571428571428571 0.5714285714285714 4826
0.6571428571428571 0.5714285714285714 4826
0.6571428571428571 0.5714285714285714 4826
0.6571428571428571 0.5714285714285714 4826
0.6571428571428571 0.5714285714285714 4826
0.6571428571428571 0.5714285714285714 4826
0.6571428571428571 0.5714285714285714 4826
0.6571428571428571 0.5714285714285714 4826
0.6571428571428571 0.5714285714285714 4826
0.6571428571428571 0.5714285714285714 4826
0.6571428571428571 0.5714285714285714 4826
0.6571428571428571 0.5714285714285714 4826
0.6571428571428571 0.5714285714285714 4826
0.6571428571428571 0.5714285714285714 4826
0.6571428571428571 0.5714285714285714 4826
0.6571428571428571 0.5714285714285714 4826
0.6571428571428571 0.5714285714285714 4826
0.6571428571428571 0.5714285714285714 4826
0.6571428571428571 0.5714285714285714 4826
0.6571428571428571 0.5714285714285714 4826
0.6571428571428571 0.5714285714285714 4826
0.6571428571428571 0.5714285714285714 4826
0.6571428571428571 0.5714285714285714 4826
0.6571428571428571 0.5714285714285714 4826
0.6571428571428571 0.5714285714285714 4826
0.6571428571428571 0.5714285714285714 4826
0.6571428571428571 0.5714285714285714 4826
0.6571428571428571 0.5714285714285714 4826
0.6571428571428571 0.5714285714285714 4826
0.6571428571428571 0.5714285714285714 4826
0.6571428571428571 0.5714285714285714 4826
0.6571428571428571 0.5714285714285714 4826
0.6571428571428571 0.5714285714285714 4826
0.6571428571428571 0.5714285714285714 4826
0.6571428571428571 0.5714285714285714 4826
0.6571428571428571 0.5714285714285714 4826
0.6571428571428571 0.5714285714285714 4826
0.6571428571428571 0.5714285714285714 4826
0.6571428571428571 0.5714285714285714 4826
0.6571428571428571 0.5714285714285714 4826
0.6571428571428571 0.5714285714285714 4826
0.6571428571428571 0.5714285714285714 4826
0.6571428571428571 0.5714285714285714 4826
0.6571428571428571 0.5714285714285714 4826
0.6571428571428571 0.5714285714285714 4826
0.6571428571428571 0.5714285714285714 4826
0.6571428571428571 0.5714285714285714 4826
