0.5 0.24285714285714285 62
0.6071428571428571 0.5357142857142857 3254
0.6071428571428571 0.5214285714285715 3560
0.5928571428571429 0.5285714285714286 3742
0.5785714285714286 0.5214285714285715 3924
0.5785714285714286 0.5071428571428571 4034
0.6 0.4928571428571429 4144
0.6 0.4857142857142857 4234
0.6 0.4857142857142857 4306
0.6 0.5 4362
0.6 0.4857142857142857 4404
0.6 0.4785714285714286 4446
0.6 0.4857142857142857 4476
0.6 0.4857142857142857 4506
0.6 0.4928571428571429 4526
0.6 0.4928571428571429 4546
0.6 0.4928571428571429 4558
0.6 0.4928571428571429 4570
0.6 0.4928571428571429 4576
0.6 0.4928571428571429 4582
0.6 0.4928571428571429 4588
0.6 0.4928571428571429 4594
0.6 0.4928571428571429 4600
0.6 0.4928571428571429 4606
0.6 0.4928571428571429 4612
0.6 0.4928571428571429 4618
0.6 0.4928571428571429 4624
0.6 0.4928571428571429 4630
0.6 0.4928571428571429 4636
0.6 0.4928571428571429 4642
0.6 0.4928571428571429 4648
0.6 0.4928571428571429 4654
0.6 0.5 4660
0.6 0.5071428571428571 4666
0.6 0.5071428571428571 4672
0.6 0.5071428571428571 4678
0.6 0.5071428571428571 4684
0.6 0.5142857142857142 4690
0.6 0.5142857142857142 4692
0.6 0.5142857142857142 4694
0.6 0.5142857142857142 4696
0.6 0.5142857142857142 4698
0.6 0.5142857142857142 4700
0.6 0.5071428571428571 4702
0.6 0.5 4704
0.6 0.5 4706
0.6 0.5 4708
0.6 0.5 4710
0.6 0.5071428571428571 4712
0.6 0.5142857142857142 4714
0.6 0.5142857142857142 4716
0.6 0.5142857142857142 4718
0.6 0.5142857142857142 4720
0.6 0.5142857142857142 4722
0.6 0.5142857142857142 4724
0.6 0.5142857142857142 4726
0.6 0.5142857142857142 4728
0.6 0.5142857142857142 4730
0.6 0.5142857142857142 4732
0.6 0.5071428571428571 4734
0.6 0.5071428571428571 4736
0.6 0.5071428571428571 4738
0.6 0.5071428571428571 4740
0.6 0.5071428571428571 4742
0.6 0.5071428571428571 4744
0.6 0.5071428571428571 4746
0.6 0.5071428571428571 4748
0.6 0.5071428571428571 4750
0.6 0.5071428571428571 4752
0.6 0.5071428571428571 4754
0.6 0.5 4756
0.6 0.4928571428571429 4758
0.6 0.4928571428571429 4760
0.6 0.4928571428571429 4762
0.6 0.4928571428571429 4764
0.6 0.4928571428571429 4766
0.6 0.4928571428571429 4768
0.6 0.4928571428571429 4770
0.6 0.4928571428571429 4772
0.6 0.4928571428571429 4774
0.6 0.4928571428571429 4776
0.6 0.4857142857142857 4778
0.6 0.4785714285714286 4780
0.6 0.4785714285714286 4782
0.6 0.4785714285714286 4784
0.6 0.4785714285714286 4786
0.6 0.4785714285714286 4788
0.6 0.4785714285714286 4790
0.6 0.4785714285714286 4792
0.6 0.4785714285714286 4794
0.6 0.4785714285714286 4796
0.6 0.4785714285714286 4798
0.6 0.4785714285714286 4800
0.6 0.4785714285714286 4802
0.6 0.4785714285714286 4804
0.6 0.4785714285714286 4806
0.6 0.4785714285714286 4808
0.6 0.4785714285714286 4810
0.6 0.4785714285714286 4812
0.6 0.4785714285714286 4814
0.6 0.4785714285714286 4816
0.6 0.4785714285714286 4818
0.6 0.4785714285714286 4820
0.6 0.4785714285714286 4822
0.6 0.4785714285714286 4824
0.6 0.4785714285714286 4826
0.6 0.4785714285714286 4826
0.6 0.4785714285714286 4826
0.6 0.4785714285714286 4826
0.6 0.4785714285714286 4826
0.6 0.4785714285714286 4826
0.6 0.4785714285714286 4826
0.6 0.4785714285714286 4826
0.6 0.4785714285714286 4826
0.6 0.4785714285714286 4826
0.6 0.4785714285714286 4826
0.6 0.4785714285714286 4826
0.6 0.4785714285714286 4826
0.6 0.4785714285714286 4826
0.6 0.4785714285714286 4826
0.6 0.4785714285714286 4826
0.6 0.4785714285714286 4826
0.6 0.4785714285714286 4826
0.6 0.4785714285714286 4826
0.6 0.4785714285714286 4826
0.6 0.4785714285714286 4826
0.6 0.4785714285714286 4826
0.6 0.4785714285714286 4826
0.6 0.4785714285714286 4826
0.6 0.4785714285714286 4826
0.6 0.4785714285714286 4826
0.6 0.4785714285714286 4826
0.6 0.4785714285714286 4826
0.6 0.4785714285714286 4826
0.6 0.4785714285714286 4826
0.6 0.4785714285714286 4826
0.6 0.4785714285714286 4826
0.6 0.4785714285714286 4826
0.6 0.4785714285714286 4826
0.6 0.4785714285714286 4826
0.6 0.4785714285714286 4826
0.6 0.4785714285714286 4826
0.6 0.4785714285714286 4826
0.6 0.4785714285714286 4826
0.6 0.4785714285714286 4826
0.6 0.4785714285714286 4826
0.6 0.4785714285714286 4826
0.6 0.4785714285714286 4826
0.6 0.4785714285714286 4826
0.6 0.4785714285714286 4826
0.6 0.4785714285714286 4826
0.6 0.4785714285714286 4826
0.6 0.4785714285714286 4826
0.6 0.4785714285714286 4826
0.6 0.4785714285714286 4826
0.6 0.4785714285714286 4826
0.6 0.4785714285714286 4826
0.6 0.4785714285714286 4826
0.6 0.4785714285714286 4826
0.6 0.4785714285714286 4826
0.6 0.4785714285714286 4826
0.6 0.4785714285714286 4826
0.6 0.4785714285714286 4826
0.6 0.4785714285714286 4826
0.6 0.4785714285714286 4826
0.6 0.4785714285714286 4826
0.6 0.4785714285714286 4826
0.6 0.4785714285714286 4826
0.6 0.4785714285714286 4826
0.6 0.4785714285714286 4826
0.6 0.4785714285714286 4826
0.6 0.4785714285714286 4826
0.6 0.4785714285714286 4826
0.6 0.4785714285714286 4826
0.6 0.4785714285714286 4826
0.6 0.4785714285714286 4826
0.6 0.4785714285714286 4826
0.6 0.4714285714285714 4826
0.6 0.4642857142857143 4826
0.6 0.4642857142857143 4826
0.6 0.4642857142857143 4826
0.6 0.4642857142857143 4826
0.6 0.4642857142857143 4826
0.6 0.4642857142857143 4826
0.6 0.4642857142857143 4826
0.6 0.4642857142857143 4826
0.6 0.4642857142857143 4826
0.6 0.4642857142857143 4826
0.6 0.4642857142857143 4826
0.6 0.4642857142857143 4826
0.6 0.4642857142857143 4826
0.6 0.4642857142857143 4826
0.6 0.4642857142857143 4826
0.6 0.4642857142857143 4826
0.6 0.4642857142857143 4826
0.6 0.4642857142857143 4826
0.6 0.4642857142857143 4826
0.6 0.4642857142857143 4826
0.6 0.4642857142857143 4826
0.6 0.4642857142857143 4826
0.6 0.4642857142857143 4826
0.6 0.4642857142857143 4826
0.6 0.4642857142857143 4826
0.6 0.4642857142857143 4826
0.6 0.4642857142857143 4826
0.6 0.4642857142857143 4826
0.6 0.4642857142857143 4826
0.6 0.4642857142857143 4826
0.6 0.4642857142857143 4826
0.6 0.4642857142857143 4826
0.6 0.4642857142857143 4826
0.6 0.4642857142857143 4826
0.6 0.4642857142857143 4826
0.6 0.4642857142857143 4826
0.6 0.4642857142857143 4826
0.6 0.4642857142857143 4826
0.6 0.4642857142857143 4826
0.6 0.4642857142857143 4826
0.6 0.4642857142857143 4826
0.6 0.4642857142857143 4826
0.6 0.4642857142857143 4826
0.6 0.4642857142857143 4826
0.6 0.4642857142857143 4826
0.6 0.4642857142857143 4826
0.6 0.4642857142857143 4826
0.6 0.4642857142857143 4826
0.6 0.4642857142857143 4826
0.6 0.4642857142857143 4826
0.6 0.4642857142857143 4826
0.6 0.4642857142857143 4826
0.6 0.4642857142857143 4826
0.6 0.4642857142857143 4826
0.6 0.4642857142857143 4826
0.6 0.4642857142857143 4826
0.6 0.4642857142857143 4826
0.6 0.4642857142857143 4826
0.6 0.4642857142857143 4826
0.6 0.4642857142857143 4826
0.6 0.4642857142857143 4826
0.6 0.4642857142857143 4826
0.6 0.4642857142857143 4826
0.6 0.4642857142857143 4826
0.6 0.4642857142857143 4826
0.6 0.4642857142857143 4826
0.6 0.4642857142857143 4826
0.6 0.4642857142857143 4826
0.6 0.4642857142857143 4826
0.6 0.4642857142857143 4826
0.6 0.4642857142857143 4826
0.6 0.4642857142857143 4826
0.6 0.4642857142857143 4826
0.6 0.4642857142857143 4826
0.6 0.4642857142857143 4826
0.6 0.4642857142857143 4826
0.6 0.4642857142857143 4826
0.6 0.4642857142857143 4826
0.6 0.4642857142857143 4826
0.6 0.4642857142857143 4826
0.6 0.4642857142857143 4826
0.6 0.4642857142857143 4826
0.6 0.4642857142857143 4826
0.6 0.4642857142857143 4826
0.6 0.4642857142857143 4826
0.6 0.4642857142857143 4826
0.6 0.4642857142857143 4826
0.6 0.4642857142857143 4826
0.6 0.4642857142857143 4826
0.6 0.4642857142857143 4826
0.6 0.4642857142857143 4826
0.6 0.4642857142857143 4826
0.6 0.4642857142857143 4826
0.6 0.4642857142857143 4826
0.6 0.4642857142857143 4826
0.6 0.4642857142857143 4826
0.6 0.4642857142857143 4826
0.6 0.4642857142857143 4826
0.6 0.4642857142857143 4826
0.6 0.4642857142857143 4826
0.6 0.4642857142857143 4826
0.6 0.4642857142857143 4826
0.6 0.4642857142857143 4826
0.6 0.4642857142857143 4826
0.6 0.4642857142857143 4826
0.6 0.4642857142857143 4826
0.6 0.4642857142857143 4826
0.6 0.4642857142857143 4826
0.6 0.4642857142857143 4826
0.6 0.4642857142857143 4826
0.6 0.4642857142857143 4826
0.6 0.4642857142857143 4826
0.6 0.4642857142857143 4826
0.6 0.4642857142857143 4826
0.6 0.4642857142857143 4826
0.6 0.4642857142857143 4826
0.6 0.4642857142857143 4826
0.6 0.4642857142857143 4826
0.6 0.4642857142857143 4826
0.6 0.4642857142857143 4826
0.6 0.4642857142857143 4826
0.6 0.4642857142857143 4826
0.6 0.4642857142857143 4826
0.6 0.4642857142857143 4826
0.6 0.4642857142857143 4826
0.6 0.4642857142857143 4826
0.6 0.4642857142857143 4826
0.6 0.4642857142857143 4826
0.6 0.4642857142857143 4826
0.6 0.4642857142857143 4826
0.6 0.4642857142857143 4826
0.6 0.4642857142857143 4826
0.6 0.4642857142857143 4826
0.6 0.4642857142857143 4826
0.6 0.4642857142857143 4826
0.6 0.4642857142857143 4826
0.6 0.4642857142857143 4826
0.6 0.4642857142857143 4826
0.6 0.4642857142857143 4826
0.6 0.4642857142857143 4826
0.6 0.4642857142857143 4826
0.6 0.4642857142857143 4826
0.6 0.4642857142857143 4826
0.6 0.4642857142857143 4826
0.6 0.4642857142857143 4826
0.6 0.4642857142857143 4826
0.6 0.4642857142857143 4826
0.6 0.4642857142857143 4826
0.6 0.4642857142857143 4826
0.6 0.4642857142857143 4826
0.6 0.4642857142857143 4826
0.6 0.4642857142857143 4826
0.6 0.4642857142857143 4826
0.6 0.4642857142857143 4826
0.6 0.4642857142857143 4826
0.6 0.4642857142857143 4826
0.6 0.4642857142857143 4826
0.6 0.4714285714285714 4826
0.6 0.4785714285714286 4826
0.6 0.4785714285714286 4826
0.6 0.4785714285714286 4826
0.6 0.4785714285714286 4826
0.6 0.4785714285714286 4826
0.6 0.4785714285714286 4826
0.6 0.4785714285714286 4826
0.6 0.4785714285714286 4826
0.6 0.4785714285714286 4826
0.6 0.4785714285714286 4826
0.6 0.4785714285714286 4826
0.6 0.4785714285714286 4826
0.6 0.4785714285714286 4826
0.6 0.4785714285714286 4826
0.6 0.4785714285714286 4826
0.6 0.4785714285714286 4826
0.6 0.4785714285714286 4826
0.6 0.4785714285714286 4826
0.6 0.4785714285714286 4826
0.6 0.4785714285714286 4826
0.6 0.4785714285714286 4826
0.6 0.4785714285714286 4826
0.6 0.4785714285714286 4826
0.6 0.4785714285714286 4826
0.6 0.4785714285714286 4826
0.6 0.4785714285714286 4826
0.6 0.4785714285714286 4826
0.6 0.4785714285714286 4826
0.6 0.4785714285714286 4826
0.6 0.4785714285714286 4826
0.6 0.4785714285714286 4826
0.6 0.4785714285714286 4826
0.6 0.4785714285714286 4826
0.6 0.4785714285714286 4826
0.6 0.4785714285714286 4826
0.6 0.4785714285714286 4826
0.6 0.4785714285714286 4826
0.6 0.4785714285714286 4826
0.6 0.4785714285714286 4826
0.6 0.4785714285714286 4826
0.6 0.4785714285714286 4826
0.6 0.4785714285714286 4826
0.6 0.4785714285714286 4826
0.6 0.4785714285714286 4826
0.6 0.4785714285714286 4826
0.6 0.4785714285714286 4826
0.6 0.4785714285714286 4826
0.6 0.4785714285714286 4826
0.6 0.4785714285714286 4826
0.6 0.4785714285714286 4826
0.6 0.4785714285714286 4826
0.6 0.4785714285714286 4826
0.6 0.4857142857142857 4826
0.6 0.4928571428571429 4826
0.6 0.4928571428571429 4826
0.6 0.4928571428571429 4826
0.6 0.4928571428571429 4826
0.6 0.4928571428571429 4826
0.6 0.4928571428571429 4826
0.6 0.4928571428571429 4826
0.6 0.4928571428571429 4826
0.6 0.4928571428571429 4826
0.6 0.4928571428571429 4826
0.6 0.4928571428571429 4826
0.6 0.4928571428571429 4826
0.6 0.4928571428571429 4826
0.6 0.4928571428571429 4826
0.6 0.4928571428571429 4826
0.6 0.4928571428571429 4826
0.6 0.4928571428571429 4826
0.6 0.4928571428571429 4826
0.6 0.4928571428571429 4826
0.6 0.4928571428571429 4826
0.6 0.4928571428571429 4826
0.6 0.4928571428571429 4826
0.6 0.4928571428571429 4826
0.6 0.4928571428571429 4826
0.6 0.4928571428571429 4826
0.6 0.4928571428571429 4826
0.6 0.4928571428571429 4826
0.6 0.4928571428571429 4826
0.6 0.4928571428571429 4826
0.6 0.4928571428571429 4826
0.6 0.4928571428571429 4826
0.6 0.4928571428571429 4826
0.6 0.4928571428571429 4826
0.6 0.4928571428571429 4826
0.6 0.4928571428571429 4826
0.6 0.4928571428571429 4826
0.6 0.4928571428571429 4826
0.6 0.4928571428571429 4826
0.6 0.4928571428571429 4826
0.6 0.4928571428571429 4826
0.6 0.4928571428571429 4826
0.6 0.4928571428571429 4826
0.6 0.4928571428571429 4826
0.6 0.4928571428571429 4826
0.6 0.4928571428571429 4826
0.6 0.4928571428571429 4826
0.6 0.4928571428571429 4826
0.6 0.4928571428571429 4826
0.6 0.4928571428571429 4826
0.6 0.4928571428571429 4826
0.6 0.4928571428571429 4826
0.6 0.4928571428571429 4826
0.6 0.4928571428571429 4826
0.6 0.4928571428571429 4826
0.6 0.4928571428571429 4826
0.6 0.4928571428571429 4826
0.6 0.4928571428571429 4826
0.6 0.4928571428571429 4826
0.6 0.4928571428571429 4826
0.6 0.4928571428571429 4826
0.6 0.4928571428571429 4826
0.6 0.4928571428571429 4826
0.6 0.4928571428571429 4826
0.6 0.4928571428571429 4826
0.6 0.4928571428571429 4826
0.6 0.4928571428571429 4826
0.6 0.4928571428571429 4826
0.6 0.4928571428571429 4826
0.6 0.4928571428571429 4826
0.6 0.4928571428571429 4826
0.6 0.4928571428571429 4826
0.6 0.4928571428571429 4826
0.6 0.4928571428571429 4826
0.6 0.4928571428571429 4826
0.6 0.4928571428571429 4826
0.6 0.4928571428571429 4826
0.6 0.4928571428571429 4826
0.6 0.4928571428571429 4826
0.6 0.4928571428571429 4826
0.6 0.4928571428571429 4826
0.6 0.4928571428571429 4826
0.6 0.4928571428571429 4826
0.6 0.4928571428571429 4826
0.6 0.4928571428571429 4826
0.6 0.4928571428571429 4826
0.6 0.4928571428571429 4826
0.6 0.4928571428571429 4826
0.6 0.4928571428571429 4826
0.6 0.4928571428571429 4826
0.6 0.4928571428571429 4826
0.6 0.4928571428571429 4826
0.6 0.4928571428571429 4826
0.6 0.4928571428571429 4826
0.6 0.4928571428571429 4826
0.6 0.4928571428571429 4826
0.6 0.4928571428571429 4826
0.6 0.4928571428571429 4826
0.6 0.4928571428571429 4826
0.6 0.4928571428571429 4826
0.6 0.4928571428571429 4826
0.6 0.4928571428571429 4826
0.6 0.4928571428571429 4826
0.6 0.5071428571428571 4826
0.6 0.5071428571428571 4826
0.6 0.5071428571428571 4826
0.6 0.5071428571428571 4826
0.6 0.5071428571428571 4826
0.6 0.5071428571428571 4826
0.6 0.5071428571428571 4826
0.6 0.5071428571428571 4826
0.6 0.5071428571428571 4826
0.6 0.5071428571428571 4826
0.6 0.5071428571428571 4826
0.6 0.5071428571428571 4826
0.6 0.5071428571428571 4826
0.6 0.5071428571428571 4826
0.6 0.5071428571428571 4826
0.6 0.5071428571428571 4826
0.6 0.5071428571428571 4826
0.6 0.5071428571428571 4826
0.6 0.5071428571428571 4826
0.6 0.5071428571428571 4826
0.6 0.5071428571428571 4826
0.6 0.5071428571428571 4826
0.6 0.5071428571428571 4826
0.6 0.5071428571428571 4826
0.6 0.5071428571428571 4826
0.6 0.5071428571428571 4826
0.6 0.5071428571428571 4826
0.6 0.5071428571428571 4826
0.6 0.5071428571428571 4826
0.6 0.5071428571428571 4826
0.6 0.5071428571428571 4826
0.6 0.5071428571428571 4826
0.6 0.5071428571428571 4826
0.6 0.5071428571428571 4826
0.6 0.5071428571428571 4826
0.6 0.5071428571428571 4826
0.6 0.5071428571428571 4826
0.6 0.5071428571428571 4826
0.6 0.5071428571428571 4826
0.6 0.5071428571428571 4826
0.6 0.5071428571428571 4826
0.6 0.5071428571428571 4826
0.6 0.5071428571428571 4826
0.6 0.5071428571428571 4826
0.6 0.5071428571428571 4826
0.6 0.5071428571428571 4826
0.6 0.5071428571428571 4826
0.6 0.5071428571428571 4826
0.6 0.5071428571428571 4826
0.6 0.5071428571428571 4826
0.6 0.5071428571428571 4826
0.6 0.5071428571428571 4826
0.6 0.5071428571428571 4826
0.6 0.5071428571428571 4826
0.6 0.5071428571428571 4826
0.6 0.5071428571428571 4826
0.6 0.5071428571428571 4826
0.6 0.5071428571428571 4826
0.6 0.5071428571428571 4826
0.6 0.5071428571428571 4826
0.6 0.5071428571428571 4826
0.6 0.5071428571428571 4826
0.6 0.5071428571428571 4826
0.6 0.5071428571428571 4826
0.6 0.5071428571428571 4826
0.6 0.5071428571428571 4826
0.6 0.5071428571428571 4826
0.6 0.5071428571428571 4826
0.6 0.5071428571428571 4826
0.6 0.5071428571428571 4826
0.6 0.5071428571428571 4826
0.6 0.5071428571428571 4826
0.6 0.5071428571428571 4826
0.6 0.5071428571428571 4826
0.6 0.5071428571428571 4826
0.6 0.5071428571428571 4826
0.6 0.5071428571428571 4826
0.6 0.5071428571428571 4826
0.6 0.5071428571428571 4826
0.6 0.5071428571428571 4826
0.6 0.5071428571428571 4826
0.6 0.5071428571428571 4826
0.6 0.5071428571428571 4826
0.6 0.5071428571428571 4826
0.6 0.5071428571428571 4826
0.6 0.5071428571428571 4826
0.6 0.5071428571428571 4826
0.6 0.5071428571428571 4826
0.6 0.5071428571428571 4826
0.6 0.5071428571428571 4826
0.6 0.5071428571428571 4826
0.6 0.5071428571428571 4826
0.6 0.5071428571428571 4826
0.6 0.5071428571428571 4826
0.6 0.5071428571428571 4826
0.6 0.5071428571428571 4826
0.6 0.5071428571428571 4826
0.6 0.5071428571428571 4826
0.6 0.5071428571428571 4826
0.6 0.5071428571428571 4826
0.6 0.5071428571428571 4826
0.6 0.5071428571428571 4826
0.6 0.5071428571428571 4826
0.6 0.5071428571428571 4826
0.6 0.5071428571428571 4826
0.6 0.5071428571428571 4826
0.6 0.5071428571428571 4826
0.6 0.5071428571428571 4826
0.6 0.5071428571428571 4826
0.6 0.5071428571428571 4826
0.6 0.5071428571428571 4826
0.6 0.5071428571428571 4826
0.6 0.5071428571428571 4826
0.6 0.5071428571428571 4826
0.6 0.5071428571428571 4826
0.6 0.5071428571428571 4826
0.6 0.5071428571428571 4826
0.6 0.5071428571428571 4826
0.6 0.5071428571428571 4826
0.6 0.5071428571428571 4826
0.6 0.5071428571428571 4826
0.6 0.5071428571428571 4826
0.6 0.5071428571428571 4826
0.6 0.5071428571428571 4826
0.6 0.5071428571428571 4826
0.6 0.5071428571428571 4826
0.6 0.5071428571428571 4826
0.6 0.5071428571428571 4826
0.6 0.5071428571428571 4826
0.6 0.5071428571428571 4826
0.6 0.5071428571428571 4826
0.6 0.5071428571428571 4826
0.6 0.5071428571428571 4826
0.6 0.5071428571428571 4826
0.6 0.5071428571428571 4826
0.6 0.5071428571428571 4826
0.6 0.5071428571428571 4826
0.6 0.5071428571428571 4826
0.6 0.5071428571428571 4826
0.6 0.5071428571428571 4826
0.6 0.5071428571428571 4826
0.6 0.5071428571428571 4826
0.6 0.5071428571428571 4826
0.6 0.5071428571428571 4826
0.6 0.5071428571428571 4826
0.6 0.5071428571428571 4826
0.6 0.5071428571428571 4826
0.6 0.5071428571428571 4826
0.6 0.5071428571428571 4826
0.6 0.5071428571428571 4826
0.6 0.5071428571428571 4826
0.6 0.5071428571428571 4826
0.6 0.5071428571428571 4826
0.6 0.5071428571428571 4826
0.6 0.5071428571428571 4826
0.6 0.5071428571428571 4826
0.6 0.5071428571428571 4826
0.6 0.5071428571428571 4826
0.6 0.5071428571428571 4826
0.6 0.5071428571428571 4826
0.6 0.5071428571428571 4826
0.6 0.5071428571428571 4826
0.6 0.5071428571428571 4826
0.6 0.5071428571428571 4826
0.6 0.5071428571428571 4826
0.6 0.5071428571428571 4826
0.6 0.5071428571428571 4826
0.6 0.5071428571428571 4826
0.6 0.5071428571428571 4826
0.6 0.5071428571428571 4826
0.6 0.5071428571428571 4826
0.6 0.5071428571428571 4826
0.6 0.5071428571428571 4826
0.6 0.5071428571428571 4826
0.6 0.5071428571428571 4826
0.6 0.5071428571428571 4826
0.6 0.5071428571428571 4826
