0.5 0.2642857142857143 62
0.5071428571428571 0.4714285714285714 3254
0.5 0.44285714285714284 3560
0.5 0.45714285714285713 3742
0.4928571428571429 0.4642857142857143 3924
0.4928571428571429 0.4714285714285714 4034
0.5142857142857142 0.4714285714285714 4144
0.5142857142857142 0.4642857142857143 4234
0.5142857142857142 0.45714285714285713 4306
0.5142857142857142 0.4642857142857143 4362
0.5142857142857142 0.45714285714285713 4404
0.5142857142857142 0.45714285714285713 4446
0.5142857142857142 0.45714285714285713 4476
0.5142857142857142 0.45714285714285713 4506
0.5142857142857142 0.45 4526
0.5142857142857142 0.45 4546
0.5142857142857142 0.45714285714285713 4558
0.5071428571428571 0.45714285714285713 4570
0.5071428571428571 0.45714285714285713 4576
0.5071428571428571 0.45714285714285713 4582
0.5071428571428571 0.45714285714285713 4588
0.5071428571428571 0.45 4594
0.5071428571428571 0.45 4600
0.5071428571428571 0.45 4606
0.5071428571428571 0.45 4612
0.5071428571428571 0.45 4618
0.5071428571428571 0.45 4624
0.5071428571428571 0.45 4630
0.5071428571428571 0.45 4636
0.5071428571428571 0.45 4642
0.5071428571428571 0.45 4648
0.5071428571428571 0.45 4654
0.5071428571428571 0.45 4660
0.5071428571428571 0.45 4666
0.5071428571428571 0.45 4672
0.5071428571428571 0.45 4678
0.5071428571428571 0.45 4684
0.5071428571428571 0.45714285714285713 4690
0.5071428571428571 0.45714285714285713 4692
0.5071428571428571 0.45714285714285713 4694
0.5071428571428571 0.45714285714285713 4696
0.5071428571428571 0.45714285714285713 4698
0.5071428571428571 0.45714285714285713 4700
0.5071428571428571 0.45714285714285713 4702
0.5071428571428571 0.45714285714285713 4704
0.5071428571428571 0.45714285714285713 4706
0.5071428571428571 0.45714285714285713 4708
0.5071428571428571 0.45714285714285713 4710
0.5071428571428571 0.45714285714285713 4712
0.5071428571428571 0.45714285714285713 4714
0.5071428571428571 0.45 4716
0.5071428571428571 0.44285714285714284 4718
0.5071428571428571 0.44285714285714284 4720
0.5071428571428571 0.44285714285714284 4722
0.5071428571428571 0.44285714285714284 4724
0.5071428571428571 0.44285714285714284 4726
0.5071428571428571 0.44285714285714284 4728
0.5071428571428571 0.44285714285714284 4730
0.5071428571428571 0.44285714285714284 4732
0.5071428571428571 0.44285714285714284 4734
0.5071428571428571 0.44285714285714284 4736
0.5071428571428571 0.44285714285714284 4738
0.5071428571428571 0.44285714285714284 4740
0.5071428571428571 0.44285714285714284 4742
0.5071428571428571 0.44285714285714284 4744
0.5071428571428571 0.44285714285714284 4746
0.5071428571428571 0.44285714285714284 4748
0.5071428571428571 0.44285714285714284 4750
0.5071428571428571 0.44285714285714284 4752
0.5071428571428571 0.44285714285714284 4754
0.5071428571428571 0.44285714285714284 4756
0.5071428571428571 0.44285714285714284 4758
0.5071428571428571 0.44285714285714284 4760
0.5071428571428571 0.44285714285714284 4762
0.5071428571428571 0.44285714285714284 4764
0.5071428571428571 0.44285714285714284 4766
0.5071428571428571 0.44285714285714284 4768
0.5071428571428571 0.44285714285714284 4770
0.5071428571428571 0.45714285714285713 4772
0.5071428571428571 0.45714285714285713 4774
0.5071428571428571 0.45714285714285713 4776
0.5071428571428571 0.45714285714285713 4778
0.5071428571428571 0.45714285714285713 4780
0.5071428571428571 0.45714285714285713 4782
0.5071428571428571 0.45714285714285713 4784
0.5071428571428571 0.45714285714285713 4786
0.5071428571428571 0.45714285714285713 4788
0.5071428571428571 0.45714285714285713 4790
0.5071428571428571 0.45714285714285713 4792
0.5071428571428571 0.45714285714285713 4794
0.5071428571428571 0.45714285714285713 4796
0.5071428571428571 0.45714285714285713 4798
0.5071428571428571 0.45714285714285713 4800
0.5071428571428571 0.45714285714285713 4802
0.5071428571428571 0.45714285714285713 4804
0.5071428571428571 0.45714285714285713 4806
0.5071428571428571 0.45714285714285713 4808
0.5071428571428571 0.45714285714285713 4810
0.5071428571428571 0.45714285714285713 4812
0.5071428571428571 0.45714285714285713 4814
0.5071428571428571 0.45714285714285713 4816
0.5071428571428571 0.45714285714285713 4818
0.5071428571428571 0.45714285714285713 4820
0.5071428571428571 0.45714285714285713 4822
0.5071428571428571 0.45714285714285713 4824
0.5071428571428571 0.45714285714285713 4826
0.5071428571428571 0.45714285714285713 4826
0.5071428571428571 0.45714285714285713 4826
0.5071428571428571 0.45714285714285713 4826
0.5071428571428571 0.45714285714285713 4826
0.5071428571428571 0.45714285714285713 4826
0.5071428571428571 0.45714285714285713 4826
0.5071428571428571 0.45714285714285713 4826
0.5071428571428571 0.45714285714285713 4826
0.5071428571428571 0.45714285714285713 4826
0.5071428571428571 0.45714285714285713 4826
0.5071428571428571 0.45714285714285713 4826
0.5071428571428571 0.45714285714285713 4826
0.5071428571428571 0.45714285714285713 4826
0.5071428571428571 0.45714285714285713 4826
0.5071428571428571 0.45714285714285713 4826
0.5071428571428571 0.45714285714285713 4826
0.5071428571428571 0.45714285714285713 4826
0.5071428571428571 0.45714285714285713 4826
0.5071428571428571 0.45714285714285713 4826
0.5071428571428571 0.45714285714285713 4826
0.5071428571428571 0.45714285714285713 4826
0.5071428571428571 0.45714285714285713 4826
0.5071428571428571 0.45714285714285713 4826
0.5071428571428571 0.45714285714285713 4826
0.5071428571428571 0.45714285714285713 4826
0.5071428571428571 0.45714285714285713 4826
0.5071428571428571 0.45714285714285713 4826
0.5071428571428571 0.45714285714285713 4826
0.5071428571428571 0.45714285714285713 4826
0.5071428571428571 0.45714285714285713 4826
0.5071428571428571 0.45714285714285713 4826
0.5071428571428571 0.45714285714285713 4826
0.5071428571428571 0.45714285714285713 4826
0.5071428571428571 0.45714285714285713 4826
0.5071428571428571 0.45714285714285713 4826
0.5071428571428571 0.45714285714285713 4826
0.5071428571428571 0.45714285714285713 4826
0.5071428571428571 0.45714285714285713 4826
0.5071428571428571 0.45714285714285713 4826
0.5071428571428571 0.45714285714285713 4826
0.5071428571428571 0.45714285714285713 4826
0.5071428571428571 0.45714285714285713 4826
0.5071428571428571 0.45714285714285713 4826
0.5071428571428571 0.45714285714285713 4826
0.5071428571428571 0.45714285714285713 4826
0.5071428571428571 0.45714285714285713 4826
0.5071428571428571 0.45714285714285713 4826
0.5071428571428571 0.45714285714285713 4826
0.5071428571428571 0.45714285714285713 4826
0.5071428571428571 0.45714285714285713 4826
0.5071428571428571 0.45714285714285713 4826
0.5071428571428571 0.45714285714285713 4826
0.5071428571428571 0.45714285714285713 4826
0.5071428571428571 0.45714285714285713 4826
0.5071428571428571 0.45714285714285713 4826
0.5071428571428571 0.45714285714285713 4826
0.5071428571428571 0.45714285714285713 4826
0.5071428571428571 0.45714285714285713 4826
0.5071428571428571 0.45714285714285713 4826
0.5071428571428571 0.45714285714285713 4826
0.5071428571428571 0.45714285714285713 4826
0.5071428571428571 0.45714285714285713 4826
0.5071428571428571 0.45714285714285713 4826
0.5071428571428571 0.45714285714285713 4826
0.5071428571428571 0.45714285714285713 4826
0.5071428571428571 0.45714285714285713 4826
0.5071428571428571 0.45714285714285713 4826
0.5071428571428571 0.45714285714285713 4826
0.5071428571428571 0.45714285714285713 4826
0.5071428571428571 0.45 4826
0.5071428571428571 0.44285714285714284 4826
0.5071428571428571 0.44285714285714284 4826
0.5071428571428571 0.44285714285714284 4826
0.5071428571428571 0.44285714285714284 4826
0.5071428571428571 0.44285714285714284 4826
0.5071428571428571 0.44285714285714284 4826
0.5071428571428571 0.44285714285714284 4826
0.5071428571428571 0.44285714285714284 4826
0.5071428571428571 0.44285714285714284 4826
0.5071428571428571 0.44285714285714284 4826
0.5071428571428571 0.44285714285714284 4826
0.5071428571428571 0.44285714285714284 4826
0.5071428571428571 0.44285714285714284 4826
0.5071428571428571 0.44285714285714284 4826
0.5071428571428571 0.44285714285714284 4826
0.5071428571428571 0.44285714285714284 4826
0.5071428571428571 0.44285714285714284 4826
0.5071428571428571 0.44285714285714284 4826
0.5071428571428571 0.44285714285714284 4826
0.5071428571428571 0.44285714285714284 4826
0.5071428571428571 0.44285714285714284 4826
0.5071428571428571 0.44285714285714284 4826
0.5071428571428571 0.44285714285714284 4826
0.5071428571428571 0.44285714285714284 4826
0.5071428571428571 0.44285714285714284 4826
0.5071428571428571 0.44285714285714284 4826
0.5071428571428571 0.44285714285714284 4826
0.5071428571428571 0.44285714285714284 4826
0.5071428571428571 0.44285714285714284 4826
0.5071428571428571 0.44285714285714284 4826
0.5071428571428571 0.44285714285714284 4826
0.5071428571428571 0.44285714285714284 4826
0.5071428571428571 0.44285714285714284 4826
0.5071428571428571 0.44285714285714284 4826
0.5071428571428571 0.44285714285714284 4826
0.5071428571428571 0.44285714285714284 4826
0.5071428571428571 0.44285714285714284 4826
0.5071428571428571 0.44285714285714284 4826
0.5071428571428571 0.44285714285714284 4826
0.5071428571428571 0.44285714285714284 4826
0.5071428571428571 0.44285714285714284 4826
0.5071428571428571 0.44285714285714284 4826
0.5071428571428571 0.44285714285714284 4826
0.5071428571428571 0.44285714285714284 4826
0.5071428571428571 0.44285714285714284 4826
0.5071428571428571 0.44285714285714284 4826
0.5071428571428571 0.44285714285714284 4826
0.5071428571428571 0.44285714285714284 4826
0.5071428571428571 0.44285714285714284 4826
0.5071428571428571 0.44285714285714284 4826
0.5071428571428571 0.44285714285714284 4826
0.5071428571428571 0.44285714285714284 4826
0.5071428571428571 0.44285714285714284 4826
0.5071428571428571 0.44285714285714284 4826
0.5071428571428571 0.44285714285714284 4826
0.5071428571428571 0.44285714285714284 4826
0.5071428571428571 0.44285714285714284 4826
0.5071428571428571 0.44285714285714284 4826
0.5071428571428571 0.44285714285714284 4826
0.5071428571428571 0.44285714285714284 4826
0.5071428571428571 0.44285714285714284 4826
0.5071428571428571 0.44285714285714284 4826
0.5071428571428571 0.44285714285714284 4826
0.5071428571428571 0.44285714285714284 4826
0.5071428571428571 0.44285714285714284 4826
0.5071428571428571 0.44285714285714284 4826
0.5071428571428571 0.44285714285714284 4826
0.5071428571428571 0.44285714285714284 4826
0.5071428571428571 0.44285714285714284 4826
0.5071428571428571 0.44285714285714284 4826
0.5071428571428571 0.44285714285714284 4826
0.5071428571428571 0.44285714285714284 4826
0.5071428571428571 0.44285714285714284 4826
0.5071428571428571 0.44285714285714284 4826
0.5071428571428571 0.44285714285714284 4826
0.5071428571428571 0.44285714285714284 4826
0.5071428571428571 0.44285714285714284 4826
0.5071428571428571 0.44285714285714284 4826
0.5071428571428571 0.44285714285714284 4826
0.5071428571428571 0.44285714285714284 4826
0.5071428571428571 0.44285714285714284 4826
0.5071428571428571 0.44285714285714284 4826
0.5071428571428571 0.44285714285714284 4826
0.5071428571428571 0.44285714285714284 4826
0.5071428571428571 0.44285714285714284 4826
0.5071428571428571 0.44285714285714284 4826
0.5071428571428571 0.44285714285714284 4826
0.5071428571428571 0.44285714285714284 4826
0.5071428571428571 0.44285714285714284 4826
0.5071428571428571 0.44285714285714284 4826
0.5071428571428571 0.44285714285714284 4826
0.5071428571428571 0.44285714285714284 4826
0.5071428571428571 0.44285714285714284 4826
0.5071428571428571 0.44285714285714284 4826
0.5071428571428571 0.44285714285714284 4826
0.5071428571428571 0.44285714285714284 4826
0.5071428571428571 0.44285714285714284 4826
0.5071428571428571 0.44285714285714284 4826
0.5071428571428571 0.44285714285714284 4826
0.5071428571428571 0.44285714285714284 4826
0.5071428571428571 0.44285714285714284 4826
0.5071428571428571 0.44285714285714284 4826
0.5071428571428571 0.44285714285714284 4826
0.5071428571428571 0.44285714285714284 4826
0.5071428571428571 0.44285714285714284 4826
0.5071428571428571 0.44285714285714284 4826
0.5071428571428571 0.44285714285714284 4826
0.5071428571428571 0.44285714285714284 4826
0.5071428571428571 0.44285714285714284 4826
0.5071428571428571 0.44285714285714284 4826
0.5071428571428571 0.44285714285714284 4826
0.5071428571428571 0.44285714285714284 4826
0.5071428571428571 0.44285714285714284 4826
0.5071428571428571 0.44285714285714284 4826
0.5071428571428571 0.44285714285714284 4826
0.5071428571428571 0.44285714285714284 4826
0.5071428571428571 0.44285714285714284 4826
0.5071428571428571 0.44285714285714284 4826
0.5071428571428571 0.44285714285714284 4826
0.5071428571428571 0.44285714285714284 4826
0.5071428571428571 0.44285714285714284 4826
0.5071428571428571 0.44285714285714284 4826
0.5071428571428571 0.44285714285714284 4826
0.5071428571428571 0.44285714285714284 4826
0.5071428571428571 0.44285714285714284 4826
0.5071428571428571 0.44285714285714284 4826
0.5071428571428571 0.44285714285714284 4826
0.5071428571428571 0.44285714285714284 4826
0.5071428571428571 0.44285714285714284 4826
0.5071428571428571 0.44285714285714284 4826
0.5071428571428571 0.44285714285714284 4826
0.5071428571428571 0.44285714285714284 4826
0.5071428571428571 0.44285714285714284 4826
0.5071428571428571 0.44285714285714284 4826
0.5071428571428571 0.44285714285714284 4826
0.5071428571428571 0.44285714285714284 4826
0.5071428571428571 0.44285714285714284 4826
0.5071428571428571 0.44285714285714284 4826
0.5071428571428571 0.44285714285714284 4826
0.5071428571428571 0.44285714285714284 4826
0.5071428571428571 0.44285714285714284 4826
0.5071428571428571 0.44285714285714284 4826
0.5071428571428571 0.44285714285714284 4826
0.5071428571428571 0.44285714285714284 4826
0.5071428571428571 0.44285714285714284 4826
0.5071428571428571 0.44285714285714284 4826
0.5071428571428571 0.44285714285714284 4826
0.5071428571428571 0.44285714285714284 4826
0.5071428571428571 0.44285714285714284 4826
0.5071428571428571 0.44285714285714284 4826
0.5071428571428571 0.44285714285714284 4826
0.5071428571428571 0.44285714285714284 4826
0.5071428571428571 0.44285714285714284 4826
0.5071428571428571 0.44285714285714284 4826
0.5071428571428571 0.44285714285714284 4826
0.5071428571428571 0.44285714285714284 4826
0.5071428571428571 0.44285714285714284 4826
0.5071428571428571 0.44285714285714284 4826
0.5071428571428571 0.44285714285714284 4826
0.5071428571428571 0.44285714285714284 4826
0.5071428571428571 0.44285714285714284 4826
0.5071428571428571 0.44285714285714284 4826
0.5071428571428571 0.44285714285714284 4826
0.5071428571428571 0.44285714285714284 4826
0.5071428571428571 0.44285714285714284 4826
0.5071428571428571 0.44285714285714284 4826
0.5071428571428571 0.44285714285714284 4826
0.5071428571428571 0.44285714285714284 4826
0.5071428571428571 0.44285714285714284 4826
0.5071428571428571 0.44285714285714284 4826
0.5071428571428571 0.44285714285714284 4826
0.5071428571428571 0.44285714285714284 4826
0.5071428571428571 0.44285714285714284 4826
0.5071428571428571 0.44285714285714284 4826
0.5071428571428571 0.44285714285714284 4826
0.5071428571428571 0.44285714285714284 4826
0.5071428571428571 0.44285714285714284 4826
0.5071428571428571 0.44285714285714284 4826
0.5071428571428571 0.44285714285714284 4826
0.5071428571428571 0.44285714285714284 4826
0.5071428571428571 0.44285714285714284 4826
0.5071428571428571 0.44285714285714284 4826
0.5071428571428571 0.44285714285714284 4826
0.5071428571428571 0.44285714285714284 4826
0.5071428571428571 0.44285714285714284 4826
0.5071428571428571 0.44285714285714284 4826
0.5071428571428571 0.44285714285714284 4826
0.5071428571428571 0.44285714285714284 4826
0.5071428571428571 0.44285714285714284 4826
0.5071428571428571 0.44285714285714284 4826
0.5071428571428571 0.44285714285714284 4826
0.5071428571428571 0.44285714285714284 4826
0.5071428571428571 0.44285714285714284 4826
0.5071428571428571 0.44285714285714284 4826
0.5071428571428571 0.44285714285714284 4826
0.5071428571428571 0.44285714285714284 4826
0.5071428571428571 0.44285714285714284 4826
0.5071428571428571 0.44285714285714284 4826
0.5071428571428571 0.44285714285714284 4826
0.5071428571428571 0.44285714285714284 4826
0.5071428571428571 0.44285714285714284 4826
0.5071428571428571 0.44285714285714284 4826
0.5071428571428571 0.44285714285714284 4826
0.5071428571428571 0.44285714285714284 4826
0.5071428571428571 0.44285714285714284 4826
0.5071428571428571 0.44285714285714284 4826
0.5071428571428571 0.44285714285714284 4826
0.5071428571428571 0.44285714285714284 4826
0.5071428571428571 0.44285714285714284 4826
0.5071428571428571 0.44285714285714284 4826
0.5071428571428571 0.44285714285714284 4826
0.5071428571428571 0.44285714285714284 4826
0.5071428571428571 0.44285714285714284 4826
0.5071428571428571 0.44285714285714284 4826
0.5071428571428571 0.44285714285714284 4826
0.5071428571428571 0.44285714285714284 4826
0.5071428571428571 0.44285714285714284 4826
0.5071428571428571 0.44285714285714284 4826
0.5071428571428571 0.45714285714285713 4826
0.5071428571428571 0.45714285714285713 4826
0.5071428571428571 0.45714285714285713 4826
0.5071428571428571 0.45714285714285713 4826
0.5071428571428571 0.45714285714285713 4826
0.5071428571428571 0.45714285714285713 4826
0.5071428571428571 0.45714285714285713 4826
0.5071428571428571 0.45714285714285713 4826
0.5071428571428571 0.45714285714285713 4826
0.5071428571428571 0.45714285714285713 4826
0.5071428571428571 0.45714285714285713 4826
0.5071428571428571 0.45714285714285713 4826
0.5071428571428571 0.45714285714285713 4826
0.5071428571428571 0.45714285714285713 4826
0.5071428571428571 0.45714285714285713 4826
0.5071428571428571 0.45714285714285713 4826
0.5071428571428571 0.45714285714285713 4826
0.5071428571428571 0.45714285714285713 4826
0.5071428571428571 0.45714285714285713 4826
0.5071428571428571 0.45714285714285713 4826
0.5071428571428571 0.45714285714285713 4826
0.5071428571428571 0.45714285714285713 4826
0.5071428571428571 0.45714285714285713 4826
0.5071428571428571 0.45714285714285713 4826
0.5071428571428571 0.45714285714285713 4826
0.5071428571428571 0.45714285714285713 4826
0.5071428571428571 0.45714285714285713 4826
0.5071428571428571 0.45714285714285713 4826
0.5071428571428571 0.45714285714285713 4826
0.5071428571428571 0.45714285714285713 4826
0.5071428571428571 0.45714285714285713 4826
0.5071428571428571 0.45714285714285713 4826
0.5071428571428571 0.45714285714285713 4826
0.5071428571428571 0.45714285714285713 4826
0.5071428571428571 0.45714285714285713 4826
0.5071428571428571 0.45714285714285713 4826
0.5071428571428571 0.45714285714285713 4826
0.5071428571428571 0.45714285714285713 4826
0.5071428571428571 0.45714285714285713 4826
0.5071428571428571 0.45714285714285713 4826
0.5071428571428571 0.45714285714285713 4826
0.5071428571428571 0.45714285714285713 4826
0.5071428571428571 0.45714285714285713 4826
0.5071428571428571 0.45714285714285713 4826
0.5071428571428571 0.45714285714285713 4826
0.5071428571428571 0.4642857142857143 4826
0.5071428571428571 0.4714285714285714 4826
0.5071428571428571 0.4714285714285714 4826
0.5071428571428571 0.4714285714285714 4826
0.5071428571428571 0.4714285714285714 4826
0.5071428571428571 0.4714285714285714 4826
0.5071428571428571 0.4714285714285714 4826
0.5071428571428571 0.4714285714285714 4826
0.5071428571428571 0.4714285714285714 4826
0.5071428571428571 0.4714285714285714 4826
0.5071428571428571 0.4714285714285714 4826
0.5071428571428571 0.4714285714285714 4826
0.5071428571428571 0.4714285714285714 4826
0.5071428571428571 0.4714285714285714 4826
0.5071428571428571 0.4714285714285714 4826
0.5071428571428571 0.4714285714285714 4826
0.5071428571428571 0.4714285714285714 4826
0.5071428571428571 0.4714285714285714 4826
0.5071428571428571 0.4714285714285714 4826
0.5071428571428571 0.4714285714285714 4826
0.5071428571428571 0.4714285714285714 4826
0.5071428571428571 0.4714285714285714 4826
0.5071428571428571 0.4714285714285714 4826
0.5071428571428571 0.4714285714285714 4826
0.5071428571428571 0.4714285714285714 4826
0.5071428571428571 0.4714285714285714 4826
0.5071428571428571 0.4714285714285714 4826
0.5071428571428571 0.4714285714285714 4826
0.5071428571428571 0.4714285714285714 4826
0.5071428571428571 0.4714285714285714 4826
0.5071428571428571 0.4714285714285714 4826
0.5071428571428571 0.4714285714285714 4826
0.5071428571428571 0.4714285714285714 4826
0.5071428571428571 0.4714285714285714 4826
0.5071428571428571 0.4714285714285714 4826
0.5071428571428571 0.4714285714285714 4826
0.5071428571428571 0.4714285714285714 4826
0.5071428571428571 0.4714285714285714 4826
0.5071428571428571 0.4714285714285714 4826
0.5071428571428571 0.4714285714285714 4826
0.5071428571428571 0.4714285714285714 4826
0.5071428571428571 0.4714285714285714 4826
0.5071428571428571 0.4714285714285714 4826
0.5071428571428571 0.4714285714285714 4826
0.5071428571428571 0.4714285714285714 4826
0.5071428571428571 0.4714285714285714 4826
0.5071428571428571 0.4714285714285714 4826
0.5071428571428571 0.4714285714285714 4826
0.5071428571428571 0.4714285714285714 4826
0.5071428571428571 0.4714285714285714 4826
0.5071428571428571 0.4714285714285714 4826
0.5071428571428571 0.4714285714285714 4826
0.5071428571428571 0.4714285714285714 4826
0.5071428571428571 0.4714285714285714 4826
0.5071428571428571 0.4714285714285714 4826
0.5071428571428571 0.4714285714285714 4826
0.5071428571428571 0.4714285714285714 4826
0.5071428571428571 0.4714285714285714 4826
0.5071428571428571 0.4714285714285714 4826
0.5071428571428571 0.4714285714285714 4826
0.5071428571428571 0.4714285714285714 4826
0.5071428571428571 0.4714285714285714 4826
0.5071428571428571 0.4714285714285714 4826
0.5071428571428571 0.4714285714285714 4826
0.5071428571428571 0.4714285714285714 4826
0.5071428571428571 0.4714285714285714 4826
0.5071428571428571 0.4714285714285714 4826
0.5071428571428571 0.4714285714285714 4826
0.5071428571428571 0.4714285714285714 4826
0.5071428571428571 0.4714285714285714 4826
0.5071428571428571 0.4714285714285714 4826
0.5071428571428571 0.4714285714285714 4826
0.5071428571428571 0.4714285714285714 4826
0.5071428571428571 0.4714285714285714 4826
0.5071428571428571 0.4714285714285714 4826
0.5071428571428571 0.4714285714285714 4826
0.5071428571428571 0.4714285714285714 4826
0.5071428571428571 0.4714285714285714 4826
0.5071428571428571 0.4714285714285714 4826
0.5071428571428571 0.4714285714285714 4826
0.5071428571428571 0.4714285714285714 4826
0.5071428571428571 0.4714285714285714 4826
0.5071428571428571 0.4714285714285714 4826
0.5071428571428571 0.4714285714285714 4826
0.5071428571428571 0.4714285714285714 4826
0.5071428571428571 0.4714285714285714 4826
0.5071428571428571 0.4714285714285714 4826
0.5071428571428571 0.4714285714285714 4826
0.5071428571428571 0.4714285714285714 4826
0.5071428571428571 0.4714285714285714 4826
0.5071428571428571 0.4714285714285714 4826
0.5071428571428571 0.4714285714285714 4826
0.5071428571428571 0.4714285714285714 4826
0.5071428571428571 0.4714285714285714 4826
0.5071428571428571 0.4714285714285714 4826
0.5071428571428571 0.4714285714285714 4826
0.5071428571428571 0.4714285714285714 4826
0.5071428571428571 0.4714285714285714 4826
0.5071428571428571 0.4714285714285714 4826
0.5071428571428571 0.4714285714285714 4826
0.5071428571428571 0.4714285714285714 4826
0.5071428571428571 0.4714285714285714 4826
0.5071428571428571 0.4714285714285714 4826
0.5071428571428571 0.4714285714285714 4826
0.5071428571428571 0.4714285714285714 4826
0.5071428571428571 0.4714285714285714 4826
0.5071428571428571 0.4714285714285714 4826
0.5071428571428571 0.4714285714285714 4826
0.5071428571428571 0.4714285714285714 4826
0.5071428571428571 0.4714285714285714 4826
0.5071428571428571 0.4714285714285714 4826
0.5071428571428571 0.4714285714285714 4826
0.5071428571428571 0.4714285714285714 4826
0.5071428571428571 0.4714285714285714 4826
0.5071428571428571 0.4714285714285714 4826
0.5071428571428571 0.4714285714285714 4826
0.5071428571428571 0.4714285714285714 4826
0.5071428571428571 0.4714285714285714 4826
0.5071428571428571 0.4714285714285714 4826
0.5071428571428571 0.4714285714285714 4826
0.5071428571428571 0.4714285714285714 4826
0.5071428571428571 0.4714285714285714 4826
0.5071428571428571 0.4714285714285714 4826
0.5071428571428571 0.4714285714285714 4826
0.5071428571428571 0.4714285714285714 4826
0.5071428571428571 0.4714285714285714 4826
0.5071428571428571 0.4714285714285714 4826
0.5071428571428571 0.4714285714285714 4826
0.5071428571428571 0.4714285714285714 4826
0.5071428571428571 0.4714285714285714 4826
0.5071428571428571 0.4714285714285714 4826
0.5071428571428571 0.4714285714285714 4826
0.5071428571428571 0.4714285714285714 4826
0.5071428571428571 0.4714285714285714 4826
0.5071428571428571 0.4714285714285714 4826
0.5071428571428571 0.4714285714285714 4826
0.5071428571428571 0.4714285714285714 4826
0.5071428571428571 0.4714285714285714 4826
0.5071428571428571 0.4714285714285714 4826
0.5071428571428571 0.4714285714285714 4826
0.5071428571428571 0.4714285714285714 4826
0.5071428571428571 0.4714285714285714 4826
0.5071428571428571 0.4714285714285714 4826
0.5071428571428571 0.4714285714285714 4826
0.5071428571428571 0.4714285714285714 4826
0.5071428571428571 0.4714285714285714 4826
0.5071428571428571 0.4714285714285714 4826
0.5071428571428571 0.4714285714285714 4826
0.5071428571428571 0.4714285714285714 4826
0.5071428571428571 0.4714285714285714 4826
0.5071428571428571 0.4714285714285714 4826
0.5071428571428571 0.4714285714285714 4826
0.5071428571428571 0.4714285714285714 4826
0.5071428571428571 0.4714285714285714 4826
0.5071428571428571 0.4714285714285714 4826
0.5071428571428571 0.4714285714285714 4826
0.5071428571428571 0.4714285714285714 4826
0.5071428571428571 0.4714285714285714 4826
0.5071428571428571 0.4714285714285714 4826
0.5071428571428571 0.4714285714285714 4826
0.5071428571428571 0.4714285714285714 4826
0.5071428571428571 0.4714285714285714 4826
0.5071428571428571 0.4714285714285714 4826
0.5071428571428571 0.4714285714285714 4826
0.5071428571428571 0.4714285714285714 4826
0.5071428571428571 0.4714285714285714 4826
0.5071428571428571 0.4714285714285714 4826
0.5071428571428571 0.4714285714285714 4826
0.5071428571428571 0.4714285714285714 4826
0.5071428571428571 0.4714285714285714 4826
0.5071428571428571 0.4714285714285714 4826
0.5071428571428571 0.4714285714285714 4826
0.5071428571428571 0.4714285714285714 4826
0.5071428571428571 0.4714285714285714 4826
0.5071428571428571 0.4714285714285714 4826
0.5071428571428571 0.4714285714285714 4826
0.5071428571428571 0.4714285714285714 4826
0.5071428571428571 0.4714285714285714 4826
0.5071428571428571 0.4714285714285714 4826
0.5071428571428571 0.4714285714285714 4826
0.5071428571428571 0.4714285714285714 4826
0.5071428571428571 0.4714285714285714 4826
0.5071428571428571 0.4714285714285714 4826
0.5071428571428571 0.4714285714285714 4826
0.5071428571428571 0.4714285714285714 4826
0.5071428571428571 0.4714285714285714 4826
0.5071428571428571 0.4714285714285714 4826
0.5071428571428571 0.4714285714285714 4826
0.5071428571428571 0.4714285714285714 4826
0.5071428571428571 0.4714285714285714 4826
0.5071428571428571 0.4714285714285714 4826
0.5071428571428571 0.4714285714285714 4826
0.5071428571428571 0.4714285714285714 4826
0.5071428571428571 0.4714285714285714 4826
0.5071428571428571 0.4714285714285714 4826
0.5071428571428571 0.4714285714285714 4826
0.5071428571428571 0.4714285714285714 4826
0.5071428571428571 0.4714285714285714 4826
0.5071428571428571 0.4714285714285714 4826
0.5071428571428571 0.4714285714285714 4826
0.5071428571428571 0.4714285714285714 4826
0.5071428571428571 0.4714285714285714 4826
0.5071428571428571 0.4714285714285714 4826
0.5071428571428571 0.4714285714285714 4826
0.5071428571428571 0.4714285714285714 4826
0.5071428571428571 0.4714285714285714 4826
0.5071428571428571 0.4714285714285714 4826
0.5071428571428571 0.4714285714285714 4826
0.5071428571428571 0.4714285714285714 4826
0.5071428571428571 0.4714285714285714 4826
0.5071428571428571 0.4714285714285714 4826
0.5071428571428571 0.4714285714285714 4826
0.5071428571428571 0.4714285714285714 4826
0.5071428571428571 0.4714285714285714 4826
0.5071428571428571 0.4714285714285714 4826
0.5071428571428571 0.4714285714285714 4826
0.5071428571428571 0.4714285714285714 4826
0.5071428571428571 0.4714285714285714 4826
0.5071428571428571 0.4714285714285714 4826
0.5071428571428571 0.4714285714285714 4826
0.5071428571428571 0.4714285714285714 4826
0.5071428571428571 0.4714285714285714 4826
0.5071428571428571 0.4714285714285714 4826
0.5071428571428571 0.4714285714285714 4826
0.5071428571428571 0.4714285714285714 4826
0.5071428571428571 0.4714285714285714 4826
0.5071428571428571 0.4714285714285714 4826
0.5071428571428571 0.4714285714285714 4826
0.5071428571428571 0.4714285714285714 4826
