0.5 0.22857142857142856 62
0.5857142857142857 0.4928571428571429 3254
0.6 0.4928571428571429 3560
0.5785714285714286 0.4928571428571429 3742
0.5714285714285714 0.5428571428571428 3924
0.5785714285714286 0.5357142857142857 4034
0.5928571428571429 0.5857142857142857 4144
0.5928571428571429 0.5785714285714286 4234
0.5928571428571429 0.5857142857142857 4306
0.5928571428571429 0.5857142857142857 4362
0.6071428571428571 0.5857142857142857 4404
0.6214285714285714 0.5857142857142857 4446
0.6214285714285714 0.5857142857142857 4476
0.6214285714285714 0.5857142857142857 4506
0.6214285714285714 0.5857142857142857 4526
0.6214285714285714 0.5857142857142857 4546
0.6214285714285714 0.5857142857142857 4558
0.6214285714285714 0.5857142857142857 4570
0.6214285714285714 0.5928571428571429 4576
0.6214285714285714 0.6 4582
0.6214285714285714 0.6 4588
0.6214285714285714 0.6 4594
0.6214285714285714 0.6 4600
0.6214285714285714 0.6 4606
0.6214285714285714 0.6 4612
0.6214285714285714 0.5714285714285714 4618
0.6214285714285714 0.5714285714285714 4624
0.6214285714285714 0.5714285714285714 4630
0.6214285714285714 0.5714285714285714 4636
0.6214285714285714 0.5714285714285714 4642
0.6214285714285714 0.5714285714285714 4648
0.6214285714285714 0.5714285714285714 4654
0.6214285714285714 0.5714285714285714 4660
0.6214285714285714 0.5714285714285714 4666
0.6214285714285714 0.5714285714285714 4672
0.6214285714285714 0.5714285714285714 4678
0.6214285714285714 0.5714285714285714 4684
0.6214285714285714 0.5714285714285714 4690
0.6214285714285714 0.5714285714285714 4692
0.6214285714285714 0.5714285714285714 4694
0.6214285714285714 0.5714285714285714 4696
0.6214285714285714 0.5714285714285714 4698
0.6214285714285714 0.5714285714285714 4700
0.6214285714285714 0.5714285714285714 4702
0.6214285714285714 0.5714285714285714 4704
0.6214285714285714 0.5714285714285714 4706
0.6214285714285714 0.5714285714285714 4708
0.6214285714285714 0.5714285714285714 4710
0.6214285714285714 0.5714285714285714 4712
0.6214285714285714 0.5714285714285714 4714
0.6214285714285714 0.5642857142857143 4716
0.6214285714285714 0.5642857142857143 4718
0.6214285714285714 0.5714285714285714 4720
0.6214285714285714 0.5714285714285714 4722
0.6214285714285714 0.5714285714285714 4724
0.6214285714285714 0.5714285714285714 4726
0.6214285714285714 0.5714285714285714 4728
0.6214285714285714 0.5714285714285714 4730
0.6214285714285714 0.5714285714285714 4732
0.6214285714285714 0.5714285714285714 4734
0.6214285714285714 0.5857142857142857 4736
0.6214285714285714 0.5857142857142857 4738
0.6214285714285714 0.5857142857142857 4740
0.6214285714285714 0.5857142857142857 4742
0.6214285714285714 0.5857142857142857 4744
0.6214285714285714 0.5714285714285714 4746
0.6214285714285714 0.5714285714285714 4748
0.6214285714285714 0.5714285714285714 4750
0.6214285714285714 0.5714285714285714 4752
0.6214285714285714 0.5714285714285714 4754
0.6214285714285714 0.5714285714285714 4756
0.6214285714285714 0.5714285714285714 4758
0.6214285714285714 0.5714285714285714 4760
0.6214285714285714 0.5714285714285714 4762
0.6214285714285714 0.5714285714285714 4764
0.6214285714285714 0.5714285714285714 4766
0.6214285714285714 0.5714285714285714 4768
0.6214285714285714 0.5714285714285714 4770
0.6214285714285714 0.5714285714285714 4772
0.6214285714285714 0.5714285714285714 4774
0.6214285714285714 0.5714285714285714 4776
0.6214285714285714 0.5714285714285714 4778
0.6214285714285714 0.5714285714285714 4780
0.6214285714285714 0.5714285714285714 4782
0.6214285714285714 0.5714285714285714 4784
0.6214285714285714 0.5714285714285714 4786
0.6214285714285714 0.5714285714285714 4788
0.6214285714285714 0.5714285714285714 4790
0.6214285714285714 0.5714285714285714 4792
0.6214285714285714 0.5714285714285714 4794
0.6214285714285714 0.5714285714285714 4796
0.6214285714285714 0.5714285714285714 4798
0.6214285714285714 0.5714285714285714 4800
0.6214285714285714 0.5714285714285714 4802
0.6214285714285714 0.5714285714285714 4804
0.6214285714285714 0.5714285714285714 4806
0.6214285714285714 0.5714285714285714 4808
0.6214285714285714 0.5714285714285714 4810
0.6214285714285714 0.5714285714285714 4812
0.6214285714285714 0.5714285714285714 4814
0.6214285714285714 0.5714285714285714 4816
0.6214285714285714 0.5571428571428572 4818
0.6214285714285714 0.5571428571428572 4820
0.6214285714285714 0.5571428571428572 4822
0.6214285714285714 0.5571428571428572 4824
0.6214285714285714 0.5714285714285714 4826
0.6214285714285714 0.5714285714285714 4826
0.6214285714285714 0.5714285714285714 4826
0.6214285714285714 0.5714285714285714 4826
0.6214285714285714 0.5714285714285714 4826
0.6214285714285714 0.5714285714285714 4826
0.6214285714285714 0.5714285714285714 4826
0.6214285714285714 0.5714285714285714 4826
0.6214285714285714 0.5714285714285714 4826
0.6214285714285714 0.5714285714285714 4826
0.6214285714285714 0.5714285714285714 4826
0.6214285714285714 0.5714285714285714 4826
0.6214285714285714 0.5714285714285714 4826
0.6214285714285714 0.5714285714285714 4826
0.6214285714285714 0.5714285714285714 4826
0.6214285714285714 0.5714285714285714 4826
0.6214285714285714 0.5714285714285714 4826
0.6214285714285714 0.5714285714285714 4826
0.6214285714285714 0.5714285714285714 4826
0.6214285714285714 0.5714285714285714 4826
0.6214285714285714 0.5714285714285714 4826
0.6214285714285714 0.5714285714285714 4826
0.6214285714285714 0.5714285714285714 4826
0.6214285714285714 0.5714285714285714 4826
0.6214285714285714 0.5714285714285714 4826
0.6214285714285714 0.5714285714285714 4826
0.6214285714285714 0.5714285714285714 4826
0.6214285714285714 0.5714285714285714 4826
0.6214285714285714 0.5714285714285714 4826
0.6214285714285714 0.5714285714285714 4826
0.6214285714285714 0.5714285714285714 4826
0.6214285714285714 0.5714285714285714 4826
0.6214285714285714 0.5714285714285714 4826
0.6214285714285714 0.5714285714285714 4826
0.6214285714285714 0.5714285714285714 4826
0.6214285714285714 0.5714285714285714 4826
0.6214285714285714 0.5714285714285714 4826
0.6214285714285714 0.5714285714285714 4826
0.6214285714285714 0.5714285714285714 4826
0.6214285714285714 0.5714285714285714 4826
0.6214285714285714 0.5714285714285714 4826
0.6214285714285714 0.5714285714285714 4826
0.6214285714285714 0.5714285714285714 4826
0.6214285714285714 0.5714285714285714 4826
0.6214285714285714 0.5714285714285714 4826
0.6214285714285714 0.5714285714285714 4826
0.6214285714285714 0.5714285714285714 4826
0.6214285714285714 0.5714285714285714 4826
0.6214285714285714 0.5714285714285714 4826
0.6214285714285714 0.5714285714285714 4826
0.6214285714285714 0.5714285714285714 4826
0.6214285714285714 0.5714285714285714 4826
0.6214285714285714 0.5714285714285714 4826
0.6214285714285714 0.5714285714285714 4826
0.6214285714285714 0.5714285714285714 4826
0.6214285714285714 0.5714285714285714 4826
0.6214285714285714 0.5714285714285714 4826
0.6214285714285714 0.5714285714285714 4826
0.6214285714285714 0.5714285714285714 4826
0.6214285714285714 0.5714285714285714 4826
0.6214285714285714 0.5714285714285714 4826
0.6214285714285714 0.5714285714285714 4826
0.6214285714285714 0.5714285714285714 4826
0.6214285714285714 0.5714285714285714 4826
0.6214285714285714 0.5714285714285714 4826
0.6214285714285714 0.5714285714285714 4826
0.6214285714285714 0.5714285714285714 4826
0.6214285714285714 0.5714285714285714 4826
0.6214285714285714 0.5714285714285714 4826
0.6214285714285714 0.5714285714285714 4826
0.6214285714285714 0.5714285714285714 4826
0.6214285714285714 0.5714285714285714 4826
0.6214285714285714 0.5714285714285714 4826
0.6214285714285714 0.5714285714285714 4826
0.6214285714285714 0.5714285714285714 4826
0.6214285714285714 0.5714285714285714 4826
0.6214285714285714 0.5714285714285714 4826
0.6214285714285714 0.5714285714285714 4826
0.6214285714285714 0.5642857142857143 4826
0.6214285714285714 0.5571428571428572 4826
0.6214285714285714 0.5571428571428572 4826
0.6214285714285714 0.5571428571428572 4826
0.6214285714285714 0.5571428571428572 4826
0.6214285714285714 0.5571428571428572 4826
0.6214285714285714 0.5571428571428572 4826
0.6214285714285714 0.55 4826
0.6214285714285714 0.55 4826
0.6214285714285714 0.55 4826
0.6214285714285714 0.55 4826
0.6214285714285714 0.55 4826
0.6214285714285714 0.55 4826
0.6214285714285714 0.55 4826
0.6214285714285714 0.55 4826
0.6214285714285714 0.55 4826
0.6214285714285714 0.55 4826
0.6214285714285714 0.55 4826
0.6214285714285714 0.55 4826
0.6214285714285714 0.55 4826
0.6214285714285714 0.55 4826
0.6214285714285714 0.55 4826
0.6214285714285714 0.55 4826
0.6214285714285714 0.55 4826
0.6214285714285714 0.55 4826
0.6214285714285714 0.55 4826
0.6214285714285714 0.55 4826
0.6214285714285714 0.55 4826
0.6214285714285714 0.55 4826
0.6214285714285714 0.55 4826
0.6214285714285714 0.55 4826
0.6214285714285714 0.55 4826
0.6214285714285714 0.55 4826
0.6214285714285714 0.55 4826
0.6214285714285714 0.55 4826
0.6214285714285714 0.55 4826
0.6214285714285714 0.55 4826
0.6214285714285714 0.55 4826
0.6214285714285714 0.55 4826
0.6214285714285714 0.55 4826
0.6214285714285714 0.55 4826
0.6214285714285714 0.55 4826
0.6214285714285714 0.55 4826
0.6214285714285714 0.55 4826
0.6214285714285714 0.55 4826
0.6214285714285714 0.55 4826
0.6214285714285714 0.55 4826
0.6214285714285714 0.55 4826
0.6214285714285714 0.55 4826
0.6214285714285714 0.55 4826
0.6214285714285714 0.55 4826
0.6214285714285714 0.55 4826
0.6214285714285714 0.55 4826
0.6214285714285714 0.55 4826
0.6214285714285714 0.55 4826
0.6214285714285714 0.55 4826
0.6214285714285714 0.55 4826
0.6214285714285714 0.55 4826
0.6214285714285714 0.55 4826
0.6214285714285714 0.55 4826
0.6214285714285714 0.55 4826
0.6214285714285714 0.55 4826
0.6214285714285714 0.55 4826
0.6214285714285714 0.55 4826
0.6214285714285714 0.55 4826
0.6214285714285714 0.55 4826
0.6214285714285714 0.55 4826
0.6214285714285714 0.55 4826
0.6214285714285714 0.55 4826
0.6214285714285714 0.55 4826
0.6214285714285714 0.55 4826
0.6214285714285714 0.55 4826
0.6214285714285714 0.55 4826
0.6214285714285714 0.55 4826
0.6214285714285714 0.55 4826
0.6214285714285714 0.55 4826
0.6214285714285714 0.55 4826
0.6214285714285714 0.55 4826
0.6214285714285714 0.55 4826
0.6214285714285714 0.55 4826
0.6214285714285714 0.55 4826
0.6214285714285714 0.55 4826
0.6214285714285714 0.55 4826
0.6214285714285714 0.55 4826
0.6214285714285714 0.55 4826
0.6214285714285714 0.55 4826
0.6214285714285714 0.55 4826
0.6214285714285714 0.55 4826
0.6214285714285714 0.55 4826
0.6214285714285714 0.55 4826
0.6214285714285714 0.55 4826
0.6214285714285714 0.55 4826
0.6214285714285714 0.55 4826
0.6214285714285714 0.55 4826
0.6214285714285714 0.55 4826
0.6214285714285714 0.55 4826
0.6214285714285714 0.55 4826
0.6214285714285714 0.55 4826
0.6214285714285714 0.55 4826
0.6214285714285714 0.55 4826
0.6214285714285714 0.55 4826
0.6214285714285714 0.55 4826
0.6214285714285714 0.55 4826
0.6214285714285714 0.55 4826
0.6214285714285714 0.55 4826
0.6214285714285714 0.55 4826
0.6214285714285714 0.55 4826
0.6214285714285714 0.55 4826
0.6214285714285714 0.55 4826
0.6214285714285714 0.55 4826
0.6214285714285714 0.55 4826
0.6214285714285714 0.55 4826
0.6214285714285714 0.55 4826
0.6214285714285714 0.55 4826
0.6214285714285714 0.55 4826
0.6214285714285714 0.55 4826
0.6214285714285714 0.55 4826
0.6214285714285714 0.55 4826
0.6214285714285714 0.55 4826
0.6214285714285714 0.55 4826
0.6214285714285714 0.55 4826
0.6214285714285714 0.55 4826
0.6214285714285714 0.55 4826
0.6214285714285714 0.55 4826
0.6214285714285714 0.55 4826
0.6214285714285714 0.55 4826
0.6214285714285714 0.55 4826
0.6214285714285714 0.55 4826
0.6214285714285714 0.55 4826
0.6214285714285714 0.55 4826
0.6214285714285714 0.55 4826
0.6214285714285714 0.55 4826
0.6214285714285714 0.55 4826
0.6214285714285714 0.55 4826
0.6214285714285714 0.55 4826
0.6214285714285714 0.55 4826
0.6214285714285714 0.55 4826
0.6214285714285714 0.55 4826
0.6214285714285714 0.55 4826
0.6214285714285714 0.55 4826
0.6214285714285714 0.55 4826
0.6214285714285714 0.55 4826
0.6214285714285714 0.55 4826
0.6214285714285714 0.55 4826
0.6214285714285714 0.55 4826
0.6214285714285714 0.55 4826
0.6214285714285714 0.55 4826
0.6214285714285714 0.55 4826
0.6214285714285714 0.55 4826
0.6214285714285714 0.55 4826
0.6214285714285714 0.55 4826
0.6214285714285714 0.55 4826
0.6214285714285714 0.55 4826
0.6214285714285714 0.55 4826
0.6214285714285714 0.55 4826
0.6214285714285714 0.55 4826
0.6214285714285714 0.55 4826
0.6214285714285714 0.55 4826
0.6214285714285714 0.55 4826
0.6214285714285714 0.55 4826
0.6214285714285714 0.55 4826
0.6214285714285714 0.55 4826
0.6214285714285714 0.55 4826
0.6214285714285714 0.55 4826
0.6214285714285714 0.55 4826
0.6214285714285714 0.5428571428571428 4826
0.6214285714285714 0.5428571428571428 4826
0.6214285714285714 0.5428571428571428 4826
0.6214285714285714 0.5428571428571428 4826
0.6214285714285714 0.5428571428571428 4826
0.6214285714285714 0.5428571428571428 4826
0.6214285714285714 0.5428571428571428 4826
0.6214285714285714 0.5428571428571428 4826
0.6214285714285714 0.5428571428571428 4826
0.6214285714285714 0.5428571428571428 4826
0.6214285714285714 0.5428571428571428 4826
0.6214285714285714 0.5428571428571428 4826
0.6214285714285714 0.5428571428571428 4826
0.6214285714285714 0.5428571428571428 4826
0.6214285714285714 0.5428571428571428 4826
0.6214285714285714 0.5428571428571428 4826
0.6214285714285714 0.5428571428571428 4826
0.6214285714285714 0.5428571428571428 4826
0.6214285714285714 0.5428571428571428 4826
0.6214285714285714 0.5428571428571428 4826
0.6214285714285714 0.5428571428571428 4826
0.6214285714285714 0.5428571428571428 4826
0.6214285714285714 0.5428571428571428 4826
0.6214285714285714 0.5428571428571428 4826
0.6214285714285714 0.5428571428571428 4826
0.6214285714285714 0.5428571428571428 4826
0.6214285714285714 0.5428571428571428 4826
0.6214285714285714 0.5428571428571428 4826
0.6214285714285714 0.5428571428571428 4826
0.6214285714285714 0.5428571428571428 4826
0.6214285714285714 0.5428571428571428 4826
0.6214285714285714 0.5428571428571428 4826
0.6214285714285714 0.5428571428571428 4826
0.6214285714285714 0.5428571428571428 4826
0.6214285714285714 0.5428571428571428 4826
0.6214285714285714 0.5428571428571428 4826
0.6214285714285714 0.5428571428571428 4826
0.6214285714285714 0.5428571428571428 4826
0.6214285714285714 0.5428571428571428 4826
0.6214285714285714 0.5428571428571428 4826
0.6214285714285714 0.5428571428571428 4826
0.6214285714285714 0.5428571428571428 4826
0.6214285714285714 0.5428571428571428 4826
0.6214285714285714 0.5428571428571428 4826
0.6214285714285714 0.5428571428571428 4826
0.6214285714285714 0.5428571428571428 4826
0.6214285714285714 0.5428571428571428 4826
0.6214285714285714 0.5428571428571428 4826
0.6214285714285714 0.5428571428571428 4826
0.6214285714285714 0.5428571428571428 4826
0.6214285714285714 0.5428571428571428 4826
0.6214285714285714 0.5428571428571428 4826
0.6214285714285714 0.5428571428571428 4826
0.6214285714285714 0.5428571428571428 4826
0.6214285714285714 0.5428571428571428 4826
0.6214285714285714 0.5428571428571428 4826
0.6214285714285714 0.5428571428571428 4826
0.6214285714285714 0.5428571428571428 4826
0.6214285714285714 0.5428571428571428 4826
0.6214285714285714 0.5428571428571428 4826
0.6214285714285714 0.5428571428571428 4826
0.6214285714285714 0.5428571428571428 4826
0.6214285714285714 0.5428571428571428 4826
0.6214285714285714 0.5428571428571428 4826
0.6214285714285714 0.5428571428571428 4826
0.6214285714285714 0.5428571428571428 4826
0.6214285714285714 0.5428571428571428 4826
0.6214285714285714 0.5428571428571428 4826
0.6214285714285714 0.5428571428571428 4826
0.6214285714285714 0.5428571428571428 4826
0.6214285714285714 0.5428571428571428 4826
0.6214285714285714 0.5428571428571428 4826
0.6214285714285714 0.5428571428571428 4826
0.6214285714285714 0.5428571428571428 4826
0.6214285714285714 0.5428571428571428 4826
0.6214285714285714 0.5428571428571428 4826
0.6214285714285714 0.5428571428571428 4826
0.6214285714285714 0.5428571428571428 4826
0.6214285714285714 0.5428571428571428 4826
0.6214285714285714 0.5428571428571428 4826
0.6214285714285714 0.5428571428571428 4826
0.6214285714285714 0.5428571428571428 4826
0.6214285714285714 0.5428571428571428 4826
0.6214285714285714 0.5428571428571428 4826
0.6214285714285714 0.5428571428571428 4826
0.6214285714285714 0.5428571428571428 4826
0.6214285714285714 0.5428571428571428 4826
0.6214285714285714 0.5428571428571428 4826
0.6214285714285714 0.5428571428571428 4826
0.6214285714285714 0.5428571428571428 4826
0.6214285714285714 0.5428571428571428 4826
0.6214285714285714 0.5428571428571428 4826
0.6214285714285714 0.5428571428571428 4826
0.6214285714285714 0.5428571428571428 4826
0.6214285714285714 0.5428571428571428 4826
0.6214285714285714 0.5428571428571428 4826
0.6214285714285714 0.5428571428571428 4826
0.6214285714285714 0.5428571428571428 4826
0.6214285714285714 0.5428571428571428 4826
0.6214285714285714 0.5428571428571428 4826
0.6214285714285714 0.5428571428571428 4826
0.6214285714285714 0.5428571428571428 4826
0.6214285714285714 0.5428571428571428 4826
0.6214285714285714 0.5428571428571428 4826
0.6214285714285714 0.5428571428571428 4826
0.6214285714285714 0.5428571428571428 4826
0.6214285714285714 0.5428571428571428 4826
0.6214285714285714 0.5428571428571428 4826
0.6214285714285714 0.5428571428571428 4826
0.6214285714285714 0.5428571428571428 4826
0.6214285714285714 0.5428571428571428 4826
0.6214285714285714 0.5428571428571428 4826
0.6214285714285714 0.5428571428571428 4826
0.6214285714285714 0.5428571428571428 4826
0.6214285714285714 0.5428571428571428 4826
0.6214285714285714 0.5428571428571428 4826
0.6214285714285714 0.5428571428571428 4826
0.6214285714285714 0.5428571428571428 4826
0.6214285714285714 0.5428571428571428 4826
0.6214285714285714 0.5428571428571428 4826
0.6214285714285714 0.5428571428571428 4826
0.6214285714285714 0.5428571428571428 4826
0.6214285714285714 0.5428571428571428 4826
0.6214285714285714 0.5428571428571428 4826
0.6214285714285714 0.5428571428571428 4826
0.6214285714285714 0.5428571428571428 4826
0.6214285714285714 0.5428571428571428 4826
0.6214285714285714 0.5428571428571428 4826
0.6214285714285714 0.5428571428571428 4826
0.6214285714285714 0.5428571428571428 4826
0.6214285714285714 0.5428571428571428 4826
0.6214285714285714 0.5428571428571428 4826
0.6214285714285714 0.5428571428571428 4826
0.6214285714285714 0.5428571428571428 4826
0.6214285714285714 0.5428571428571428 4826
0.6214285714285714 0.5428571428571428 4826
0.6214285714285714 0.5428571428571428 4826
0.6214285714285714 0.5428571428571428 4826
0.6214285714285714 0.5428571428571428 4826
0.6214285714285714 0.5428571428571428 4826
0.6214285714285714 0.5428571428571428 4826
0.6214285714285714 0.5428571428571428 4826
0.6214285714285714 0.5428571428571428 4826
0.6214285714285714 0.5428571428571428 4826
0.6214285714285714 0.5428571428571428 4826
0.6214285714285714 0.5428571428571428 4826
0.6214285714285714 0.5428571428571428 4826
0.6214285714285714 0.5428571428571428 4826
0.6214285714285714 0.5428571428571428 4826
0.6214285714285714 0.5428571428571428 4826
0.6214285714285714 0.5428571428571428 4826
0.6214285714285714 0.5428571428571428 4826
0.6214285714285714 0.5428571428571428 4826
0.6214285714285714 0.5428571428571428 4826
0.6214285714285714 0.5428571428571428 4826
0.6214285714285714 0.5428571428571428 4826
0.6214285714285714 0.5428571428571428 4826
0.6214285714285714 0.5428571428571428 4826
0.6214285714285714 0.5428571428571428 4826
0.6214285714285714 0.5428571428571428 4826
0.6214285714285714 0.5428571428571428 4826
0.6214285714285714 0.5428571428571428 4826
0.6214285714285714 0.5428571428571428 4826
0.6214285714285714 0.5428571428571428 4826
0.6214285714285714 0.5428571428571428 4826
0.6214285714285714 0.5428571428571428 4826
0.6214285714285714 0.5428571428571428 4826
0.6214285714285714 0.5428571428571428 4826
0.6214285714285714 0.5428571428571428 4826
0.6214285714285714 0.5428571428571428 4826
0.6214285714285714 0.5428571428571428 4826
0.6214285714285714 0.5428571428571428 4826
0.6214285714285714 0.5428571428571428 4826
0.6214285714285714 0.5428571428571428 4826
0.6214285714285714 0.5428571428571428 4826
0.6214285714285714 0.5428571428571428 4826
0.6214285714285714 0.5428571428571428 4826
0.6214285714285714 0.5428571428571428 4826
0.6214285714285714 0.5428571428571428 4826
0.6214285714285714 0.5428571428571428 4826
0.6214285714285714 0.5428571428571428 4826
0.6214285714285714 0.5428571428571428 4826
0.6214285714285714 0.5428571428571428 4826
0.6214285714285714 0.5428571428571428 4826
0.6214285714285714 0.5428571428571428 4826
0.6214285714285714 0.5428571428571428 4826
0.6214285714285714 0.5428571428571428 4826
0.6214285714285714 0.5428571428571428 4826
0.6214285714285714 0.5428571428571428 4826
0.6214285714285714 0.5428571428571428 4826
0.6214285714285714 0.5428571428571428 4826
0.6214285714285714 0.5428571428571428 4826
0.6214285714285714 0.5428571428571428 4826
0.6214285714285714 0.5428571428571428 4826
0.6214285714285714 0.5428571428571428 4826
0.6214285714285714 0.5428571428571428 4826
0.6214285714285714 0.5428571428571428 4826
0.6214285714285714 0.5428571428571428 4826
0.6214285714285714 0.5428571428571428 4826
0.6214285714285714 0.5428571428571428 4826
0.6214285714285714 0.5428571428571428 4826
0.6214285714285714 0.5428571428571428 4826
0.6214285714285714 0.5428571428571428 4826
0.6214285714285714 0.5428571428571428 4826
0.6214285714285714 0.5428571428571428 4826
0.6214285714285714 0.5428571428571428 4826
0.6214285714285714 0.5428571428571428 4826
0.6214285714285714 0.5428571428571428 4826
0.6214285714285714 0.5428571428571428 4826
0.6214285714285714 0.5428571428571428 4826
0.6214285714285714 0.5428571428571428 4826
0.6214285714285714 0.5428571428571428 4826
0.6214285714285714 0.5428571428571428 4826
0.6214285714285714 0.5428571428571428 4826
0.6214285714285714 0.5428571428571428 4826
0.6214285714285714 0.5428571428571428 4826
0.6214285714285714 0.5428571428571428 4826
0.6214285714285714 0.5428571428571428 4826
0.6214285714285714 0.5428571428571428 4826
0.6214285714285714 0.5428571428571428 4826
0.6214285714285714 0.5428571428571428 4826
0.6214285714285714 0.5428571428571428 4826
0.6214285714285714 0.5428571428571428 4826
0.6214285714285714 0.5428571428571428 4826
0.6214285714285714 0.5428571428571428 4826
0.6214285714285714 0.5428571428571428 4826
0.6214285714285714 0.5428571428571428 4826
0.6214285714285714 0.5428571428571428 4826
0.6214285714285714 0.5428571428571428 4826
0.6214285714285714 0.5428571428571428 4826
0.6214285714285714 0.5428571428571428 4826
0.6214285714285714 0.5428571428571428 4826
0.6214285714285714 0.5428571428571428 4826
0.6214285714285714 0.5428571428571428 4826
0.6214285714285714 0.5428571428571428 4826
0.6214285714285714 0.5428571428571428 4826
0.6214285714285714 0.5428571428571428 4826
0.6214285714285714 0.5428571428571428 4826
0.6214285714285714 0.5428571428571428 4826
0.6214285714285714 0.5428571428571428 4826
0.6214285714285714 0.5428571428571428 4826
0.6214285714285714 0.5428571428571428 4826
0.6214285714285714 0.5428571428571428 4826
0.6214285714285714 0.5428571428571428 4826
0.6214285714285714 0.5428571428571428 4826
0.6214285714285714 0.5428571428571428 4826
0.6214285714285714 0.5428571428571428 4826
0.6214285714285714 0.5428571428571428 4826
0.6214285714285714 0.5428571428571428 4826
0.6214285714285714 0.5428571428571428 4826
0.6214285714285714 0.5428571428571428 4826
0.6214285714285714 0.5428571428571428 4826
0.6214285714285714 0.5428571428571428 4826
0.6214285714285714 0.5428571428571428 4826
0.6214285714285714 0.5428571428571428 4826
0.6214285714285714 0.5428571428571428 4826
0.6214285714285714 0.5428571428571428 4826
0.6214285714285714 0.5428571428571428 4826
0.6214285714285714 0.5428571428571428 4826
0.6214285714285714 0.5428571428571428 4826
0.6214285714285714 0.5428571428571428 4826
0.6214285714285714 0.5428571428571428 4826
0.6214285714285714 0.5428571428571428 4826
0.6214285714285714 0.5428571428571428 4826
0.6214285714285714 0.5428571428571428 4826
0.6214285714285714 0.5428571428571428 4826
0.6214285714285714 0.5428571428571428 4826
0.6214285714285714 0.5428571428571428 4826
0.6214285714285714 0.5428571428571428 4826
0.6214285714285714 0.5428571428571428 4826
0.6214285714285714 0.5428571428571428 4826
0.6214285714285714 0.5428571428571428 4826
0.6214285714285714 0.5428571428571428 4826
0.6214285714285714 0.5428571428571428 4826
0.6214285714285714 0.5428571428571428 4826
0.6214285714285714 0.5428571428571428 4826
0.6214285714285714 0.5428571428571428 4826
0.6214285714285714 0.5428571428571428 4826
0.6214285714285714 0.5428571428571428 4826
0.6214285714285714 0.5428571428571428 4826
0.6214285714285714 0.5428571428571428 4826
0.6214285714285714 0.5428571428571428 4826
0.6214285714285714 0.5428571428571428 4826
0.6214285714285714 0.5428571428571428 4826
0.6214285714285714 0.5428571428571428 4826
0.6214285714285714 0.5428571428571428 4826
0.6214285714285714 0.5428571428571428 4826
0.6214285714285714 0.5428571428571428 4826
0.6214285714285714 0.5428571428571428 4826
0.6214285714285714 0.5428571428571428 4826
0.6214285714285714 0.5428571428571428 4826
0.6214285714285714 0.5428571428571428 4826
0.6214285714285714 0.5428571428571428 4826
0.6214285714285714 0.5428571428571428 4826
0.6214285714285714 0.5428571428571428 4826
0.6214285714285714 0.5428571428571428 4826
0.6214285714285714 0.5428571428571428 4826
0.6214285714285714 0.5428571428571428 4826
0.6214285714285714 0.5428571428571428 4826
0.6214285714285714 0.5428571428571428 4826
0.6214285714285714 0.5428571428571428 4826
0.6214285714285714 0.5428571428571428 4826
0.6214285714285714 0.5428571428571428 4826
0.6214285714285714 0.5428571428571428 4826
0.6214285714285714 0.5428571428571428 4826
0.6214285714285714 0.5428571428571428 4826
0.6214285714285714 0.5428571428571428 4826
0.6214285714285714 0.5428571428571428 4826
0.6214285714285714 0.5428571428571428 4826
0.6214285714285714 0.5571428571428572 4826
0.6214285714285714 0.5571428571428572 4826
0.6214285714285714 0.5571428571428572 4826
0.6214285714285714 0.5571428571428572 4826
0.6214285714285714 0.5571428571428572 4826
0.6214285714285714 0.5571428571428572 4826
0.6214285714285714 0.5571428571428572 4826
0.6214285714285714 0.5571428571428572 4826
0.6214285714285714 0.5642857142857143 4826
0.6214285714285714 0.5714285714285714 4826
0.6214285714285714 0.5714285714285714 4826
